-237521.0
-259240.0
-211069.0
-301414.0
-343375.0
-351157.0
-234353.0
-384450.0
-301062.0
-412793.0
-514910.0
-298956.0
-384265.0
-382137.0
-350562.0
-261854.0
-297848.0
-299438.0
-266363.0
-205413.0
-274972.0
-321159.0
-400058.0
-337828.0
-320876.0
-377381.0
-249268.0
-367431.0
-457826.0
-642193.0
-237683.0
-377126.0
-230135.0
-426301.0
-307960.0
-151991.0
-409446.0
-163737.0
-300138.0
-221651.0
-277179.0
-473215.0
-258106.0
-237040.0
-479207.0
-407939.0
-383616.0
-260632.0
-275085.0
-329418.0
-279003.0
-491017.0
-560909.0
-545484.0
-319666.0
-782514.0
-363594.0
-339126.0
-481587.0
-532036.0
-359933.0
-411983.0
-307422.0
-214937.0
-607020.0
-411930.0
-1211329.0
-511628.0
-1871146.0
-804946.0
-752964.0
-310453.0
-864292.0
-1020817.0
-835280.0
-546755.0
-931280.0
-1738627.0
-530448.0
-1463377.0
-1555563.0
-513437.0
-753082.0
-1008731.0
-694600.0
-570517.0
-2698584.0
-1583578.0
-826681.0
-1783856.0
-1142005.0
-653548.0
-758907.0
-1541736.0
-1340960.0
-2344164.0
-2241596.0
-2239084.0
-2577597.0
-1325174.0
