232211
256464
203800
298196
332628
343344
229946
371446
292671
405992
504753
294045
380775
369829
338472
251868
299170
297485
260162
201030
269880
313927
408606
333208
316765
364449
239125
362200
440350
604648
232275
368940
219873
417255
305738
151956
396898
157868
290618
227411
265481
471465
252180
233751
469160
401715
371098
251565
267768
320571
272805
478637
538213
542220
322435
749021
358594
326645
468950
509824
353067
402199
303850
208285
580403
402664
1138258
494824
1751860
764131
738156
304129
821643
966296
799014
521896
890714
1635865
510085
1374496
1479934
491494
722733
955293
678793
559512
2590390
1531290
789889
1685434
1095787
641712
721314
1456266
1295109
2206919
2109438
2098461
2422561
1262874
