43.002037037037034
47.49333333333333
37.74074074074074
55.22148148148148
61.59777777777778
63.58222222222222
42.58259259259259
68.7862962962963
54.19833333333333
75.1837037037037
93.47277777777778
54.452777777777776
70.51388888888889
68.48685185185185
62.68
46.64222222222222
55.40185185185185
55.089814814814815
48.178148148148146
37.227777777777774
49.977777777777774
58.13462962962963
75.66777777777777
61.70518518518519
58.660185185185185
67.49055555555556
44.282407407407405
67.07407407407408
81.54629629629629
111.97185185185185
43.013888888888886
68.32222222222222
40.71722222222222
77.26944444444445
56.61814814814815
28.14
73.49962962962962
29.234814814814815
53.81814814814815
42.11314814814815
49.163148148148146
87.30833333333334
46.7
43.28722222222222
86.88148148148149
74.39166666666667
68.72185185185185
46.58611111111111
49.586666666666666
59.365
50.519444444444446
88.63648148148148
99.66907407407408
100.41111111111111
59.71018518518518
138.7075925925926
66.40629629629629
60.489814814814814
86.8425925925926
94.41185185185185
65.38277777777778
74.48129629629629
56.26851851851852
38.571296296296296
107.48203703703703
74.5674074074074
210.78851851851852
91.63407407407408
324.4185185185185
141.50574074074075
136.69555555555556
56.32018518518519
152.1561111111111
178.9437037037037
147.96555555555557
96.64740740740741
164.94703703703703
302.93796296296296
94.46018518518518
254.53629629629629
274.0618518518518
91.0174074074074
133.83944444444444
176.9061111111111
125.7024074074074
103.61333333333333
479.70185185185187
283.5722222222222
146.27574074074073
312.1174074074074
202.9235185185185
118.83555555555556
133.57666666666665
269.6788888888889
239.835
408.6887037037037
390.63666666666666
388.6038888888889
448.6224074074074
233.86555555555555
