6.672962962962963
9.159444444444444
7.63462962962963
7.614074074074074
7.935555555555555
6.713703703703704
8.541296296296297
8.714629629629629
9.001111111111111
7.113518518518519
6.413703703703704
8.591111111111111
7.3842592592592595
5.594074074074074
9.504259259259259
7.525185185185185
7.370185185185186
7.084074074074074
6.056481481481481
9.026851851851852
7.863333333333333
8.01574074074074
6.739074074074074
7.209444444444444
8.213333333333333
8.519444444444444
6.875
8.455925925925927
13.296296296296296
5.627962962962963
7.866851851851852
5.484814814814815
6.73
10.787037037037036
5.947962962962963
7.552037037037037
6.25537037037037
7.105
12.319814814814816
7.45574074074074
6.207222222222223
6.259074074074074
6.361111111111111
5.989814814814815
11.47
7.698703703703703
7.463888888888889
10.518518518518519
7.8042592592592595
7.033148148148148
6.816851851851852
7.591296296296297
7.970740740740741
6.163518518518519
6.489814814814815
7.317592592592592
7.822962962962963
12.425740740740741
8.137222222222222
7.887407407407407
9.231296296296296
8.326296296296297
9.75
7.04962962962963
7.010555555555555
11.07
6.184814814814815
5.903333333333333
12.757222222222222
8.448148148148148
7.04074074074074
7.863703703703703
6.351851851851852
11.623333333333333
11.176481481481481
10.233888888888888
12.154444444444444
12.941666666666666
16.329814814814814
9.356851851851852
11.052407407407408
6.235925925925926
5.7
7.112962962962963
6.392962962962963
6.607222222222222
6.596851851851852
9.10074074074074
9.771666666666667
9.757222222222222
7.593333333333334
6.629074074074074
10.616851851851852
8.17074074074074
10.79
9.232222222222223
7.558888888888889
9.472037037037037
8.754259259259259
6.408518518518519
8.684074074074074
11.696111111111112
10.72462962962963
10.229074074074074
10.490185185185185
11.642037037037037
10.516111111111112
9.512037037037038
6.955
8.906296296296297
9.397777777777778
6.847037037037037
16.29314814814815
9.929074074074075
11.004074074074074
8.625370370370371
7.407407407407407
8.531851851851853
6.4131481481481485
14.018333333333333
10.123703703703704
9.005555555555556
10.78962962962963
9.059444444444445
11.886851851851851
6.199259259259259
6.5274074074074075
8.107222222222223
7.6177777777777775
8.826666666666666
7.3533333333333335
8.963148148148148
7.821666666666666
10.614444444444445
7.967777777777778
13.237222222222222
15.018148148148148
14.426481481481481
15.918333333333333
16.064814814814813
11.80037037037037
11.41388888888889
6.819629629629629
7.952407407407407
6.834444444444444
7.732222222222222
12.106851851851852
10.440185185185186
8.06462962962963
7.716111111111111
13.155185185185186
15.796111111111111
8.838333333333333
6.861111111111111
7.16925925925926
16.324074074074073
17.86574074074074
8.092777777777778
11.375185185185185
9.570925925925925
6.656666666666666
6.585
8.307037037037038
16.194444444444443
12.121666666666666
14.186851851851852
7.368703703703703
11.198518518518519
7.922407407407407
9.657037037037037
11.613888888888889
8.042592592592593
8.583703703703703
8.025
13.609444444444444
15.87037037037037
10.608888888888888
8.665555555555555
13.070925925925925
18.347592592592594
11.688703703703704
11.712222222222222
15.031666666666666
12.612592592592593
12.753333333333334
10.01074074074074
12.349444444444444
14.521666666666667
13.265
22.40740740740741
25.641296296296296
13.862962962962962
9.240555555555556
22.750185185185185
8.005185185185185
14.312222222222223
7.37
16.203333333333333
12.371851851851853
7.672962962962963
24.135185185185186
12.404814814814815
8.329074074074073
11.528703703703703
27.414444444444445
14.426296296296297
14.123333333333333
12.548703703703703
18.041481481481483
15.688518518518519
25.61277777777778
12.389074074074074
14.482037037037037
14.298148148148147
9.662407407407407
9.412407407407407
12.272407407407407
12.603703703703705
16.97537037037037
14.553333333333333
23.477962962962962
19.209444444444443
19.131851851851852
9.819814814814816
13.579814814814815
13.545
18.793333333333333
24.630370370370372
32.92611111111111
13.383703703703704
25.258703703703702
8.327777777777778
12.205185185185185
22.840740740740742
14.380555555555556
10.773518518518518
14.107592592592592
12.033518518518518
14.299444444444445
26.53796296296296
29.170925925925925
13.427222222222222
23.24537037037037
15.053888888888888
12.54962962962963
13.537407407407407
19.880555555555556
9.673518518518518
27.23611111111111
13.466666666666667
18.644259259259258
51.31759259259259
21.622962962962962
15.953148148148149
12.829074074074073
17.59037037037037
32.681111111111115
20.32925925925926
7.795925925925926
18.203703703703702
10.617962962962963
13.225555555555555
25.080185185185186
28.549444444444443
27.82925925925926
19.803148148148146
25.990925925925925
17.459444444444443
18.203703703703702
21.96388888888889
25.215740740740742
38.014074074074074
29.483333333333334
8.49148148148148
31.10185185185185
31.788333333333334
32.53259259259259
46.440925925925924
8.180925925925926
11.516296296296296
18.58074074074074
25.912222222222223
52.745370370370374
28.32648148148148
44.9912962962963
42.229814814814816
16.726481481481482
12.979814814814814
29.28462962962963
45.032222222222224
29.577037037037037
30.496296296296297
22.097592592592594
17.46351851851852
23.215555555555557
40.90925925925926
58.403703703703705
25.041481481481483
29.526851851851852
27.1
24.89185185185185
12.671666666666667
25.377962962962965
50.755
38.62277777777778
12.104259259259258
58.64037037037037
27.61425925925926
49.91203703703704
25.644074074074073
45.80129629629629
39.33314814814815
16.173148148148147
19.615925925925925
20.808888888888887
16.32037037037037
18.235185185185184
19.535
55.30574074074074
41.971666666666664
31.201666666666668
58.47277777777778
67.20296296296296
36.2962962962963
28.476296296296297
30.999259259259258
31.67425925925926
36.57314814814815
31.409814814814816
27.107777777777777
28.388333333333332
41.39685185185185
77.51555555555555
56.675185185185185
30.89574074074074
52.01425925925926
33.156851851851854
47.45981481481481
76.75074074074074
28.91351851851852
20.998148148148147
25.934074074074076
47.75907407407407
46.388703703703705
78.85574074074074
25.852037037037036
12.647222222222222
63.87777777777778
40.895185185185184
28.980925925925927
70.88111111111111
11.594074074074074
19.70111111111111
30.68574074074074
30.155
34.78018518518518
28.87185185185185
23.589814814814815
43.941296296296294
49.93944444444445
31.691481481481482
53.32592592592592
75.64518518518518
59.54
51.5337037037037
37.80129629629629
35.93240740740741
41.8112962962963
56.8687037037037
56.09814814814815
103.62148148148148
46.67722222222222
42.547777777777775
42.26259259259259
27.057962962962964
42.43925925925926
68.09388888888888
61.8112962962963
128.36870370370372
47.934074074074076
32.63
73.68166666666667
21.214074074074073
62.39462962962963
67.56407407407407
46.07037037037037
64.32777777777778
81.68574074074074
54.8437037037037
78.2625925925926
81.12592592592593
43.42462962962963
68.3862962962963
49.79388888888889
44.330925925925925
120.05203703703704
32.22759259259259
95.44166666666666
75.30148148148149
110.66333333333333
63.56166666666667
164.54074074074074
83.215
125.37981481481482
100.5838888888889
98.77185185185185
98.11888888888889
48.528333333333336
80.56685185185185
75.32018518518518
180.96481481481482
94.95851851851852
38.708888888888886
56.03777777777778
88.83925925925926
88.2087037037037
158.3738888888889
172.30462962962963
43.445
101.89074074074074
91.30888888888889
140.40314814814815
60.34037037037037
85.92407407407407
70.71962962962964
89.84703703703704
122.60074074074075
92.00685185185185
111.63055555555556
167.80425925925925
228.99481481481482
114.00703703703704
152.7101851851852
227.23314814814816
177.96092592592592
180.94685185185185
224.7111111111111
186.81574074074075
82.33462962962963
108.05685185185185
120.32814814814814
164.16611111111112
144.16685185185185
202.09685185185185
126.7437037037037
95.72481481481482
121.84148148148148
188.19222222222223
148.7201851851852
244.94055555555556
167.02703703703705
146.6714814814815
144.87203703703705
155.52814814814815
236.8161111111111
150.2701851851852
150.04537037037036
46.861296296296295
33.95351851851852
121.75759259259259
150.79814814814816
113.46240740740741
163.48981481481482
118.0112962962963
128.31240740740742
148.14851851851853
156.9061111111111
176.5638888888889
163.33833333333334
35.34425925925926
162.6385185185185
181.93851851851852
191.4922222222222
210.40722222222223
173.0637037037037
82.28611111111111
50.400555555555556
35.66648148148148
55.99888888888889
50.39574074074074
198.2161111111111
35.05925925925926
183.2525925925926
368.21537037037035
214.70333333333335
219.81277777777777
236.96777777777777
262.86796296296296
211.82333333333332
224.3585185185185
247.14203703703703
207.48703703703703
236.68907407407409
236.12296296296296
246.1688888888889
84.44981481481481
227.6237037037037
228.97296296296295
399.63444444444445
245.8672222222222
