36034
49461
41227
41116
42852
36254
46123
47059
48606
38413
34634
46392
39875
30208
51323
40636
39799
38254
32705
48745
42462
43285
36391
38931
44352
46005
37125
45662
71800
30391
42481
29618
36342
58250
32119
40781
33779
38367
66527
40261
33519
33799
34350
32345
61938
41573
40305
56800
42143
37979
36811
40993
43042
33283
35045
39515
42244
67099
43941
42592
49849
44962
52650
38068
37857
59778
33398
31878
68889
45620
38020
42464
34300
62766
60353
55263
65634
69885
88181
50527
59683
33674
30780
38410
34522
35679
35623
49144
52767
52689
41004
35797
57331
44122
58266
49854
40818
51149
47273
34606
46894
63159
57913
55237
56647
62867
56787
51365
37557
48094
50748
36974
87983
53617
59422
46577
40000
46072
34631
75699
54668
48630
58264
48921
64189
33476
35248
43779
41136
47664
39708
48401
42237
57318
43026
71481
81098
77903
85959
86750
63722
61635
36826
42943
36906
41754
65377
56377
43549
41667
71038
85299
47727
37050
38714
88150
96475
43701
61426
51683
35946
35559
44858
87450
65457
76609
39791
60472
42781
52148
62715
43430
46352
43335
73491
85700
57288
46794
70583
99077
63119
63246
81171
68108
68868
54058
66687
78417
71631
121000
138463
74860
49899
122851
43228
77286
39798
87498
66808
41434
130330
66986
44977
62255
148038
77902
76266
67763
97424
84718
138309
66901
78203
77210
52177
50827
66271
68060
91667
78588
126781
103731
103312
53027
73331
73143
101484
133004
177801
72272
136397
44970
65908
123340
77655
58177
76181
64981
77217
143305
157523
72507
125525
81291
67768
73102
107355
52237
147075
72720
100679
277115
116764
86147
69277
94988
176478
109778
42098
98300
57337
71418
135433
154167
150278
106937
140351
94281
98300
118605
136165
205276
159210
45854
167950
171657
175676
250781
44177
62188
100336
139926
284825
152963
242953
228041
90323
70091
158137
243174
159716
164680
119327
94303
125364
220910
315380
135224
159445
146340
134416
68427
137041
274077
208563
65363
316658
149117
269525
138478
247327
212399
87335
105926
112368
88130
98470
105489
298651
226647
168489
315753
362896
196000
153772
167396
171041
197495
169613
146382
153297
223543
418584
306046
166837
280877
179047
256283
414454
156133
113390
140044
257899
250499
425821
139601
68295
344940
220834
156497
382758
62608
106386
165703
162837
187813
155908
127385
237283
269673
171134
287960
408484
321516
278282
204127
194035
225781
307091
302930
559556
252057
229758
228218
146113
229172
367707
333781
693191
258844
176202
397881
114556
336931
364846
248780
347370
441103
296156
422618
438080
234493
369286
268887
239387
648281
174029
515385
406628
597582
343233
888520
449361
677051
543153
533368
529842
262053
435061
406729
977210
512776
209028
302604
479732
476327
855219
930445
234603
550210
493068
758177
325838
463990
381886
485174
662044
496837
602805
906143
1236572
615638
824635
1227059
960989
977113
1213440
1008805
444607
583507
649772
886497
778501
1091323
684416
516914
657944
1016238
803089
1322679
901946
792026
782309
839852
1278807
811459
810245
253051
183349
657491
814310
612697
882845
637261
692887
800002
847293
953445
882027
190859
878248
982468
1034058
1136199
934544
444345
272163
192599
302394
272137
1070367
189320
989564
1988363
1159398
1186989
1279626
1419487
1143846
1211536
1334567
1120430
1278121
1275064
1329312
456029
1229168
1236454
2158026
1327683
