-93126.0
-130709.0
-109897.0
-99925.0
-128789.0
-166190.0
-184817.0
-88209.0
-103209.0
-145820.0
-86839.0
-138026.0
-217300.0
-119664.0
-168796.0
-198549.0
-156955.0
-161234.0
-100967.0
-331227.0
-131910.0
-314722.0
-126431.0
-131742.0
-122876.0
-137057.0
-145783.0
-126338.0
-152236.0
-114960.0
-135698.0
-152957.0
-148232.0
-101267.0
-120284.0
-137696.0
-91677.0
-107439.0
-115410.0
-110714.0
-114735.0
-101463.0
-114148.0
-154371.0
-88905.0
-108536.0
-83540.0
-171917.0
-122993.0
-130090.0
-152902.0
-121542.0
-133814.0
-158270.0
-132049.0
-131273.0
-127599.0
-108357.0
-103906.0
-102928.0
-136691.0
-81279.0
-129102.0
-133526.0
-135244.0
-195198.0
-102038.0
-98292.0
-74668.0
-127990.0
-117711.0
-127313.0
-117841.0
-114981.0
-127016.0
-126300.0
-118424.0
-103922.0
-90365.0
-104859.0
-110430.0
-148399.0
-135583.0
-124207.0
-92933.0
-124283.0
-142921.0
-107115.0
-101338.0
-101166.0
-101030.0
-107986.0
-121346.0
-95394.0
-80584.0
-117599.0
-93620.0
-90014.0
-102310.0
-87262.0
-113978.0
-85855.0
-106379.0
-88463.0
-73553.0
-136945.0
-114581.0
-106371.0
-68002.0
-85879.0
-83519.0
-110650.0
-95468.0
-67836.0
-94067.0
-92031.0
-110754.0
-74840.0
-89431.0
-110782.0
-94021.0
-86739.0
-130464.0
-140545.0
-77271.0
-153041.0
-107375.0
-86106.0
-92024.0
-110185.0
-125483.0
-118258.0
-117491.0
-89938.0
-96297.0
-99054.0
-99222.0
-97956.0
-77341.0
-76021.0
-111378.0
-109686.0
-85410.0
-96214.0
-110902.0
-108014.0
-85156.0
-110966.0
-108446.0
-93778.0
-127142.0
-87025.0
-122631.0
-93083.0
-77106.0
-95372.0
-110495.0
-127248.0
-90229.0
-106795.0
-94589.0
-75053.0
-75556.0
-71212.0
-148961.0
-109852.0
-79357.0
-105887.0
-83950.0
-101302.0
-81867.0
-121202.0
-137750.0
-108257.0
-107922.0
-103393.0
-87416.0
-78050.0
-71521.0
-100554.0
-123884.0
-89386.0
-97968.0
-85242.0
-74707.0
-103629.0
-120188.0
-61242.0
-61182.0
-94141.0
-89924.0
-101894.0
-87912.0
-84435.0
-113490.0
-63058.0
-73625.0
-84195.0
-76080.0
-101019.0
-92039.0
-82740.0
-88450.0
-72895.0
-97662.0
-108682.0
-102452.0
-94814.0
-112182.0
-88583.0
-82212.0
-62817.0
-80576.0
-119354.0
-59183.0
-73877.0
-89279.0
-88828.0
-77542.0
-88675.0
-104402.0
-109371.0
-168373.0
-127510.0
-92096.0
-79194.0
-88241.0
-88979.0
-69510.0
-77712.0
-79962.0
-86190.0
-66538.0
-77907.0
-76759.0
-85790.0
-67797.0
-78543.0
-70262.0
-81164.0
-96587.0
-74526.0
-100499.0
-72612.0
-69050.0
-78607.0
-93800.0
-94484.0
-67896.0
-72612.0
-96782.0
-97206.0
-118580.0
-97270.0
-105484.0
-104400.0
-85578.0
-101339.0
-70673.0
-75509.0
-60799.0
-113326.0
-89238.0
-97135.0
-98341.0
-98357.0
-66757.0
-76591.0
-69501.0
-77632.0
-77803.0
-75796.0
-98199.0
-76015.0
-72435.0
-66940.0
-106206.0
-91644.0
-59135.0
-65420.0
-76764.0
-64700.0
-77348.0
-78786.0
-79655.0
-98402.0
-79352.0
-177728.0
-85577.0
-64881.0
-93736.0
-74800.0
-75340.0
-78063.0
-79874.0
-97418.0
-86033.0
-59260.0
-90109.0
-85803.0
-64725.0
-94681.0
-82053.0
-60812.0
-63934.0
-66801.0
-83143.0
-60745.0
-73689.0
-66105.0
-68903.0
-78890.0
-66841.0
-68534.0
-81977.0
-65025.0
-75739.0
-75337.0
-114482.0
-80481.0
-148256.0
-179005.0
-91395.0
-66851.0
-81046.0
-86318.0
-69683.0
-59558.0
-66137.0
-70372.0
-61026.0
-65463.0
-82630.0
-70632.0
-77295.0
-65593.0
-74566.0
-90067.0
-67029.0
-66303.0
-92876.0
-70768.0
-58364.0
-70522.0
-99802.0
-92847.0
-81680.0
-81224.0
-77337.0
-135899.0
-84905.0
-102843.0
-87504.0
-66732.0
-61667.0
-65212.0
-96880.0
-76286.0
-119903.0
-72587.0
-83217.0
-75560.0
-65299.0
-119236.0
-68390.0
-66785.0
-66404.0
-78344.0
-62699.0
-73765.0
-76325.0
-62923.0
-74478.0
-70722.0
-83902.0
-74065.0
-50037.0
-50594.0
-59818.0
-57871.0
-66176.0
-65940.0
-76607.0
-66654.0
-52958.0
-60936.0
-56318.0
-64734.0
-60206.0
-64140.0
-60019.0
-56986.0
-52971.0
-63548.0
-73110.0
-63579.0
-73030.0
-74651.0
-56005.0
-57129.0
-53393.0
-58225.0
-86633.0
-57245.0
-58146.0
-50835.0
-57611.0
-66509.0
-58058.0
-79108.0
-64592.0
-67327.0
-59421.0
-52786.0
-61105.0
-66815.0
-54762.0
-60436.0
-53090.0
-59589.0
-57289.0
-60310.0
-59308.0
-54348.0
-47837.0
-70286.0
-68564.0
-59547.0
-49736.0
-58783.0
-72808.0
-56658.0
-72328.0
-62283.0
-88788.0
-54125.0
-61963.0
-62743.0
-75599.0
-57213.0
-65265.0
-81333.0
-73214.0
-62622.0
-66091.0
-55619.0
-60232.0
-61867.0
-46389.0
-53087.0
-61818.0
-62517.0
-68141.0
-52081.0
-59848.0
-67022.0
-64038.0
-64415.0
-62185.0
-53592.0
-56657.0
-65666.0
-58676.0
-55461.0
-58194.0
-47523.0
-57291.0
-54028.0
-50578.0
-64944.0
-46918.0
-62619.0
-52288.0
-55598.0
-47118.0
-67749.0
-47102.0
-50681.0
-58062.0
-85240.0
-66020.0
-57825.0
-66069.0
-68181.0
-55392.0
-41522.0
-69193.0
-55029.0
-67507.0
-66592.0
-62419.0
-54565.0
-52103.0
-55477.0
-64595.0
-62508.0
-66146.0
-63889.0
-67563.0
-50341.0
-58460.0
-61919.0
-62480.0
-63756.0
-53521.0
-47339.0
-47975.0
-54659.0
-60819.0
-60564.0
-52174.0
-59576.0
-43555.0
-60239.0
-63819.0
-63366.0
-56675.0
-51007.0
-62688.0
-40093.0
-56570.0
-57788.0
-66380.0
-65194.0
-62611.0
-62487.0
-65226.0
-56265.0
-71546.0
-71758.0
-66059.0
-65470.0
-70815.0
-76252.0
-55960.0
-74213.0
-56020.0
-52890.0
-52250.0
-75543.0
-58423.0
-63598.0
-73993.0
-46040.0
-41288.0
-52751.0
-53932.0
-43864.0
-64916.0
-62299.0
-76367.0
-47481.0
-58665.0
-63366.0
-59836.0
-54139.0
-65783.0
-67141.0
-60738.0
-58111.0
-62728.0
-47950.0
-61715.0
-62433.0
-63337.0
-55522.0
-50827.0
-76574.0
-68266.0
-72853.0
-67374.0
-50149.0
-46688.0
-52183.0
-51344.0
-62462.0
-67033.0
-101598.0
-67740.0
-67245.0
-67781.0
-72367.0
-77594.0
-58699.0
-58176.0
-76001.0
-71276.0
-59018.0
-61415.0
-75269.0
-62928.0
-80764.0
-49121.0
-55737.0
-52876.0
-57644.0
-57081.0
-53927.0
-45809.0
-75820.0
-38058.0
-46192.0
-64834.0
-73586.0
-61099.0
-53040.0
-60835.0
-45951.0
-58360.0
-43419.0
-68410.0
-41538.0
-53002.0
-59304.0
-59097.0
-52129.0
-52245.0
-49512.0
-49419.0
-60600.0
-41081.0
-45784.0
-55933.0
-57119.0
-57564.0
-64036.0
-55710.0
-50519.0
-91813.0
-48032.0
-60450.0
-56539.0
-60434.0
-50886.0
-77902.0
-73446.0
-54053.0
-56036.0
-69077.0
-50189.0
-48783.0
-51278.0
-49800.0
-90381.0
-58541.0
-43734.0
-58907.0
-70069.0
-63404.0
-52086.0
-60081.0
-44109.0
-55761.0
-60799.0
-45765.0
-66360.0
-67787.0
-44619.0
-64159.0
-50154.0
-68570.0
-47435.0
-53693.0
-46424.0
-62922.0
-50853.0
-52354.0
-45601.0
-49975.0
-62321.0
-61884.0
-59070.0
-46906.0
-55257.0
-58529.0
-74082.0
-47948.0
-49623.0
-59699.0
-40729.0
-42706.0
-48985.0
-41614.0
-51052.0
-49927.0
-49169.0
-55277.0
-62206.0
-46913.0
-54557.0
-48988.0
-45787.0
-54175.0
-48864.0
-49198.0
-58648.0
-46202.0
-65465.0
-50649.0
-68996.0
-51789.0
-45393.0
-61439.0
-43219.0
-46426.0
-55185.0
-41768.0
-47612.0
-56459.0
-52405.0
-47662.0
-42647.0
-36173.0
-44478.0
-37306.0
-43177.0
-47943.0
-37067.0
-43525.0
-44712.0
-36540.0
-45729.0
-59751.0
-57335.0
-51189.0
-43595.0
-51684.0
-52281.0
-56680.0
-44942.0
-52529.0
-41710.0
-46470.0
-36693.0
-46335.0
-51075.0
-36144.0
-49771.0
-49704.0
-50080.0
-42597.0
-45657.0
-68796.0
-42234.0
-49187.0
-86840.0
-87788.0
-92877.0
-45737.0
-31111.0
-80441.0
-43092.0
-42965.0
-53353.0
-44695.0
-38348.0
-36907.0
-34498.0
-37474.0
-52724.0
-44920.0
-49097.0
-39140.0
-45071.0
-42511.0
-60009.0
-42206.0
-77281.0
-47099.0
-37411.0
-35534.0
-80380.0
-33335.0
-37372.0
-38415.0
-52255.0
-64243.0
-38221.0
-56304.0
-41772.0
-49846.0
-47313.0
-45770.0
-59170.0
-39945.0
-48642.0
-59451.0
-63734.0
-44875.0
-39468.0
-57625.0
-51341.0
-84081.0
-45793.0
-54863.0
-48505.0
-41626.0
-46660.0
-43868.0
-63408.0
-38003.0
-58822.0
-58848.0
-38711.0
-100064.0
-89784.0
-57534.0
-71037.0
-46291.0
-36251.0
-40279.0
-59940.0
-43345.0
-41906.0
-48049.0
-55002.0
-47251.0
-39059.0
-36259.0
-47187.0
-57063.0
-42046.0
-53727.0
-42531.0
-35899.0
-31905.0
-34958.0
-46849.0
-39263.0
-33185.0
-41334.0
-37807.0
-42433.0
-72949.0
-52982.0
-52425.0
-59182.0
-57066.0
-43999.0
-50593.0
-33108.0
-34371.0
-42028.0
-45965.0
-37253.0
-44158.0
-41216.0
-37360.0
-38457.0
-38951.0
-39481.0
-42043.0
-38073.0
-29384.0
-34724.0
-36280.0
-37144.0
-34655.0
-30054.0
-35080.0
-39164.0
-36257.0
-44689.0
-40217.0
-46019.0
-40445.0
-46291.0
-40030.0
-38943.0
-52209.0
-53062.0
-60642.0
-37915.0
-35930.0
-46418.0
-45491.0
-58600.0
-40132.0
-40740.0
-34662.0
-39169.0
-53331.0
-32541.0
-37589.0
-33760.0
-39170.0
-39599.0
-36707.0
-39609.0
-37107.0
-32627.0
-28299.0
-29532.0
-36409.0
-32086.0
-34049.0
-36865.0
-40127.0
-48053.0
-46304.0
-55270.0
-41424.0
-37682.0
-36574.0
-41884.0
-74866.0
-81472.0
-40626.0
-42829.0
-59451.0
-55150.0
-42387.0
-49112.0
-43118.0
-58526.0
-47640.0
-42381.0
-42359.0
-39002.0
-46954.0
-56051.0
-52497.0
-41871.0
-48005.0
-41901.0
-54617.0
-48717.0
-64595.0
-62218.0
-49097.0
-45667.0
-47297.0
-36766.0
-37140.0
-40291.0
-34752.0
-54831.0
-42175.0
-34697.0
-32625.0
-38796.0
-41596.0
-51149.0
-31102.0
-35935.0
-38603.0
-34173.0
-40304.0
-42544.0
-39305.0
-34639.0
-35471.0
-44187.0
-47552.0
-37935.0
-30330.0
-31254.0
-48169.0
-34701.0
-26803.0
-28615.0
-32553.0
-33249.0
-36649.0
-39878.0
-31921.0
-29973.0
-29605.0
-28969.0
-28502.0
-38482.0
-37472.0
-31693.0
-47784.0
-38331.0
-62144.0
-36069.0
-39367.0
-31772.0
-38813.0
-33890.0
-34018.0
-36644.0
-33349.0
-29804.0
-36849.0
-30737.0
-28569.0
-40562.0
-29022.0
-29147.0
-32032.0
-35087.0
-33495.0
-36398.0
-38470.0
-32258.0
-26967.0
-24164.0
-26118.0
-29456.0
-28009.0
-32782.0
-28184.0
-31413.0
-37323.0
-29451.0
-31848.0
-35739.0
-30709.0
-30689.0
-29889.0
-29075.0
-26623.0
-32024.0
-30562.0
-28230.0
-31666.0
-36528.0
-36072.0
-33123.0
-26466.0
-27887.0
-34242.0
-29956.0
-33926.0
-38492.0
-40381.0
-24836.0
-29006.0
-35873.0
-37059.0
-36228.0
-35350.0
-29273.0
-28185.0
-39132.0
-35425.0
-36992.0
-32560.0
-30943.0
-26653.0
-30271.0
-25030.0
-22921.0
-22639.0
-24840.0
-31192.0
-30358.0
-26921.0
-29485.0
-27820.0
-29056.0
-21437.0
-26249.0
-28418.0
-28320.0
-22889.0
-23899.0
-24224.0
-29252.0
-26661.0
-27950.0
-26083.0
-25806.0
-24849.0
-28407.0
-24440.0
-25772.0
-30171.0
-28310.0
-27703.0
-26659.0
-26252.0
-26765.0
-22432.0
-31059.0
-29605.0
-26239.0
-21070.0
-29558.0
-28602.0
-24891.0
-28159.0
-29046.0
-27634.0
-30635.0
-27726.0
-25759.0
-27371.0
-29671.0
-24009.0
-25987.0
-24154.0
-24792.0
-27249.0
-28022.0
-21824.0
-28060.0
-30115.0
-25881.0
-22693.0
-21103.0
-23230.0
-22191.0
-28641.0
-27219.0
-25485.0
-26086.0
-25757.0
-25095.0
-25179.0
-27042.0
-29332.0
-24336.0
-27164.0
-23367.0
-25919.0
-25855.0
-31529.0
-27125.0
-33793.0
-30663.0
-25575.0
-24558.0
-25519.0
-25649.0
-28537.0
-33428.0
-27471.0
-30146.0
-27016.0
-24917.0
-23086.0
-27643.0
-25474.0
-31002.0
-28844.0
-33846.0
-29459.0
-27322.0
-27260.0
-25895.0
-27471.0
-25976.0
-25642.0
-32912.0
-27988.0
-31897.0
-23880.0
-30608.0
-33713.0
-23679.0
-26242.0
-29216.0
-34276.0
-32575.0
-33579.0
-28763.0
-25541.0
-27305.0
-25375.0
-24283.0
-32411.0
-23594.0
-25646.0
-21314.0
-26705.0
-26747.0
-32072.0
-24537.0
-28738.0
-29739.0
-23630.0
-25855.0
-22512.0
-27792.0
-23305.0
-27596.0
-29528.0
-26163.0
-27139.0
-26522.0
-24488.0
-24896.0
-25350.0
-21583.0
-26356.0
-21330.0
-24072.0
-27558.0
-26313.0
-24896.0
-28922.0
-21218.0
-24157.0
-24917.0
-29590.0
-26293.0
-27606.0
-29397.0
-29054.0
-23378.0
-24181.0
-20743.0
-26848.0
-21166.0
-24092.0
-22395.0
-21539.0
-22616.0
-20676.0
-25807.0
-25209.0
-24633.0
-21558.0
-23080.0
-26272.0
-22401.0
-23311.0
-20684.0
-25125.0
-20851.0
-22262.0
-20016.0
-24036.0
-22685.0
-20644.0
-23415.0
-20103.0
-19828.0
-19927.0
-16530.0
-22820.0
-22915.0
-23545.0
-17871.0
-20513.0
-20916.0
-19520.0
-23918.0
-21398.0
-21145.0
-20202.0
-21092.0
-22557.0
-21246.0
-22761.0
-18723.0
-20157.0
-22905.0
-22496.0
-22429.0
-21917.0
-23790.0
-22501.0
-22608.0
-18060.0
-21447.0
-19973.0
-24131.0
-21177.0
-20002.0
-21346.0
-24129.0
-21650.0
-29202.0
-24170.0
-21501.0
-18142.0
-20384.0
-18261.0
-19321.0
-21258.0
-19840.0
-21915.0
-19420.0
-21385.0
-17896.0
-21115.0
-19676.0
-21813.0
-25590.0
-24978.0
-21799.0
-19102.0
-21244.0
-17971.0
-24436.0
-22937.0
-19546.0
-23525.0
-20504.0
-23540.0
-22154.0
-20545.0
-21650.0
-19507.0
-19713.0
-19715.0
-20660.0
-19515.0
-20763.0
-19842.0
-21721.0
-22749.0
-25292.0
-18125.0
-21117.0
-23340.0
-21179.0
-16787.0
-17907.0
-19647.0
-23196.0
-28702.0
-21819.0
-21816.0
-18497.0
-22205.0
-22376.0
-18336.0
-20363.0
-15999.0
-17285.0
-17310.0
-24506.0
-19098.0
-21548.0
-18676.0
-19282.0
-20110.0
-16742.0
-17750.0
-20344.0
-18685.0
-21565.0
-17501.0
-21404.0
-16488.0
-20557.0
-17092.0
-21251.0
-19902.0
-18111.0
-18244.0
-22019.0
-22208.0
-19282.0
-16971.0
-18036.0
-17220.0
-16974.0
-19454.0
-18092.0
-22144.0
-17442.0
-19537.0
-19097.0
-17205.0
-16907.0
-17893.0
-17582.0
-18795.0
-21201.0
-19650.0
-20327.0
-19268.0
-15211.0
-20752.0
-21815.0
-19908.0
-19845.0
-24941.0
-21260.0
-22591.0
-18446.0
-21436.0
-21318.0
-18413.0
-17701.0
-20260.0
-22195.0
-22698.0
-18066.0
-17202.0
-18114.0
-17481.0
-21495.0
-21332.0
-84420.0
-64548.0
-21736.0
-22787.0
-31126.0
-24241.0
-32058.0
-20699.0
-22084.0
-24545.0
-23245.0
-18904.0
-23281.0
-26462.0
-22108.0
-22086.0
-22446.0
-24202.0
-21561.0
-28463.0
-23373.0
-18981.0
-20635.0
-21939.0
-16134.0
-19192.0
-17055.0
-30039.0
-23399.0
-24528.0
-18912.0
-21835.0
-24917.0
-35163.0
-34961.0
-28139.0
-25178.0
-21805.0
-17868.0
-19172.0
-17853.0
-21997.0
-19914.0
-20095.0
-24723.0
-20868.0
-19357.0
-17592.0
-19310.0
-22723.0
-21632.0
-19796.0
-19194.0
-20741.0
-25121.0
-69801.0
-46396.0
-25250.0
-22733.0
-20954.0
-18176.0
-17355.0
-15033.0
-17083.0
-23226.0
-19521.0
-21364.0
-17969.0
-20016.0
-41015.0
-19991.0
-22338.0
-21334.0
-20431.0
-19090.0
-17816.0
-18197.0
-19216.0
-16877.0
-20949.0
-21299.0
-19355.0
-29656.0
-20225.0
-23807.0
-26931.0
-18242.0
-17844.0
-22016.0
-20264.0
-19027.0
-20853.0
-24109.0
-17838.0
-18231.0
-18800.0
-20968.0
-24398.0
-17076.0
-16044.0
-18103.0
-18545.0
-20100.0
-16945.0
-16179.0
-17810.0
-19628.0
-22205.0
-22919.0
-31985.0
