26.50148148148148
35.877037037037034
29.506481481481483
27.573703703703703
33.26277777777778
41.52444444444444
41.547777777777775
26.18611111111111
28.82611111111111
37.08555555555556
25.50814814814815
31.877037037037038
44.7037037037037
31.710185185185185
42.144814814814815
44.129444444444445
39.10148148148148
37.29018518518519
27.281666666666666
70.30703703703703
35.22222222222222
66.61148148148148
33.01574074074074
33.61611111111111
33.54592592592593
33.90907407407408
37.08222222222222
32.23574074074074
35.79259259259259
32.13444444444445
34.218333333333334
36.23537037037037
38.199814814814815
29.38722222222222
31.87037037037037
35.68981481481482
27.064814814814813
28.967222222222222
30.45777777777778
29.559444444444445
31.411666666666665
26.829074074074075
31.570740740740742
36.0462962962963
25.333148148148148
28.634814814814813
25.076851851851853
40.78296296296296
33.019814814814815
33.193888888888885
34.92425925925926
33.81092592592593
33.547222222222224
40.83240740740741
30.851111111111113
32.955555555555556
34.51222222222222
29.522037037037038
29.230740740740742
28.826851851851853
34.86462962962963
23.442962962962962
32.42092592592593
33.91240740740741
32.828148148148145
46.092962962962964
28.157962962962962
27.632407407407406
22.972962962962963
33.49166666666667
30.877962962962965
36.87166666666667
31.63888888888889
31.016296296296296
34.14740740740741
31.651296296296298
32.64277777777778
28.641111111111112
25.44925925925926
30.735555555555557
29.591296296296296
37.48759259259259
34.22555555555556
31.264444444444443
26.710555555555555
33.362037037037034
35.288148148148146
29.290555555555557
28.561296296296295
28.568703703703704
27.552222222222223
31.132407407407406
32.5637037037037
28.388703703703705
23.664074074074072
30.74962962962963
27.506296296296295
26.962407407407408
28.86722222222222
27.075925925925926
30.945740740740742
26.355
30.041851851851852
25.887037037037036
23.65425925925926
36.07666666666667
31.252037037037038
28.866481481481483
21.371111111111112
25.37648148148148
24.95074074074074
29.594444444444445
27.29888888888889
22.222037037037037
27.705555555555556
25.525
30.202037037037037
21.74851851851852
25.905555555555555
31.27148148148148
27.372222222222224
26.739444444444445
32.952962962962964
36.75333333333333
24.890555555555554
38.40425925925926
30.031666666666666
25.748703703703704
26.95740740740741
31.12925925925926
34.10018518518518
30.230740740740742
31.451851851851853
27.23777777777778
28.44351851851852
28.310185185185187
28.328518518518518
27.127407407407407
24.34611111111111
22.68611111111111
32.14370370370371
30.906296296296297
24.109074074074073
28.60962962962963
29.741481481481483
30.305
23.716851851851853
29.026666666666667
29.219444444444445
27.624074074074073
32.858148148148146
26.499074074074073
34.05111111111111
25.809814814814814
23.031666666666666
25.124259259259258
28.59314814814815
32.43018518518519
25.520555555555557
28.099074074074075
25.838148148148147
23.08074074074074
22.66296296296296
22.010555555555555
38.708888888888886
31.176296296296297
24.282962962962962
27.53074074074074
23.987407407407407
28.066296296296297
23.80648148148148
31.02537037037037
35.98
30.511296296296297
29.77611111111111
27.72685185185185
26.199074074074073
23.691111111111113
22.717962962962964
27.749444444444446
32.74444444444445
25.12814814814815
27.452037037037037
24.604074074074074
23.36740740740741
27.794074074074075
31.046481481481482
19.817777777777778
20.14666666666667
27.17685185185185
26.102777777777778
28.678148148148146
26.387037037037036
23.957037037037036
31.345185185185183
20.416481481481483
23.02962962962963
24.099444444444444
22.942777777777778
26.53925925925926
26.848333333333333
24.479814814814816
25.773703703703703
23.41425925925926
26.787222222222223
31.35925925925926
27.80185185185185
26.892592592592592
29.32814814814815
26.78796296296296
23.347407407407406
18.94851851851852
23.168518518518518
32.46314814814815
20.418518518518518
22.23185185185185
25.07148148148148
24.49185185185185
23.144259259259258
25.463333333333335
29.086666666666666
28.923148148148147
38.76611111111111
29.838333333333335
26.74185185185185
22.737407407407407
25.592962962962964
26.028148148148148
21.886666666666667
24.221481481481483
22.976296296296297
24.817962962962962
21.332037037037036
23.881666666666668
23.16462962962963
24.636296296296297
21.73777777777778
24.278703703703705
21.93462962962963
23.958148148148148
26.60962962962963
22.896851851851853
27.197777777777777
23.65222222222222
21.56962962962963
23.528333333333332
25.305925925925926
27.260555555555555
20.910185185185185
22.746666666666666
27.773888888888887
26.75777777777778
32.842962962962964
27.122592592592593
29.862962962962964
29.07314814814815
24.64611111111111
27.943703703703704
21.10685185185185
22.80648148148148
19.876666666666665
30.38574074074074
26.713148148148147
26.994444444444444
24.861666666666668
25.997592592592593
20.432407407407407
22.76814814814815
21.61537037037037
23.433888888888887
23.14574074074074
22.828333333333333
26.59
23.88537037037037
20.657592592592593
21.463333333333335
29.660740740740742
28.384444444444444
19.74074074074074
20.26703703703704
22.65851851851852
20.451851851851853
24.108333333333334
24.510185185185186
24.203333333333333
28.097592592592594
24.736851851851853
39.91703703703703
24.087777777777777
21.425925925925927
26.238518518518518
23.25962962962963
22.847592592592594
23.07296296296296
24.812962962962963
28.874074074074073
27.134444444444444
20.623333333333335
26.43259259259259
24.037407407407407
20.42425925925926
27.125555555555554
23.27462962962963
18.652592592592594
20.09722222222222
21.701851851851853
24.39666666666667
19.319814814814816
22.652037037037037
21.11740740740741
21.089259259259258
23.335555555555555
19.85240740740741
20.365555555555556
24.61574074074074
21.553703703703704
23.12611111111111
22.912407407407407
31.60351851851852
24.90425925925926
35.68888888888889
41.019444444444446
26.61037037037037
21.673333333333332
24.337407407407408
24.09777777777778
21.894074074074073
19.285
19.878333333333334
20.825925925925926
19.717777777777776
20.46462962962963
24.725925925925925
23.810185185185187
23.73351851851852
20.35648148148148
23.34888888888889
25.157592592592593
20.19962962962963
21.278333333333332
25.454444444444444
22.290555555555557
18.87925925925926
22.217962962962964
27.388703703703705
26.138333333333332
23.683703703703703
23.595185185185183
23.27537037037037
34.22648148148148
24.903148148148148
27.14314814814815
25.365185185185187
20.28351851851852
20.94611111111111
21.53351851851852
26.385925925925925
23.156666666666666
33.23888888888889
22.227777777777778
23.402407407407406
22.118148148148148
20.089814814814815
30.22962962962963
21.046296296296298
21.522037037037038
20.754814814814814
25.191666666666666
20.65222222222222
22.78185185185185
22.099814814814813
20.807962962962964
22.598148148148148
22.446666666666665
25.020925925925926
22.699444444444445
17.519814814814815
17.36148148148148
19.06074074074074
19.30296296296296
21.32111111111111
20.472962962962963
21.900925925925925
20.50574074074074
18.20574074074074
19.577037037037037
18.902962962962963
20.244444444444444
19.608703703703704
20.017777777777777
20.10388888888889
18.31
18.170185185185186
21.020555555555557
22.56388888888889
19.45574074074074
21.942222222222224
23.196851851851854
18.831296296296298
20.14
18.649074074074075
18.785
24.437962962962963
18.796481481481482
19.272777777777776
17.26574074074074
19.292962962962964
20.80185185185185
18.424444444444443
23.96462962962963
20.54685185185185
21.135925925925925
19.049629629629628
18.746296296296297
20.01537037037037
21.073333333333334
18.68166666666667
20.499074074074073
19.065
20.209444444444443
19.200370370370372
20.090925925925927
19.74648148148148
18.349074074074075
16.619444444444444
21.562407407407406
20.941111111111113
20.40462962962963
16.97388888888889
19.679444444444446
22.914444444444445
19.405555555555555
22.809444444444445
20.32111111111111
25.892222222222223
17.377962962962965
20.573333333333334
20.30611111111111
23.715185185185184
20.078518518518518
21.38888888888889
23.933703703703703
22.108703703703704
20.611851851851853
20.72222222222222
18.778703703703705
19.236851851851853
19.000185185185185
16.264074074074074
18.20277777777778
20.775925925925925
20.516296296296296
22.226296296296297
18.784444444444443
18.284444444444443
20.54277777777778
20.65
20.11259259259259
19.949814814814815
18.14814814814815
18.670925925925925
19.632962962962964
20.116481481481483
18.833333333333332
19.778148148148148
17.060925925925925
19.40277777777778
18.546296296296298
16.857592592592592
19.670555555555556
17.16351851851852
21.10796296296296
17.723333333333333
19.162037037037038
17.233703703703704
20.019259259259258
17.022777777777776
18.325370370370372
19.547592592592594
23.221296296296295
19.901481481481483
18.755185185185184
21.832962962962963
21.39
19.582962962962963
16.03148148148148
21.886296296296297
19.841296296296296
21.52037037037037
21.03240740740741
21.500925925925927
18.942777777777778
18.44703703703704
19.743703703703705
21.40388888888889
20.742962962962963
21.713333333333335
21.151666666666667
20.99851851851852
17.55666666666667
19.84148148148148
20.108333333333334
20.414074074074072
21.27722222222222
18.437037037037037
17.375925925925927
16.96388888888889
19.203333333333333
19.337592592592593
20.290925925925926
17.957962962962963
20.847037037037037
15.948333333333334
21.387592592592593
20.512962962962963
20.352037037037036
18.63277777777778
18.226296296296297
20.42685185185185
15.366111111111111
18.69851851851852
19.912407407407407
20.295
21.371296296296297
20.159814814814816
20.09888888888889
20.15888888888889
19.81574074074074
22.08
21.948333333333334
20.961666666666666
20.379814814814814
22.034444444444443
22.536296296296296
18.529444444444444
22.617037037037036
19.528703703703705
18.029814814814817
17.370555555555555
24.33
19.488333333333333
19.979814814814816
22.872962962962962
16.48037037037037
15.123333333333333
17.937592592592594
18.723148148148148
15.597592592592592
20.317037037037036
20.271851851851853
22.31388888888889
16.394074074074073
19.575925925925926
20.46074074074074
18.208703703703705
18.198888888888888
21.465555555555557
21.137962962962963
19.84611111111111
19.09425925925926
19.941666666666666
16.04574074074074
19.778703703703705
20.98296296296296
20.468888888888888
19.13425925925926
17.487962962962964
22.992592592592594
21.325
22.467962962962964
20.51240740740741
17.535740740740742
17.35037037037037
18.26703703703704
17.411851851851853
20.36314814814815
21.240925925925925
26.243333333333332
20.352962962962962
20.68111111111111
21.061666666666667
20.74240740740741
23.590740740740742
18.13388888888889
20.19388888888889
23.123333333333335
20.950370370370372
19.465555555555557
19.552592592592593
22.668703703703702
19.05814814814815
22.867962962962963
17.419074074074075
18.764444444444443
17.946666666666665
19.53611111111111
18.49074074074074
17.317222222222224
15.489074074074074
23.283703703703704
15.104814814814814
17.397962962962964
20.59425925925926
21.866296296296298
20.18888888888889
17.641296296296296
19.702962962962964
16.750555555555554
18.848703703703702
15.287777777777778
20.69925925925926
16.284074074074073
18.262962962962963
19.668333333333333
17.327407407407406
17.655925925925924
17.947407407407407
18.19796296296296
18.302407407407408
19.585555555555555
15.90611111111111
16.349444444444444
18.58425925925926
18.808703703703703
19.127407407407407
19.28240740740741
17.98925925925926
17.602222222222224
27.117592592592594
17.80037037037037
19.625555555555554
19.28796296296296
19.933703703703703
17.43037037037037
22.821296296296296
21.19648148148148
18.217962962962964
18.76851851851852
21.376851851851853
17.447222222222223
16.60425925925926
17.670555555555556
17.894259259259258
26.776666666666667
20.094814814814814
15.985185185185186
19.664814814814815
22.191111111111113
19.85333333333333
17.294074074074075
20.307222222222222
16.41888888888889
20.020925925925926
20.45777777777778
16.68166666666667
21.548703703703705
22.023518518518518
15.78648148148148
20.36148148148148
17.512777777777778
20.80388888888889
17.717037037037038
19.19796296296296
16.255925925925926
20.14
17.605555555555554
16.82648148148148
16.865925925925925
17.99111111111111
20.320740740740742
19.953518518518518
20.46462962962963
18.708148148148148
19.243333333333332
20.135
22.37037037037037
17.173703703703705
17.228148148148147
20.592962962962964
15.290740740740741
15.797407407407407
17.569074074074074
15.467962962962963
16.792962962962964
17.95
17.432037037037038
18.024444444444445
18.94703703703704
16.122962962962962
17.726111111111113
17.70111111111111
16.56962962962963
18.781111111111112
16.333333333333332
16.780185185185186
19.78388888888889
16.675925925925927
21.245185185185186
18.278518518518517
20.900185185185187
19.02037037037037
16.716851851851853
20.784259259259258
16.74074074074074
16.662592592592592
17.842962962962964
16.652407407407406
16.242037037037036
18.74537037037037
18.31851851851852
16.747962962962962
15.937777777777777
13.892592592592592
16.563518518518517
14.341851851851851
15.427777777777777
16.956481481481482
14.563888888888888
16.52074074074074
16.255370370370372
14.729259259259258
17.483888888888888
19.447222222222223
19.455555555555556
17.624259259259258
15.609444444444444
17.808333333333334
17.958333333333332
18.48611111111111
15.597407407407408
17.597592592592594
15.692592592592593
16.254074074074072
14.20111111111111
17.14351851851852
18.412592592592592
14.878148148148147
18.05462962962963
17.43037037037037
18.02166666666667
16.072407407407407
17.048703703703705
22.18462962962963
15.773888888888889
15.493148148148148
24.302222222222223
24.76388888888889
25.362407407407407
16.18537037037037
13.30037037037037
23.65685185185185
16.11111111111111
16.19925925925926
18.319814814814816
17.04314814814815
14.160370370370371
14.884814814814815
13.876111111111111
14.435925925925925
17.59611111111111
16.784259259259258
17.813518518518517
15.092777777777778
16.940925925925924
15.768148148148148
20.883518518518517
15.932592592592593
23.30962962962963
16.881296296296295
15.255185185185185
13.837037037037037
23.314814814814813
13.670185185185185
14.378148148148147
15.408148148148149
18.07648148148148
19.77314814814815
14.559444444444445
17.87185185185185
15.033333333333333
17.30759259259259
16.949814814814815
16.94462962962963
19.73314814814815
15.362592592592593
16.435
18.63537037037037
19.445
16.66888888888889
15.224074074074075
19.444444444444443
17.133703703703702
24.985555555555557
15.952222222222222
18.177592592592593
17.542962962962964
15.891851851851852
18.030555555555555
15.94537037037037
21.511481481481482
14.596666666666666
19.77962962962963
18.84037037037037
14.665925925925926
25.813518518518517
25.124259259259258
18.627592592592592
21.83185185185185
16.284814814814816
15.313148148148148
15.511296296296296
19.39351851851852
16.713148148148147
16.21
18.086296296296297
18.239444444444445
17.754074074074072
14.83388888888889
14.612592592592593
16.78462962962963
18.452407407407406
15.333148148148148
17.78148148148148
15.074814814814815
13.929074074074075
12.716481481481482
13.527777777777779
16.35925925925926
15.190555555555555
14.312037037037037
15.141666666666667
15.307962962962963
15.58388888888889
23.186296296296295
17.907037037037036
17.976666666666667
18.494444444444444
18.59111111111111
15.335740740740741
17.299629629629628
13.50462962962963
13.711296296296297
15.233333333333333
16.696666666666665
15.212407407407408
16.834074074074074
15.328148148148149
14.392592592592592
15.385
14.709074074074074
15.990185185185185
14.771481481481482
14.962222222222222
12.526296296296296
14.193333333333333
13.688518518518519
13.675555555555556
13.721851851851852
12.831111111111111
14.363703703703704
15.032777777777778
15.19462962962963
16.15648148148148
15.419074074074073
16.45111111111111
15.455925925925927
16.670925925925925
15.064814814814815
14.922962962962963
18.148518518518518
17.57925925925926
19.012962962962963
14.085925925925926
14.136296296296296
15.686666666666667
15.996666666666666
18.114074074074075
15.557037037037038
14.617407407407407
14.011296296296296
14.437222222222223
18.716851851851853
13.55462962962963
14.37037037037037
13.763703703703703
14.382777777777777
14.617222222222223
14.131666666666666
14.303888888888888
14.029259259259259
14.041666666666666
12.206666666666667
12.658888888888889
14.105
13.250925925925927
13.78462962962963
14.565740740740742
15.77648148148148
16.880555555555556
16.067777777777778
18.958703703703705
15.625555555555556
14.286111111111111
13.583148148148148
16.069444444444443
21.55537037037037
23.30462962962963
15.522222222222222
15.506296296296297
18.41037037037037
17.87
15.750370370370371
17.49240740740741
15.91074074074074
18.765
16.64462962962963
16.10240740740741
15.217407407407407
14.108333333333333
16.381481481481483
19.163703703703703
18.067222222222224
15.886296296296296
17.02888888888889
15.425
19.290185185185184
17.34111111111111
21.866296296296298
20.597962962962963
17.51351851851852
17.44796296296296
17.433888888888887
15.148333333333333
14.396296296296295
15.132962962962964
13.44
19.272037037037038
14.580925925925927
13.87
13.203148148148149
14.92925925925926
16.320555555555554
16.876666666666665
13.26574074074074
14.989074074074074
14.408703703703704
13.658333333333333
14.561851851851852
15.886296296296296
15.05037037037037
13.795925925925927
14.245555555555555
15.261481481481482
16.33703703703704
15.252592592592592
12.972592592592592
13.688888888888888
18.11537037037037
14.348333333333333
12.288333333333334
12.466296296296296
13.96537037037037
13.205555555555556
15.432407407407407
15.159444444444444
13.296296296296296
12.680555555555555
12.553888888888888
12.517407407407408
12.370185185185186
14.416851851851852
14.589629629629629
12.678888888888888
16.58111111111111
14.445925925925925
19.27962962962963
13.889814814814814
14.328518518518518
12.323518518518519
15.09074074074074
14.204444444444444
13.731851851851852
14.366111111111111
13.844259259259259
12.687777777777777
14.292222222222222
13.110555555555555
12.615
15.226851851851851
12.499074074074073
12.489444444444445
12.886851851851851
13.27037037037037
13.432962962962963
14.602962962962962
14.160925925925927
12.776851851851852
12.862962962962962
11.877962962962963
11.28
12.597037037037037
12.347037037037037
13.278518518518519
11.918888888888889
13.330370370370371
14.392222222222221
13.035370370370371
13.656481481481482
13.638703703703703
13.001111111111111
12.889444444444445
13.233888888888888
14.204629629629629
11.614444444444445
13.01574074074074
13.445555555555556
12.12111111111111
13.678148148148148
14.10574074074074
14.132962962962964
14.287222222222223
11.985740740740741
12.137777777777778
13.615
13.040740740740741
13.980925925925925
14.762777777777778
14.642777777777777
11.288518518518519
12.05962962962963
13.70037037037037
13.617777777777778
13.977962962962962
14.188333333333333
12.819444444444445
12.61462962962963
14.75537037037037
13.824814814814815
14.475185185185186
12.700925925925926
13.022407407407407
12.189074074074075
12.856296296296296
11.793703703703704
11.207222222222223
11.617592592592592
11.338333333333333
12.667777777777777
12.966296296296296
11.626851851851852
13.58148148148148
12.585925925925926
12.960555555555555
10.892592592592592
11.960740740740741
12.47425925925926
12.151851851851852
11.56611111111111
11.872777777777777
11.117592592592592
12.486481481481482
11.705
12.266296296296296
12.009074074074075
11.845185185185185
11.579814814814815
12.566851851851851
11.424074074074074
11.75851851851852
12.743703703703703
12.39074074074074
11.841666666666667
11.203703703703704
12.315
11.746296296296297
10.222962962962963
12.606666666666667
13.352592592592593
12.049444444444445
11.017037037037037
12.932777777777778
12.128518518518518
11.462037037037037
12.486851851851851
12.996851851851853
11.919814814814815
13.377777777777778
12.046111111111111
12.172222222222222
12.582222222222223
13.26574074074074
11.171666666666667
11.704629629629629
12.597407407407408
11.75
12.662037037037036
11.981666666666667
11.36
13.169444444444444
13.174259259259259
11.762777777777778
12.209444444444445
10.907777777777778
10.791666666666666
10.645925925925926
13.307777777777778
12.005185185185185
12.00611111111111
11.867592592592592
11.47037037037037
11.36648148148148
12.533333333333333
12.047407407407407
12.92
11.81074074074074
12.978148148148149
11.049814814814814
11.895740740740742
12.38888888888889
13.318888888888889
12.170555555555556
13.391481481481481
12.725
11.64037037037037
11.904814814814815
11.872407407407408
12.258703703703704
12.542222222222222
13.550740740740741
12.546481481481482
12.432037037037038
12.36888888888889
11.62
11.529259259259259
12.522037037037038
11.339814814814815
12.976481481481482
13.027777777777779
13.672037037037038
13.011481481481482
12.107962962962963
12.592962962962963
11.113888888888889
12.310555555555556
12.285370370370371
11.802037037037037
14.141111111111112
12.787777777777778
13.09851851851852
11.411111111111111
12.535185185185185
13.626111111111111
11.352407407407407
11.692407407407407
13.177037037037037
13.580185185185185
13.372407407407408
12.883333333333333
12.080185185185185
11.363148148148149
12.346481481481481
11.277407407407408
10.994814814814815
13.18462962962963
11.555185185185184
12.135925925925926
11.067592592592593
12.280555555555555
12.496481481481482
13.175925925925926
11.243703703703703
12.381666666666666
12.81074074074074
11.042592592592593
11.93537037037037
10.09962962962963
11.605555555555556
11.981666666666667
12.380555555555556
11.90962962962963
11.86425925925926
12.308703703703705
11.677962962962964
11.747037037037037
10.905185185185186
11.487222222222222
11.131296296296297
11.767962962962963
10.892222222222221
11.648148148148149
12.116296296296296
12.487592592592593
11.709444444444445
11.953518518518518
10.59388888888889
10.644074074074075
11.527962962962963
12.073703703703703
12.514444444444445
12.26537037037037
13.165555555555555
12.852222222222222
10.88962962962963
11.936111111111112
11.339814814814815
12.016111111111112
11.346481481481481
11.503148148148147
11.33537037037037
11.153333333333334
11.328518518518518
10.96537037037037
11.52462962962963
11.778703703703703
10.971481481481481
11.16851851851852
10.777962962962963
12.138518518518518
11.179074074074075
11.134444444444444
10.286851851851852
10.916296296296297
10.268703703703704
10.914074074074074
11.052222222222222
10.94648148148148
10.915555555555555
10.357407407407408
11.622407407407408
10.816481481481482
10.789444444444445
10.962037037037037
9.433518518518518
11.171296296296296
11.07925925925926
11.229444444444445
9.982592592592592
10.687037037037037
10.488148148148149
10.486666666666666
11.19574074074074
10.72574074074074
10.508888888888889
10.538148148148148
10.587037037037037
10.785185185185185
10.735185185185186
11.426666666666666
10.25537037037037
10.65925925925926
10.385
10.734814814814815
10.957777777777778
10.917407407407408
11.073333333333334
11.272962962962962
11.209259259259259
10.622777777777777
10.29111111111111
10.392592592592592
11.206296296296296
10.19648148148148
10.83851851851852
10.361296296296297
11.654074074074074
10.854444444444445
12.684259259259258
11.781666666666666
11.073888888888888
10.353333333333333
10.940555555555555
10.21574074074074
9.658703703703704
10.30537037037037
10.078333333333333
10.992407407407407
10.613518518518518
11.17537037037037
10.222592592592592
10.453888888888889
10.764814814814814
10.771666666666667
11.716111111111111
12.200555555555555
10.700740740740741
9.916666666666666
10.932037037037038
9.848333333333333
11.36425925925926
11.173703703703703
10.232222222222223
10.93925925925926
11.026296296296296
11.491666666666667
10.713703703703704
10.127037037037036
10.893333333333333
10.325
10.353333333333333
10.101666666666667
9.954444444444444
10.249814814814815
10.580185185185185
10.858148148148148
10.703703703703704
11.013148148148149
10.780740740740741
9.693888888888889
10.557037037037038
10.978703703703705
10.803703703703704
9.370185185185186
10.101481481481482
10.327407407407408
11.295370370370371
11.647222222222222
11.485740740740741
11.095555555555556
9.862962962962962
10.56037037037037
11.417592592592593
10.141666666666667
10.709259259259259
9.964074074074073
9.782222222222222
9.81962962962963
12.472777777777777
10.182592592592593
10.815555555555555
9.838333333333333
10.427592592592593
10.203888888888889
10.047407407407407
9.678333333333333
10.692592592592593
10.263703703703703
10.99462962962963
9.999629629629629
11.298148148148147
9.807777777777778
10.143703703703704
9.726481481481482
10.542592592592593
10.91851851851852
10.497962962962964
9.674259259259259
10.936666666666667
11.536666666666667
10.314444444444444
9.651851851851852
10.718703703703703
9.690925925925926
9.847592592592592
10.183148148148149
10.09462962962963
10.979814814814814
10.63888888888889
10.38037037037037
10.107777777777779
9.465925925925927
10.074074074074074
10.01388888888889
10.434074074074074
10.01037037037037
10.533333333333333
9.883148148148148
10.523888888888889
9.981851851851852
8.639259259259259
10.89925925925926
11.053703703703704
9.813888888888888
10.18574074074074
11.113333333333333
10.921111111111111
11.381481481481481
10.282222222222222
10.206851851851852
10.92962962962963
10.644074074074075
10.204629629629629
10.33537037037037
10.561296296296296
11.374444444444444
9.818148148148149
9.69574074074074
10.784444444444444
9.492592592592592
10.66462962962963
10.782222222222222
24.113703703703703
19.830925925925925
11.056666666666667
11.193888888888889
12.675740740740741
11.489814814814816
12.57925925925926
10.692037037037037
10.58462962962963
11.991666666666667
11.029444444444444
10.701481481481482
11.175740740740741
11.440925925925926
10.905185185185186
11.61037037037037
10.118148148148148
10.704814814814815
10.491296296296296
12.31537037037037
11.261666666666667
10.097407407407408
10.064074074074075
11.186481481481481
9.655185185185186
10.199444444444444
9.642037037037037
12.073888888888888
10.340925925925927
11.01962962962963
9.64537037037037
10.404074074074074
11.468333333333334
12.67962962962963
13.066666666666666
11.614444444444445
10.931481481481482
10.893333333333333
10.100925925925926
10.292222222222222
9.250925925925927
10.749074074074073
10.59037037037037
10.514814814814814
11.27425925925926
10.973333333333333
9.927037037037037
9.988703703703704
9.994074074074074
11.358333333333333
10.623518518518518
10.342407407407407
10.259814814814815
10.63425925925926
11.373333333333333
19.959074074074074
15.997407407407408
11.804444444444444
10.322962962962963
10.422037037037038
10.411666666666667
10.126481481481482
8.682962962962963
10.337777777777777
11.964629629629629
10.243148148148148
11.379259259259259
10.527777777777779
10.93537037037037
14.776666666666667
10.404259259259259
10.384814814814815
10.86462962962963
10.02537037037037
10.407962962962962
9.81462962962963
10.535185185185185
10.351481481481482
9.516296296296296
10.238518518518518
10.047962962962963
9.894444444444444
12.365370370370371
10.428148148148148
10.862592592592593
12.282037037037037
9.964444444444444
9.655
10.830370370370371
11.102592592592593
10.185
9.937962962962963
11.232222222222223
9.781851851851853
10.208333333333334
9.965555555555556
10.81462962962963
11.007037037037037
10.064444444444444
9.798148148148147
9.647777777777778
9.751851851851852
10.88037037037037
8.978518518518518
8.90962962962963
9.393703703703704
10.700555555555555
9.810555555555556
11.013333333333334
12.64462962962963
