143108
193736
159335
148898
179619
224232
224358
141405
155661
200262
137744
172136
241400
171235
227582
238299
211148
201367
147321
379658
190200
359702
178285
181527
181148
183109
200244
174073
193280
173526
184779
195671
206279
158691
172100
192725
146150
156423
164472
159621
169623
144877
170482
194650
136799
154628
135415
220228
178307
179247
188591
182579
181155
220495
166596
177960
186366
159419
157846
155665
188269
126592
175073
183127
177272
248902
152053
149215
124054
180855
166741
199107
170850
167488
184396
170917
176271
154662
137426
165972
159793
202433
184818
168828
144237
180155
190556
158169
154231
154271
148782
168115
175844
153299
127786
166048
148534
145597
155883
146210
167107
142317
162226
139790
127733
194814
168761
155879
115404
137033
134734
159810
147414
119999
149610
137835
163091
117442
139890
168866
147810
144393
177946
198468
134409
207383
162171
139043
145570
168098
184141
163246
169840
147084
153595
152875
152974
146488
131469
122505
173576
166894
130189
154492
160604
163647
128071
156744
157785
149170
177434
143095
183876
139373
124371
135671
154403
175123
137811
151735
139526
124636
122380
118857
209028
168352
131128
148666
129532
151558
128555
167537
194292
164761
160791
149725
141475
127932
122677
149847
176820
135692
148241
132862
126184
150088
167651
107016
108792
146755
140955
154862
142490
129368
169264
110249
124360
130137
123891
143312
144981
132191
139178
126437
144651
169340
150130
145220
158372
144655
126076
102322
125110
175301
110260
120052
135386
132256
124979
137502
157068
156185
209337
161127
144406
122782
138202
140552
118188
130796
124072
134017
115193
128961
125089
133036
117384
131105
118447
129374
143692
123643
146868
127722
116476
127053
136652
147207
112915
122832
149979
144492
177352
146462
161260
156995
133089
150896
113977
123155
107334
164083
144251
145770
134253
140387
110335
122948
116723
126543
124987
123273
143586
128981
111551
115902
160168
153276
106600
109442
122356
110440
130185
132355
130698
151727
133579
215552
130074
115700
141688
125602
123377
124594
133990
155920
146526
111366
142736
129802
110291
146478
125683
100724
108525
117190
131742
104327
122321
114034
113882
126012
107203
109974
132925
116390
124881
123727
170659
134483
192720
221505
143696
117036
131422
130128
118228
104139
107343
112460
106476
110509
133520
128575
128161
109925
126084
135851
109078
114903
137454
120369
101948
119977
147899
141147
127892
127414
125687
184823
134477
146573
136972
109531
113109
116281
142484
125046
179490
120030
126373
119438
108485
163240
113650
116219
112076
136035
111522
123022
119339
112363
122030
121212
135113
122577
94607
93752
102928
104236
115134
110554
118265
110731
98311
105716
102076
109320
105887
108096
108561
98874
98119
113511
121845
105061
118488
125263
101689
108756
100705
101439
131965
101501
104073
93235
104182
112330
99492
129409
110953
114134
102868
101230
108083
113796
100881
110695
102951
109131
103682
108491
106631
99085
89745
116437
113082
110185
91659
106269
123738
104790
123171
109734
139818
93841
111096
109653
128062
108424
115500
129242
119387
111304
111900
101405
103879
102601
87826
98295
112190
110788
120022
101436
98736
110931
111510
108608
107729
98000
100823
106018
108629
101700
106802
92129
104775
100150
91031
106221
92683
113983
95706
103475
93062
108104
91923
98957
105557
125395
107468
101278
117898
115506
105748
86570
118186
107143
116210
113575
116105
102291
99614
106616
115581
112012
117252
114219
113392
94806
107144
108585
110236
114897
99560
93830
91605
103698
104423
109571
96973
112574
86121
115493
110770
109901
100617
98422
110305
82977
100972
107527
109593
115405
108863
108534
108858
107005
119232
118521
113193
110051
118986
121696
100059
122132
105455
97361
93801
131382
105237
107891
123514
88994
81666
96863
101105
84227
109712
109468
120495
88528
105710
110488
98327
98274
115914
114145
107169
103109
107685
86647
106805
113308
110532
103325
94435
124160
115155
121327
110767
94693
93692
98642
94024
109961
114701
141714
109906
111678
113733
112009
127390
97923
109047
124866
113132
105114
105584
122411
102914
123487
94063
101328
96912
105495
99850
93513
83641
125732
81566
93949
111209
118078
109020
95263
106396
90453
101783
82554
111776
87934
98620
106209
93568
95342
96916
98269
98833
105762
85893
88287
100355
101567
103288
104125
97142
95052
146435
96122
105978
104155
107642
94124
123235
114461
98377
101350
115435
94215
89663
95421
96629
144594
108512
86320
106190
119832
107208
93388
109659
88662
108113
110472
90081
116363
118927
85247
109952
94569
112341
95672
103669
87782
108756
95070
90863
91076
97152
109732
107749
110509
101024
103914
108729
120800
92738
93032
111202
82570
85306
94873
83527
90682
96930
94133
97332
102314
87064
95721
95586
89476
101418
88200
90613
106833
90050
114724
98704
112861
102710
90271
112235
90400
89978
96352
89923
87707
101225
98920
90439
86064
75020
89443
77446
83310
91565
78645
89212
87779
79538
94413
105015
105060
95171
84291
96165
96975
99825
84226
95027
84740
87772
76686
92575
99428
80342
97495
94124
97317
86791
92063
119797
85179
83663
131232
133725
136957
87401
71822
127747
87000
87476
98927
92033
76466
80378
74931
77954
95019
90635
96193
81501
91481
85148
112771
86036
125872
91159
82378
74720
125900
73819
77642
83204
97613
106775
78621
96508
81180
93461
91529
91501
106559
82958
88749
100631
105003
90012
82210
105000
92522
134922
86142
98159
94732
85816
97365
86105
116162
78822
106810
101738
79196
139393
135671
100589
117892
87938
82691
83761
104725
90251
87534
97666
98493
95872
80103
78908
90637
99643
82799
96020
81404
75217
68669
73050
88340
82029
77285
81765
82663
84153
125206
96698
97074
99870
100392
82813
93418
72925
74041
82260
90162
82147
90904
82772
77720
83079
79429
86347
79766
80796
67642
76644
73918
73848
74098
69288
77564
81177
82051
87245
83263
88836
83462
90023
81350
80584
98002
94928
102670
76064
76336
84708
86382
97816
84008
78934
75661
77961
101071
73195
77600
74324
77667
78933
76311
77241
75758
75825
65916
68358
76167
71555
74437
78655
85193
91155
86766
102377
84378
77145
73349
86775
116399
125845
83820
83734
99416
96498
85052
94459
85918
101331
89881
86953
82174
76185
88460
103484
97563
85786
91956
83295
104167
93642
118078
111229
94573
94219
94143
81801
77740
81718
72576
104069
78737
74898
71297
80618
88131
91134
71635
80941
77807
73755
78634
85786
81272
74498
76926
82412
88220
82364
70052
73920
97823
77481
66357
67318
75413
71310
83335
81861
71800
68475
67791
67594
66799
77851
78784
68466
89538
78008
104110
75005
77374
66547
81490
76704
74152
77577
74759
68514
77178
70797
68121
82225
67495
67443
69589
71660
72538
78856
76469
68995
69460
64141
60912
68024
66674
71704
64362
71984
77718
70391
73745
73649
70206
69603
71463
76705
62718
70285
72606
65454
73862
76171
76318
77151
64723
65544
73521
70420
75497
79719
79071
60958
65122
73982
73536
75481
76617
69225
68119
79679
74654
78166
68585
70321
65821
69424
63686
60519
62735
61227
68406
70018
62785
73340
67964
69987
58820
64588
67361
65620
62457
64113
60035
67427
63207
66238
64849
63964
62531
67861
61690
63496
68816
66910
63945
60500
66501
63430
55204
68076
72104
65067
59492
69837
65494
61895
67429
70183
64367
72240
65049
65730
67944
71635
60327
63205
68026
63450
68375
64701
61344
71115
71141
63519
65931
58902
58275
57488
71862
64828
64833
64085
61940
61379
67680
65056
69768
63778
70082
59669
64237
66900
71922
65721
72314
68715
62858
64286
64111
66197
67728
73174
67751
67133
66792
62748
62258
67619
61235
70073
70350
73829
70262
65383
68002
60015
66477
66341
63731
76362
69054
70732
61620
67690
73581
61303
63139
71156
73333
72211
69570
65233
61361
66671
60898
59372
71197
62398
65534
59765
66315
67481
71150
60716
66861
69178
59630
64451
54538
62670
64701
66855
64312
64067
66467
63061
63434
58888
62031
60109
63547
58818
62900
65428
67433
63231
64549
57207
57478
62251
65198
67578
66233
71094
69402
58804
64455
61235
64887
61271
62117
61211
60228
61174
59213
62233
63605
59246
60310
58201
65548
60367
60126
55549
58948
55451
58936
59682
59111
58944
55930
62761
58409
58263
59195
50941
60325
59828
60639
53906
57710
56636
56628
60457
57919
56748
56906
57170
58240
57970
61704
55379
57560
56079
57968
59172
58954
59796
60874
60530
57363
55572
56120
60514
55061
58528
55951
62932
58614
68495
63621
59799
55908
59079
55165
52157
55649
54423
59359
57313
60347
55202
56451
58130
58167
63267
65883
57784
53550
59033
53181
61367
60338
55254
59072
59542
62055
57854
54686
58824
55755
55908
54549
53754
55349
57133
58634
57800
59471
58216
52347
57008
59285
58340
50599
54548
55768
60995
62895
62023
59916
53260
57026
61655
54765
57830
53806
52824
53026
67353
54986
58404
53127
56309
55101
54256
52263
57740
55424
59371
53998
61010
52962
54776
52523
56930
58960
56689
52241
59058
62298
55698
52120
57881
52331
53177
54989
54511
59291
57450
56054
54582
51116
54400
54075
56344
54056
56880
53369
56829
53902
46652
58856
59690
52995
55003
60012
58974
61460
55524
55117
59020
57478
55105
55811
57031
61422
53018
52357
58236
51260
57589
58224
130214
107087
59706
60447
68449
62045
67928
57737
57157
64755
59559
57788
60349
61781
58888
62696
54638
57806
56653
66503
60813
54526
54346
60407
52138
55077
52067
65199
55841
59506
52085
56182
61929
68470
70560
62718
59030
58824
54545
55578
49955
58045
57188
56780
60881
59256
53606
53939
53968
61335
57367
55849
55403
57425
61416
107779
86386
63744
55744
56279
56223
54683
46888
55824
64609
55313
61448
56850
59051
79794
56183
56078
58669
54137
56203
52999
56890
55898
51388
55288
54259
53430
66773
56312
58658
66323
53808
52137
58484
59954
54999
53665
60654
52822
55125
53814
58399
59438
54348
52910
52098
52660
58754
48484
48112
50726
57783
52977
59472
68281
