70129
74402
70287
69536
71346
74051
68258
73154
69868
71359
69224
72075
68957
69403
71280
72446
66361
69943
68300
71601
67093
68752
70458
69659
68636
69963
68826
72891
71145
68832
70681
68127
70648
67020
70437
70297
71693
72649
70739
69965
72630
70062
69151
69753
72528
71306
71433
71620
69128
68297
68932
68372
70192
66561
67382
68362
70814
68920
70470
71362
71331
72988
69917
68649
71821
71851
67802
72557
70977
71193
70265
71695
69306
70619
71440
68463
74485
70632
71298
64133
71906
74295
70542
69182
72311
71878
70000
69012
67289
71113
71997
69407
69553
70379
68683
71219
70661
69355
66987
76010
