12.986851851851851
13.778148148148148
13.016111111111112
12.877037037037036
13.212222222222222
13.713148148148148
12.64037037037037
13.547037037037038
12.938518518518519
13.214629629629629
12.81925925925926
13.347222222222221
12.769814814814815
12.852407407407407
13.2
13.415925925925926
12.289074074074074
12.952407407407408
12.648148148148149
13.259444444444444
12.42462962962963
12.731851851851852
13.047777777777778
12.899814814814814
12.71037037037037
12.956111111111111
12.745555555555555
13.498333333333333
13.175
12.746666666666666
13.089074074074073
12.616111111111111
13.082962962962963
12.411111111111111
13.043888888888889
13.017962962962963
13.27648148148148
13.453518518518518
13.099814814814815
12.95648148148148
13.45
12.974444444444444
12.80574074074074
12.917222222222222
13.431111111111111
13.204814814814815
13.228333333333333
13.262962962962963
12.801481481481481
12.647592592592593
12.765185185185185
12.66148148148148
12.998518518518518
12.32611111111111
12.478148148148149
12.65962962962963
13.113703703703704
12.762962962962963
13.05
13.215185185185184
13.209444444444445
13.516296296296296
12.947592592592592
12.712777777777777
13.300185185185185
13.30574074074074
12.555925925925926
13.436481481481481
13.143888888888888
13.18388888888889
13.012037037037038
13.276851851851852
12.834444444444445
13.077592592592593
13.22962962962963
12.678333333333333
13.79351851851852
13.08
13.203333333333333
11.876481481481482
13.315925925925926
13.758333333333333
13.063333333333333
12.811481481481481
13.390925925925925
13.31074074074074
12.962962962962964
12.78
12.460925925925926
13.169074074074073
13.332777777777778
12.853148148148149
12.880185185185185
13.033148148148149
12.719074074074074
13.188703703703704
13.08537037037037
12.843518518518518
12.405
14.075925925925926
