-52468.0
-55529.0
-51828.0
-52051.0
-53110.0
-54930.0
-52296.0
-54679.0
-52195.0
-53400.0
-51550.0
-54375.0
-53500.0
-51929.0
-53849.0
-55012.0
-49669.0
-52454.0
-51896.0
-53373.0
-49937.0
-51336.0
-53696.0
-52151.0
-51403.0
-52683.0
-51808.0
-55024.0
-52713.0
-51615.0
-51798.0
-51169.0
-52972.0
-50638.0
-51893.0
-52560.0
-53378.0
-54049.0
-51956.0
-52356.0
-54060.0
-52255.0
-52443.0
-52244.0
-53508.0
-53639.0
-52516.0
-53247.0
-51360.0
-51179.0
-52125.0
-51634.0
-53195.0
-51005.0
-50416.0
-50724.0
-53098.0
-51687.0
-53690.0
-53679.0
-54370.0
-56360.0
-52195.0
-51707.0
-53733.0
-54203.0
-50935.0
-54651.0
-53426.0
-54319.0
-53047.0
-53944.0
-53330.0
-52195.0
-53526.0
-51411.0
-55889.0
-51940.0
-52572.0
-47884.0
-56094.0
-55707.0
-51571.0
-52548.0
-55226.0
-53409.0
-52542.0
-51685.0
-50818.0
-53337.0
-54438.0
-51109.0
-52474.0
-52655.0
-50956.0
-52772.0
-53264.0
-51608.0
-51130.0
-56862.0
