31822
26711
28202
27192
22620
25463
22988
31522
24679
23090
30624
24119
28714
22669
28323
28785
23216
24068
26924
25635
26299
25248
25044
22371
24099
18954
23289
22852
17896
26003
25674
19164
27123
28348
19228
20493
25275
20597
25277
22146
19701
18907
23049
25945
18134
29195
21926
24194
20368
24637
24761
16992
18639
18273
18763
25460
20410
21025
23827
24767
19547
16881
19962
22281
18984
19011
20823
21508
20209
18961
22310
17305
22320
18441
15551
20482
21785
21372
20921
20000
21767
21851
19110
16671
19736
21346
20544
22779
19377
18046
20765
19136
17302
18315
18710
19101
18499
20287
16971
19697
16953
17026
21466
15730
14946
17436
17406
19720
18602
16444
16004
21305
18663
18543
16923
15287
15955
17357
16204
16871
16055
18937
16376
16371
18542
17333
15300
16399
17176
19439
14599
17300
14795
18038
16803
15768
17436
17416
15898
15504
14729
17220
16241
14209
17948
15310
13096
15805
13263
16283
14428
16065
16510
18435
12951
13970
15770
14423
13657
14406
16484
20991
15287
17198
15930
13680
16348
14537
14571
12942
15791
12975
14763
16669
15012
13317
16434
14445
15167
13630
14531
13686
16607
14986
13486
13628
12029
14992
13409
13538
19111
16012
13235
14721
13114
14765
13488
14424
15284
12464
11010
13197
12289
12505
13044
12942
12687
12946
15785
13014
11417
13483
12914
12415
12019
12446
11760
12834
16128
12902
11776
15364
11465
13608
13812
12172
13894
13813
11913
11643
13104
12910
12941
12129
13144
10972
10554
13333
12036
10660
13418
11596
10717
12309
11804
12617
10872
13206
13666
13027
11888
12944
14452
11072
11869
11599
13844
13135
10424
10750
10567
11677
12786
12237
10985
9690
10659
29576
11100
12935
10998
11219
9478
10589
9297
11676
11281
11476
13250
11440
11000
10257
11106
9765
10390
11522
10372
10878
12386
10382
13575
9132
10349
11497
11464
9551
11886
10534
10562
11402
11042
10653
10378
12748
11042
9201
10104
9596
10789
11096
9334
9086
9183
10894
11911
10126
10075
9911
9450
9212
9363
9006
10938
11692
10085
12000
9674
8840
10621
8742
9028
11979
10542
9291
8389
8439
10153
9086
9395
8847
10686
9270
9842
8529
10062
9404
12978
9657
9578
8524
9363
9277
12288
8767
8011
9923
8814
8410
9094
8672
10434
8930
9348
8192
8755
10021
8788
7948
8257
9418
9000
8472
9235
9099
8436
9279
7158
8547
9269
8085
8893
8588
8660
8343
9718
8324
8755
11534
9992
9110
8582
8454
8796
7902
8909
8450
8780
9572
8193
11067
28758
10265
7264
7655
7535
7470
9664
8553
8787
7707
9120
7528
9314
8398
9376
8345
7153
7525
8972
10002
6846
7907
12754
7034
8669
12209
28821
11436
15945
8519
7225
8795
7882
8241
7841
8375
7757
17498
29340
8153
12463
6501
6838
7596
7743
11523
9465
9143
7290
6857
7531
7397
7764
7487
7165
6388
8123
11850
7585
8844
6894
8566
7770
7157
7785
7299
7344
6739
7377
7787
10560
6627
6965
8413
92169
11384
7206
7306
7971
5932
7663
75280
10987
8471
34218
7322
68694
8116
8552
25106
17471
7623
9814
9599
7259
7461
12263
9071
97890
18582
