5.316296296296296
4.055185185185185
3.6396296296296295
4.581111111111111
4.757037037037037
4.937222222222222
3.4924074074074074
4.652962962962963
4.861851851851852
5.363703703703703
5.803888888888889
3.953333333333333
6.019259259259259
5.156666666666666
5.667222222222223
6.198518518518519
4.839444444444444
4.187037037037037
3.7844444444444445
5.635185185185185
5.266851851851852
5.221666666666667
4.508703703703704
4.36537037037037
4.333888888888889
4.700185185185185
3.9992592592592593
5.311851851851852
4.974444444444444
4.808888888888889
4.847407407407408
5.341851851851852
4.856851851851852
4.015
4.920185185185185
11.629074074074074
6.3566666666666665
4.610925925925926
3.8424074074074075
4.15537037037037
4.331111111111111
4.297037037037037
3.4918518518518518
3.9914814814814816
5.367037037037037
4.316851851851852
4.157037037037037
3.582777777777778
4.142222222222222
4.061296296296296
3.8187037037037035
3.672037037037037
4.225555555555555
3.5875925925925927
3.669074074074074
4.19537037037037
4.562037037037037
4.0092592592592595
4.319629629629629
3.6846296296296295
3.4844444444444442
4.575555555555556
3.6083333333333334
4.341296296296297
3.8272222222222223
5.694814814814815
3.582037037037037
4.308888888888889
3.6475925925925927
3.457962962962963
4.164259259259259
3.291851851851852
3.763333333333333
3.84
4.175
3.7911111111111113
3.030740740740741
3.0966666666666667
4.110925925925926
3.1655555555555557
3.932037037037037
3.8524074074074073
3.2362962962962962
3.4914814814814816
3.083148148148148
3.850925925925926
3.3957407407407407
4.233148148148148
3.5455555555555556
4.079259259259259
3.6724074074074076
3.3987037037037036
3.8942592592592593
3.7598148148148147
3.8268518518518517
3.207037037037037
3.082777777777778
3.341111111111111
3.2935185185185185
3.713888888888889
3.0464814814814813
3.3833333333333333
3.3605555555555555
3.2466666666666666
3.0972222222222223
3.3964814814814814
3.758703703703704
3.917037037037037
3.8716666666666666
3.512037037037037
3.321851851851852
3.176851851851852
3.41537037037037
4.277222222222222
3.598333333333333
3.6885185185185185
3.3964814814814814
2.8735185185185186
3.1424074074074073
3.1974074074074075
3.0501851851851853
3.172037037037037
4.399074074074074
3.031111111111111
3.1148148148148147
3.158148148148148
2.984814814814815
3.455
3.5335185185185187
3.3464814814814816
3.582777777777778
3.1405555555555558
3.566851851851852
3.4174074074074072
3.4455555555555555
3.282037037037037
2.7305555555555556
2.9301851851851852
3.3422222222222224
2.810925925925926
3.1083333333333334
3.861666666666667
3.208148148148148
3.3903703703703703
3.1375925925925925
3.970925925925926
3.4007407407407406
2.990925925925926
3.382222222222222
4.167777777777777
3.6798148148148146
3.6151851851851853
3.1646296296296295
3.0225925925925927
3.3035185185185183
2.907037037037037
3.059814814814815
2.75
3.828148148148148
3.150925925925926
2.6903703703703705
3.307962962962963
2.7985185185185184
3.0742592592592595
2.418888888888889
2.994074074074074
3.1461111111111113
3.07
2.948148148148148
2.805740740740741
3.1275925925925927
3.3803703703703705
2.776111111111111
2.9766666666666666
2.99
3.8940740740740742
2.9314814814814816
3.3674074074074074
3.1616666666666666
2.9374074074074072
2.3716666666666666
3.060185185185185
3.2201851851851853
2.8812962962962962
3.008888888888889
2.7827777777777776
2.83037037037037
2.549259259259259
3.421851851851852
3.5483333333333333
3.283888888888889
2.9503703703703703
2.3161111111111112
2.8494444444444444
2.873148148148148
2.6555555555555554
2.8624074074074075
2.9574074074074073
2.9425925925925926
2.507037037037037
4.6375925925925925
2.985
2.879814814814815
2.756111111111111
2.549259259259259
2.5390740740740743
2.5257407407407406
2.9544444444444444
2.31037037037037
2.9694444444444446
2.8338888888888887
3.6644444444444444
2.9483333333333333
2.9029629629629627
2.2446296296296295
2.9964814814814815
2.787037037037037
2.712962962962963
2.6353703703703704
2.932777777777778
3.3753703703703706
2.613888888888889
2.8090740740740743
3.0366666666666666
2.402037037037037
2.1533333333333333
2.216111111111111
2.098888888888889
2.9988888888888887
2.585185185185185
2.326296296296296
2.184814814814815
3.593703703703704
2.776851851851852
2.2087037037037036
2.7622222222222224
2.547222222222222
2.4657407407407406
2.5877777777777777
2.273888888888889
2.1187037037037038
2.901851851851852
2.111666666666667
2.099074074074074
2.775
2.115740740740741
1.7451851851851852
2.53
2.27
2.1874074074074072
2.2864814814814816
2.1948148148148148
2.345
2.422222222222222
2.0716666666666668
2.298703703703704
1.7525925925925927
2.042962962962963
2.1081481481481483
2.129074074074074
2.441851851851852
2.332037037037037
2.0905555555555555
3.3614814814814813
7.237962962962963
2.3746296296296294
3.013888888888889
2.8312962962962964
2.2398148148148147
2.169814814814815
2.197962962962963
2.1996296296296296
3.0327777777777776
2.3505555555555557
2.301296296296296
2.1887037037037036
2.374814814814815
2.0105555555555554
2.265740740740741
2.505
1.9053703703703704
2.1457407407407407
2.3137037037037036
2.1514814814814813
2.1101851851851854
2.0944444444444446
2.790185185185185
1.9046296296296297
1.9805555555555556
2.002037037037037
2.377407407407407
2.187962962962963
1.7961111111111112
1.7294444444444443
2.010740740740741
2.0816666666666666
2.247592592592593
2.071111111111111
1.9925925925925927
2.227777777777778
1.8985185185185185
1.681851851851852
2.0005555555555556
1.827037037037037
1.902962962962963
2.13
1.660925925925926
1.6914814814814816
1.7727777777777778
1.855
1.7512962962962964
1.8735185185185186
1.6990740740740742
1.9287037037037038
2.1903703703703705
1.822962962962963
2.030740740740741
1.7494444444444444
1.761111111111111
1.8609259259259259
1.5355555555555556
1.7155555555555555
1.934074074074074
2.0207407407407407
1.7303703703703703
1.635185185185185
2.3025925925925925
1.8355555555555556
1.7318518518518518
1.7735185185185185
1.7918518518518518
1.7994444444444444
2.0525925925925925
2.005925925925926
1.9187037037037038
3.3538888888888887
1.8027777777777778
1.8855555555555557
1.6472222222222221
1.8057407407407406
1.88
1.8907407407407408
1.7137037037037037
1.771111111111111
1.7516666666666667
1.8744444444444444
1.8642592592592593
1.7574074074074073
2.045925925925926
1.6912962962962963
1.7116666666666667
2.048703703703704
1.842962962962963
1.6388888888888888
1.7122222222222223
1.6524074074074073
1.7740740740740741
1.7844444444444445
1.7987037037037037
1.7716666666666667
1.790925925925926
1.750925925925926
2.130925925925926
2.7287037037037036
1.6062962962962963
3.349074074074074
1.6948148148148148
1.8475925925925927
1.3672222222222221
1.8320370370370371
1.5292592592592593
1.5866666666666667
1.589074074074074
1.6348148148148147
1.8425925925925926
1.8122222222222222
1.637962962962963
1.4566666666666668
1.5944444444444446
1.5164814814814815
1.6394444444444445
1.8655555555555556
1.7359259259259259
1.641851851851852
1.624074074074074
1.7055555555555555
1.7170370370370371
1.5638888888888889
1.6244444444444444
1.6525925925925926
1.478888888888889
1.8262962962962963
1.5885185185185184
1.5496296296296297
1.512962962962963
1.6590740740740741
1.4905555555555556
1.4894444444444443
1.4525925925925927
1.5472222222222223
1.5718518518518518
1.325925925925926
1.6096296296296295
1.714074074074074
1.461851851851852
1.6398148148148148
1.4011111111111112
1.512037037037037
1.4048148148148147
1.4859259259259259
1.5322222222222222
1.4718518518518517
1.5705555555555555
1.6187037037037038
1.5466666666666666
1.5855555555555556
1.4205555555555556
1.5788888888888888
1.290185185185185
1.1566666666666667
1.4837037037037037
1.6975925925925925
1.4953703703703705
1.449814814814815
1.3125925925925925
1.290925925925926
1.3085185185185184
1.556111111111111
1.2914814814814815
1.309074074074074
1.538888888888889
1.2251851851851852
1.3477777777777777
1.3603703703703705
1.4568518518518518
1.4807407407407407
1.463148148148148
1.3383333333333334
1.0072222222222222
1.5461111111111112
1.5687037037037037
1.3696296296296295
1.6833333333333333
1.2296296296296296
1.3394444444444444
1.2557407407407408
1.4275925925925925
1.5075925925925926
1.2746296296296296
1.3057407407407406
1.4648148148148148
1.4559259259259258
1.2255555555555555
1.477037037037037
1.2683333333333333
1.4155555555555555
1.5722222222222222
1.441851851851852
1.1885185185185185
1.3029629629629629
1.6694444444444445
1.5742592592592592
1.729814814814815
1.849074074074074
1.2524074074074074
1.1207407407407408
1.1788888888888889
1.237037037037037
1.4087037037037038
1.182962962962963
1.6288888888888888
1.209814814814815
1.1875925925925925
1.137037037037037
1.1188888888888888
1.5242592592592592
1.2755555555555556
1.3985185185185185
1.4759259259259259
1.3351851851851853
1.3485185185185184
1.2303703703703703
1.317962962962963
1.3881481481481481
1.3916666666666666
1.2487037037037036
1.2301851851851853
1.1185185185185185
1.1453703703703704
1.2007407407407407
1.2122222222222223
1.3387037037037037
1.0937037037037036
1.2316666666666667
1.2731481481481481
1.2538888888888888
1.193888888888889
1.1
1.1701851851851852
1.002037037037037
