5.892962962962963
4.946481481481482
5.2225925925925925
5.035555555555556
4.188888888888889
4.71537037037037
4.257037037037037
5.837407407407407
4.570185185185185
4.275925925925926
5.671111111111111
4.466481481481481
5.317407407407408
4.197962962962963
5.245
5.330555555555556
4.29925925925926
4.457037037037037
4.985925925925926
4.747222222222222
4.870185185185186
4.6755555555555555
4.637777777777778
4.142777777777778
4.462777777777778
3.51
4.312777777777778
4.231851851851852
3.314074074074074
4.8153703703703705
4.754444444444444
3.548888888888889
5.022777777777778
5.24962962962963
3.5607407407407408
3.795
4.680555555555555
3.8142592592592592
4.6809259259259255
4.101111111111111
3.6483333333333334
3.5012962962962964
4.2683333333333335
4.80462962962963
3.3581481481481483
5.406481481481482
4.060370370370371
4.480370370370371
3.771851851851852
4.562407407407408
4.58537037037037
3.1466666666666665
3.4516666666666667
3.383888888888889
3.4746296296296295
4.714814814814815
3.7796296296296297
3.8935185185185186
4.412407407407407
4.586481481481481
3.6198148148148146
3.1261111111111113
3.6966666666666668
4.126111111111111
3.5155555555555558
3.5205555555555557
3.8561111111111113
3.982962962962963
3.7424074074074074
3.511296296296296
4.131481481481481
3.2046296296296295
4.133333333333334
3.415
2.879814814814815
3.792962962962963
4.034259259259259
3.957777777777778
3.8742592592592593
3.7037037037037037
4.030925925925926
4.046481481481481
3.5388888888888888
3.087222222222222
3.6548148148148147
3.952962962962963
3.8044444444444445
4.218333333333334
3.5883333333333334
3.341851851851852
3.8453703703703703
3.5437037037037036
3.204074074074074
3.3916666666666666
3.464814814814815
3.5372222222222223
3.4257407407407405
3.756851851851852
3.142777777777778
3.6475925925925927
3.1394444444444445
3.1529629629629627
3.975185185185185
2.912962962962963
2.767777777777778
3.2288888888888887
3.223333333333333
3.651851851851852
3.4448148148148148
3.045185185185185
2.9637037037037035
3.9453703703703704
3.456111111111111
3.4338888888888888
3.133888888888889
2.830925925925926
2.9546296296296295
3.214259259259259
3.0007407407407407
3.1242592592592593
2.973148148148148
3.506851851851852
3.0325925925925925
3.0316666666666667
3.4337037037037037
3.209814814814815
2.8333333333333335
3.0368518518518517
3.180740740740741
3.599814814814815
2.7035185185185187
3.2037037037037037
2.7398148148148147
3.3403703703703704
3.111666666666667
2.92
3.2288888888888887
3.225185185185185
2.944074074074074
2.871111111111111
2.727592592592593
3.188888888888889
3.0075925925925926
2.6312962962962962
3.323703703703704
2.835185185185185
2.4251851851851853
2.926851851851852
2.456111111111111
3.0153703703703703
2.671851851851852
2.975
3.0574074074074074
3.4138888888888888
2.3983333333333334
2.587037037037037
2.9203703703703705
2.670925925925926
2.529074074074074
2.667777777777778
3.0525925925925925
3.8872222222222224
2.830925925925926
3.184814814814815
2.95
2.533333333333333
3.0274074074074075
2.692037037037037
2.6983333333333333
2.3966666666666665
2.924259259259259
2.4027777777777777
2.733888888888889
3.086851851851852
2.78
2.466111111111111
3.0433333333333334
2.675
2.8087037037037037
2.524074074074074
2.6909259259259257
2.5344444444444445
3.0753703703703703
2.775185185185185
2.4974074074074073
2.5237037037037036
2.227592592592593
2.7762962962962963
2.4831481481481483
2.507037037037037
3.5390740740740743
2.9651851851851854
2.450925925925926
2.726111111111111
2.4285185185185183
2.734259259259259
2.497777777777778
2.671111111111111
2.83037037037037
2.308148148148148
2.0388888888888888
2.443888888888889
2.2757407407407406
2.3157407407407407
2.4155555555555557
2.3966666666666665
2.3494444444444444
2.397407407407407
2.9231481481481483
2.41
2.114259259259259
2.4968518518518517
2.3914814814814815
2.299074074074074
2.225740740740741
2.3048148148148146
2.1777777777777776
2.3766666666666665
2.986666666666667
2.3892592592592594
2.180740740740741
2.8451851851851853
2.123148148148148
2.52
2.557777777777778
2.254074074074074
2.572962962962963
2.557962962962963
2.206111111111111
2.156111111111111
2.4266666666666667
2.390740740740741
2.3964814814814814
2.246111111111111
2.4340740740740743
2.031851851851852
1.9544444444444444
2.469074074074074
2.2288888888888887
1.974074074074074
2.484814814814815
2.147407407407407
1.9846296296296295
2.2794444444444446
2.185925925925926
2.3364814814814814
2.013333333333333
2.4455555555555555
2.530740740740741
2.4124074074074073
2.2014814814814816
2.397037037037037
2.676296296296296
2.0503703703703704
2.197962962962963
2.147962962962963
2.5637037037037036
2.4324074074074074
1.9303703703703703
1.9907407407407407
1.9568518518518518
2.1624074074074073
2.367777777777778
2.266111111111111
2.0342592592592594
1.7944444444444445
1.9738888888888888
5.477037037037037
2.0555555555555554
2.39537037037037
2.0366666666666666
2.0775925925925924
1.7551851851851852
1.960925925925926
1.7216666666666667
2.1622222222222223
2.089074074074074
2.125185185185185
2.4537037037037037
2.1185185185185187
2.037037037037037
1.8994444444444445
2.0566666666666666
1.8083333333333333
1.924074074074074
2.133703703703704
1.9207407407407406
2.0144444444444445
2.2937037037037036
1.9225925925925926
2.513888888888889
1.691111111111111
1.9164814814814815
2.129074074074074
2.122962962962963
1.7687037037037037
2.201111111111111
1.9507407407407407
1.9559259259259258
2.1114814814814813
2.044814814814815
1.9727777777777777
1.921851851851852
2.3607407407407406
2.044814814814815
1.7038888888888888
1.8711111111111112
1.777037037037037
1.997962962962963
2.0548148148148146
1.7285185185185186
1.6825925925925926
1.7005555555555556
2.0174074074074073
2.205740740740741
1.8751851851851853
1.8657407407407407
1.8353703703703703
1.75
1.7059259259259258
1.7338888888888888
1.6677777777777778
2.0255555555555556
2.165185185185185
1.8675925925925927
2.2222222222222223
1.7914814814814815
1.637037037037037
1.9668518518518519
1.6188888888888888
1.671851851851852
2.2183333333333333
1.9522222222222223
1.7205555555555556
1.5535185185185185
1.5627777777777778
1.8801851851851852
1.6825925925925926
1.739814814814815
1.6383333333333334
1.978888888888889
1.7166666666666666
1.8225925925925925
1.5794444444444444
1.8633333333333333
1.7414814814814814
2.4033333333333333
1.7883333333333333
1.7737037037037038
1.5785185185185184
1.7338888888888888
1.717962962962963
2.2755555555555556
1.6235185185185186
1.4835185185185185
1.8375925925925927
1.6322222222222222
1.5574074074074074
1.684074074074074
1.605925925925926
1.9322222222222223
1.6537037037037037
1.731111111111111
1.517037037037037
1.6212962962962962
1.8557407407407407
1.6274074074074074
1.4718518518518517
1.529074074074074
1.744074074074074
1.6666666666666667
1.568888888888889
1.7101851851851853
1.685
1.5622222222222222
1.7183333333333333
1.3255555555555556
1.5827777777777778
1.7164814814814815
1.4972222222222222
1.6468518518518518
1.5903703703703704
1.6037037037037036
1.545
1.7996296296296297
1.5414814814814815
1.6212962962962962
2.135925925925926
1.8503703703703704
1.6870370370370371
1.5892592592592591
1.5655555555555556
1.6288888888888888
1.4633333333333334
1.6498148148148148
1.5648148148148149
1.625925925925926
1.7725925925925925
1.5172222222222222
2.0494444444444446
5.325555555555556
1.900925925925926
1.3451851851851853
1.4175925925925925
1.3953703703703704
1.3833333333333333
1.7896296296296297
1.583888888888889
1.6272222222222221
1.4272222222222222
1.6888888888888889
1.394074074074074
1.7248148148148148
1.5551851851851852
1.7362962962962962
1.5453703703703703
1.3246296296296296
1.3935185185185186
1.6614814814814816
1.8522222222222222
1.2677777777777777
1.4642592592592591
2.361851851851852
1.3025925925925925
1.6053703703703703
2.260925925925926
5.3372222222222225
2.117777777777778
2.952777777777778
1.5775925925925927
1.337962962962963
1.6287037037037038
1.4596296296296296
1.5261111111111112
1.452037037037037
1.5509259259259258
1.4364814814814815
3.2403703703703703
5.433333333333334
1.5098148148148147
2.307962962962963
1.2038888888888888
1.2662962962962963
1.4066666666666667
1.433888888888889
2.133888888888889
1.7527777777777778
1.693148148148148
1.35
1.2698148148148147
1.3946296296296297
1.3698148148148148
1.4377777777777778
1.3864814814814814
1.326851851851852
1.182962962962963
1.5042592592592592
2.1944444444444446
1.4046296296296297
1.6377777777777778
1.2766666666666666
1.5862962962962963
1.4388888888888889
1.3253703703703703
1.4416666666666667
1.3516666666666666
1.36
1.247962962962963
1.366111111111111
1.442037037037037
1.9555555555555555
1.2272222222222222
1.2898148148148147
1.557962962962963
17.06833333333333
2.1081481481481483
1.3344444444444445
1.352962962962963
1.4761111111111112
1.0985185185185184
1.4190740740740742
13.940740740740742
2.0346296296296296
1.5687037037037037
6.336666666666667
1.355925925925926
12.721111111111112
1.502962962962963
1.5837037037037036
4.649259259259259
3.2353703703703705
1.4116666666666666
1.8174074074074074
1.7775925925925926
1.3442592592592593
1.3816666666666666
2.270925925925926
1.6798148148148149
18.127777777777776
3.4411111111111112
