11.209259259259259
9.001666666666667
8.862222222222222
9.616666666666667
8.945925925925925
9.652592592592592
7.749444444444444
10.490370370370371
9.432037037037038
9.63962962962963
11.475
8.419814814814815
11.336666666666666
9.35462962962963
10.912222222222223
11.529074074074074
9.138703703703703
8.644074074074075
8.77037037037037
10.382407407407408
10.137037037037038
9.897222222222222
9.146481481481482
8.508148148148148
8.796666666666667
8.210185185185185
8.312037037037037
9.543703703703704
8.288518518518519
9.62425925925926
9.601851851851851
8.89074074074074
9.87962962962963
9.26462962962963
8.480925925925925
15.424074074074074
11.037222222222223
8.425185185185185
8.523333333333333
8.256481481481481
7.979444444444445
7.798333333333333
7.760185185185185
8.796111111111111
8.725185185185186
9.723333333333333
8.217407407407407
8.063148148148148
7.914074074074074
8.623703703703704
8.404074074074074
6.8187037037037035
7.677222222222222
6.971481481481481
7.143703703703704
8.910185185185185
8.341666666666667
7.902777777777778
8.732037037037037
8.27111111111111
7.104259259259259
7.701666666666667
7.305
8.467407407407407
7.342777777777778
9.21537037037037
7.438148148148148
8.291851851851852
7.39
6.9692592592592595
8.29574074074074
6.4964814814814815
7.8966666666666665
7.255
7.054814814814815
7.584074074074074
7.065
7.054444444444444
7.985185185185185
6.869259259259259
7.962962962962963
7.898888888888889
6.775185185185185
6.578703703703703
6.737962962962963
7.803888888888889
7.200185185185185
8.451481481481482
7.1338888888888885
7.421111111111111
7.517777777777778
6.942407407407408
7.098333333333334
7.151481481481482
7.291666666666667
6.744259259259259
6.508518518518518
7.097962962962963
6.436296296296296
7.361481481481482
6.185925925925926
6.536296296296296
7.335740740740741
6.15962962962963
5.865
6.62537037037037
6.982037037037037
7.568888888888889
7.316481481481482
6.557222222222222
6.285555555555556
7.122222222222222
6.8714814814814815
7.711111111111111
6.732222222222222
6.519444444444445
6.351111111111111
6.087777777777778
6.143148148148148
6.321666666666666
6.023333333333333
6.678888888888889
7.431666666666667
6.062777777777778
6.548518518518518
6.367962962962963
5.818148148148148
6.491851851851852
6.71425925925926
6.946296296296296
6.286296296296296
6.3442592592592595
6.306666666666667
6.757777777777778
6.557222222222222
6.202037037037037
5.959444444444444
6.15537037037037
6.286296296296296
5.682037037037037
5.835925925925926
7.0505555555555555
6.215740740740741
6.0216666666666665
6.461296296296296
6.806111111111111
5.825925925925926
5.917777777777777
5.838333333333333
7.183148148148148
6.351666666666667
6.590185185185185
6.222037037037037
6.436481481481482
5.701851851851852
5.494074074074074
5.980185185185185
5.420925925925926
6.357222222222222
5.8187037037037035
5.742962962962963
7.195185185185185
5.629444444444444
6.259074074074074
5.368888888888889
5.5274074074074075
6.173518518518518
5.762037037037037
5.646481481481482
5.202407407407407
6.051851851851852
5.783148148148148
5.51
6.063518518518518
5.77
6.360185185185185
5.974814814814815
6.042407407407407
5.970370370370371
5.461481481481481
5.062592592592592
5.59462962962963
6.295555555555556
5.656481481481482
5.506296296296297
5.306481481481481
5.0579629629629625
5.325555555555556
5.905
6.055370370370371
6.822962962962963
5.915555555555556
4.767037037037037
5.575555555555556
5.301666666666667
5.389814814814815
5.360185185185185
5.6285185185185185
5.772962962962963
4.815185185185185
6.676481481481481
5.428888888888889
5.155555555555556
5.071851851851852
4.964814814814815
4.935740740740741
4.8751851851851855
5.351851851851852
5.233518518518519
5.379444444444444
4.948148148148148
6.161296296296296
5.339814814814815
5.202037037037037
4.470370370370371
5.301296296296297
4.964814814814815
5.08962962962963
5.622037037037037
5.322037037037037
5.556111111111111
5.459074074074074
4.932222222222222
5.556666666666667
4.9598148148148145
4.407407407407407
4.789074074074074
4.656851851851852
5.205
4.741296296296296
4.752962962962963
4.575555555555556
5.990185185185185
5.022962962962963
4.642777777777778
4.794074074074074
4.501666666666667
4.934814814814815
4.816666666666666
4.247962962962963
4.603518518518518
5.04925925925926
4.0962962962962965
4.3785185185185185
4.960925925925926
4.452222222222222
3.7585185185185184
4.975555555555555
4.800740740740741
4.599814814814815
4.487962962962963
4.591851851851852
5.021296296296296
4.4725925925925925
4.269629629629629
4.446666666666666
4.316296296296296
4.475370370370371
4.038518518518519
4.119814814814815
4.398703703703704
4.4944444444444445
4.458333333333333
5.627592592592593
9.272222222222222
4.169074074074074
4.987777777777778
8.308333333333334
4.29537037037037
4.565185185185185
4.234629629629629
4.277222222222222
4.787962962962963
4.311481481481482
4.022962962962963
4.350925925925926
4.463888888888889
4.135740740740741
4.719444444444444
4.623518518518519
3.9424074074074076
4.045185185185185
4.37037037037037
3.959814814814815
4.034259259259259
4.228148148148148
4.710925925925926
3.919074074074074
4.274259259259259
3.9246296296296297
4.8912962962962965
3.879074074074074
3.7125925925925927
3.8585185185185185
4.133703703703704
3.85037037037037
4.448703703703703
4.021851851851852
3.9485185185185183
4.33925925925926
3.9433333333333334
3.6546296296296297
3.9224074074074076
4.187777777777778
3.9477777777777776
3.8338888888888887
3.532037037037037
3.4685185185185183
3.7707407407407407
3.9098148148148146
3.479814814814815
3.556111111111111
3.39962962962963
3.946111111111111
4.396111111111111
3.698148148148148
3.8964814814814814
3.584814814814815
3.511111111111111
3.566851851851852
3.2694444444444444
3.3833333333333333
3.95962962962963
4.185925925925926
3.597962962962963
3.8574074074074076
4.094074074074074
3.4725925925925925
3.698703703703704
3.3924074074074073
3.4637037037037035
4.017777777777778
4.004814814814814
3.7264814814814815
3.4722222222222223
4.916666666666667
3.682962962962963
3.5681481481481483
3.387037037037037
3.444074074074074
3.858888888888889
3.6074074074074076
3.5362962962962965
3.3505555555555557
3.615
3.615925925925926
4.267592592592592
3.5457407407407406
3.8196296296296297
3.269814814814815
3.4455555555555555
3.7666666666666666
4.118518518518519
3.2624074074074074
3.1957407407407405
3.49
3.406296296296296
3.341851851851852
3.4827777777777778
3.3775925925925927
3.723148148148148
3.4046296296296297
3.862037037037037
4.24574074074074
3.227592592592593
5.204814814814815
3.3222222222222224
3.3194444444444446
2.8962962962962964
3.576111111111111
3.195925925925926
3.1555555555555554
3.299259259259259
3.3198148148148148
3.4048148148148147
3.5305555555555554
2.9635185185185184
3.0394444444444444
3.310925925925926
3.0137037037037038
3.2862962962962965
3.455925925925926
3.3396296296296297
3.186851851851852
3.423703703703704
3.247037037037037
3.3383333333333334
3.6998148148148147
3.474814814814815
3.3396296296296297
3.0681481481481483
3.3918518518518517
3.2174074074074075
3.012962962962963
3.162777777777778
3.223888888888889
3.1164814814814816
3.262037037037037
2.9698148148148147
3.5966666666666667
6.897407407407408
3.2268518518518516
2.954814814814815
3.131666666666667
2.857222222222222
3.0231481481481484
3.1907407407407407
3.095925925925926
3.032037037037037
2.913148148148148
3.221111111111111
2.865925925925926
3.2953703703703705
3.173888888888889
3.282962962962963
3.130925925925926
2.745185185185185
2.9724074074074074
2.9516666666666667
3.008888888888889
2.7514814814814814
3.1618518518518517
3.857222222222222
2.752407407407407
2.917962962962963
3.551851851851852
6.645740740740741
3.673888888888889
4.244259259259259
2.8866666666666667
2.876851851851852
2.8538888888888887
2.8074074074074074
2.8864814814814816
2.908888888888889
3.0316666666666667
2.89962962962963
4.578703703703703
6.440555555555555
3.055925925925926
3.8766666666666665
2.5735185185185183
2.9496296296296296
2.636296296296296
2.7733333333333334
3.3896296296296295
3.1803703703703703
3.200740740740741
2.6246296296296294
2.5755555555555554
2.8594444444444442
2.825740740740741
2.6633333333333336
2.8635185185185184
2.5951851851851853
2.5985185185185187
3.0764814814814816
3.636296296296296
2.593148148148148
2.9407407407407407
2.946111111111111
3.1605555555555553
3.1687037037037036
3.1744444444444446
2.694074074074074
2.4724074074074074
2.5388888888888888
2.485
2.774814814814815
2.625
3.5844444444444443
2.437037037037037
2.4774074074074073
2.695
18.18722222222222
3.6324074074074075
2.61
2.7514814814814814
2.9520370370370372
2.4337037037037037
2.7675925925925924
15.171111111111111
3.352592592592593
2.956851851851852
7.7283333333333335
2.60462962962963
13.951296296296297
2.6214814814814815
2.729074074074074
5.85
4.447592592592593
2.7503703703703706
2.911111111111111
3.009259259259259
2.6174074074074074
2.6355555555555554
3.464814814814815
2.7798148148148147
19.297962962962963
4.443148148148148
