28708
21898
19654
24738
25688
26661
18859
25126
26254
28964
31341
21348
32504
27846
30603
33472
26133
22610
20436
30430
28441
28197
24347
23573
23403
25381
21596
28684
26862
25968
26176
28846
26227
21681
26569
62797
34326
24899
20749
22439
23388
23204
18856
21554
28982
23311
22448
19347
22368
21931
20621
19829
22818
19373
19813
22655
24635
21650
23326
19897
18816
24708
19485
23443
20667
30752
19343
23268
19697
18673
22487
17776
20322
20736
22545
20472
16366
16722
22199
17094
21233
20803
17476
18854
16649
20795
18337
22859
19146
22028
19831
18353
21029
20303
20665
17318
16647
18042
17785
20055
16451
18270
18147
17532
16725
18341
20297
21152
20907
18965
17938
17155
18443
23097
19431
19918
18341
15517
16969
17266
16471
17129
23755
16368
16820
17054
16118
18657
19081
18071
19347
16959
19261
18454
18606
17723
14745
15823
18048
15179
16785
20853
17324
18308
16943
21443
18364
16151
18264
22506
19871
19522
17089
16322
17839
15698
16523
14850
20672
17015
14528
17863
15112
16601
13062
16168
16989
16578
15920
15151
16889
18254
14991
16074
16146
21028
15830
18184
17073
15862
12807
16525
17389
15559
16248
15027
15284
13766
18478
19161
17733
15932
12507
15387
15515
14340
15457
15970
15890
13538
25043
16119
15551
14883
13766
13711
13639
15954
12476
16035
15303
19788
15921
15676
12121
16181
15050
14650
14231
15837
18227
14115
15169
16398
12971
11628
11967
11334
16194
13960
12562
11798
19406
14995
11927
14916
13755
13315
13974
12279
11441
15670
11403
11335
14985
11425
9424
13662
12258
11812
12347
11852
12663
13080
11187
12413
9464
11032
11384
11497
13186
12593
11289
18152
39085
12823
16275
15289
12095
11717
11869
11878
16377
12693
12427
11819
12824
10857
12235
13527
10289
11587
12494
11618
11395
11310
15067
10285
10695
10811
12838
11815
9699
9339
10858
11241
12137
11184
10760
12030
10252
9082
10803
9866
10276
11502
8969
9134
9573
10017
9457
10117
9175
10415
11828
9844
10966
9447
9510
10049
8292
9264
10444
10912
9344
8830
12434
9912
9352
9577
9676
9717
11084
10832
10361
18111
9735
10182
8895
9751
10152
10210
9254
9564
9459
10122
10067
9490
11048
9133
9243
11063
9952
8850
9246
8923
9580
9636
9713
9567
9671
9455
11507
14735
8674
18085
9152
9977
7383
9893
8258
8568
8581
8828
9950
9786
8845
7866
8610
8189
8853
10074
9374
8866
8770
9210
9272
8445
8772
8924
7986
9862
8578
8368
8170
8959
8049
8043
7844
8355
8488
7160
8692
9256
7894
8855
7566
8165
7586
8024
8274
7948
8481
8741
8352
8562
7671
8526
6967
6246
8012
9167
8075
7829
7088
6971
7066
8403
6974
7069
8310
6616
7278
7346
7867
7996
7901
7227
5439
8349
8471
7396
9090
6640
7233
6781
7709
8141
6883
7051
7910
7862
6618
7976
6849
7644
8490
7786
6418
7036
9015
8501
9341
9985
6763
6052
6366
6680
7607
6388
8796
6533
6413
6140
6042
8231
6888
7552
7970
7210
7282
6644
7117
7496
7515
6743
6643
6040
6185
6484
6546
7229
5906
6651
6875
6771
6447
5940
6319
5411
