-106487.0
-99726.5
-107446.25
-99427.25
-73538.25
-97388.5
-81917.0
-103153.0
-87610.0
-87177.5
-125005.25
-88075.5
-110603.0
-85904.0
-90238.25
-109112.75
-79355.25
-89231.0
-91556.25
-106944.5
-95524.25
-90634.5
-91858.5
-86910.25
-87648.25
-86305.75
-85669.75
-88979.75
-74988.0
-97542.5
-96127.25
-77063.75
-109232.25
-104668.5
-72570.5
-176819.0
-98503.75
-76060.5
-93955.25
-89033.25
-74537.0
-67933.5
-77978.75
-90668.0
-68540.75
-114190.5
-72689.0
-95833.25
-75912.75
-85013.5
-82269.25
-68813.25
-68845.75
-68662.5
-68964.5
-97868.25
-76440.25
-76655.75
-82236.75
-84317.75
-78912.25
-66078.5
-80798.75
-78666.0
-77470.0
-81724.5
-83841.0
-96069.25
-72499.25
-67398.5
-83865.25
-70314.25
-76919.75
-73182.0
-66298.25
-79642.25
-66817.5
-69995.5
-80819.25
-79514.0
-91345.0
-81119.0
-71121.25
-59610.75
-73410.75
-84717.75
-68860.75
-98533.25
-74773.25
-67193.5
-77211.5
-73167.75
-68663.25
-65727.0
-62168.5
-67955.25
-68240.75
-75629.75
-69250.0
-74832.75
-58824.0
-69647.5
-87532.25
-65094.75
-52421.5
-65466.5
-73133.5
-66058.0
-71074.0
-68271.5
-56595.0
-84575.25
-54900.5
-74417.5
-74373.5
-62751.25
-61644.75
-57231.75
-66352.75
-50600.75
-63349.75
-69364.75
-73395.75
-56541.5
-62166.25
-63362.5
-60168.25
-59766.75
-69975.25
-68314.75
-59284.0
-66066.25
-67877.75
-61925.75
-60603.5
-53621.25
-58700.0
-64737.5
-59910.75
-55620.75
-53646.5
-76789.5
-56728.0
-49283.5
-55068.5
-63717.75
-49028.0
-62499.5
-51283.75
-62109.0
-60959.25
-55294.5
-58811.75
-58554.0
-50343.75
-44695.25
-64879.0
-54959.25
-57495.75
-52330.0
-52536.75
-81584.75
-52855.25
-63611.75
-60597.25
-54297.0
-67307.5
-52442.25
-49989.0
-50097.75
-59195.75
-48302.25
-52033.75
-65482.0
-52688.5
-55261.75
-51711.5
-59656.75
-50897.5
-52022.0
-59461.75
-49465.75
-56694.25
-52244.0
-43993.25
-46072.0
-56472.25
-47729.5
-49354.25
-54498.5
-75252.75
-50912.75
-49132.25
-59702.0
-52844.25
-51942.75
-50288.25
-49252.5
-62552.25
-46283.5
-49820.0
-41003.25
-49269.25
-45689.0
-46541.0
-43747.25
-55574.75
-43943.75
-60829.75
-47909.0
-41496.5
-54139.5
-54378.75
-49082.25
-42880.25
-46356.5
-34555.5
-50546.75
-47288.0
-60033.0
-44882.0
-58878.75
-48407.0
-67300.0
-52743.75
-44758.5
-49615.0
-59898.75
-55200.5
-52872.0
-43352.25
-42123.75
-45914.5
-36498.0
-40429.0
-48797.75
-42822.0
-62331.75
-45671.5
-44324.0
-65522.5
-38573.5
-37419.75
-49459.25
-44349.5
-40302.25
-35042.5
-48210.75
-54330.25
-34308.5
-47343.75
-42890.0
-55626.75
-38241.5
-46687.75
-48241.5
-47718.25
-39985.25
-38580.75
-46038.75
-38166.0
-43047.25
-49579.75
-59795.25
-58785.75
-36234.75
-50814.5
-95299.5
-47717.75
-52866.0
-39908.5
-43521.75
-38302.75
-47949.5
-33706.5
-38673.75
-47888.75
-43249.25
-41868.0
-41587.0
-54526.0
-39550.75
-44929.5
-34473.0
-33476.0
-42242.0
-51285.75
-36503.5
-48243.25
-41461.75
-58784.5
-34194.75
-37050.0
-43409.75
-41822.5
-32687.0
-53672.75
-42771.25
-36790.5
-43206.75
-35054.25
-32388.5
-35265.5
-41930.75
-36861.0
-38952.0
-35356.75
-31842.75
-35243.25
-34033.25
-38585.75
-31526.5
-22851.25
-52550.75
-51222.25
-36080.75
-42622.25
-34966.0
-37916.75
-29608.25
-29589.25
-27499.5
-43351.75
-42332.25
-37968.75
-38231.25
-34884.75
-33222.5
-40502.75
-27451.25
-37346.25
-37747.25
-42158.0
-43120.0
-28695.75
-39961.5
-39535.75
-31687.25
-31095.0
-32995.5
-41270.25
-28991.75
-36839.75
-31526.5
-26517.5
-39964.0
-37295.25
-29719.5
-31619.75
-26750.5
-38079.25
-39080.25
-46472.0
-31256.75
-30526.25
-35215.25
-31200.0
-28375.0
-40240.75
-31853.25
-32233.75
-37998.75
-28901.0
-38143.0
-24946.75
-35229.25
-34647.5
-29494.75
-25127.25
-43009.5
-29769.5
-37309.75
-32044.0
-33858.75
-37741.75
-30001.5
-25218.5
-34756.0
-30719.75
-28636.5
-33106.0
-35029.25
-33886.5
-30721.5
-29654.5
-36360.0
-30293.5
-34188.5
-30169.5
-32873.75
-31634.25
-29959.25
-35430.0
-30203.75
-26446.5
-27329.0
-35947.0
-32232.75
-34556.75
-40904.5
-77484.25
-31416.75
-24797.5
-23128.75
-35741.75
-27153.25
-33920.0
-34746.0
-30120.0
-30045.0
-31242.0
-30988.25
-37823.75
-26859.0
-29567.25
-26822.5
-30667.25
-28344.0
-34067.5
-39345.25
-25106.25
-34545.5
-33870.0
-30838.5
-33812.75
-34724.0
-80632.0
-45111.0
-54481.75
-27890.0
-24184.75
-30692.25
-30179.25
-32646.5
-23104.0
-30741.25
-24962.0
-53395.0
-86931.25
-30996.25
-39517.75
-20180.0
-22804.75
-23008.5
-22624.25
-35127.75
-38060.0
-32340.0
-27851.0
-21085.75
-28775.25
-25117.5
-24871.25
-26609.0
-25169.0
-22586.25
-32004.75
-39293.75
-29560.5
-29277.5
-25869.75
-23978.5
-27205.25
-28776.25
-26691.75
-30994.5
-24072.5
-19617.75
-25026.25
-28539.0
-37022.25
-20944.25
-19787.25
-28926.75
-284901.25
-51537.25
-26379.25
-27250.5
-27182.5
-24999.0
-17974.75
-190290.5
-36862.25
-26524.5
-101622.5
-27071.0
-199925.25
-25664.75
-25245.5
-75384.25
-59681.5
-28293.75
-26221.25
-29596.5
-23187.5
-22967.5
-37106.75
-31032.75
-249725.75
-57501.75
