-100595.0
-84423.5
-85602.75
-98826.5
-89030.0
-108664.75
-72861.0
-87394.0
-94550.75
-103044.25
-139380.75
-86631.0
-118184.5
-90274.25
-95423.0
-120012.75
-80736.5
-87199.25
-71873.75
-127631.0
-101040.25
-101687.75
-89097.75
-88251.25
-85407.5
-102159.5
-83715.0
-103798.5
-100206.5
-102008.25
-96466.25
-94682.0
-94105.25
-92838.5
-88275.75
-259295.5
-116969.75
-89545.75
-83354.25
-81992.0
-81901.75
-81829.0
-70188.0
-81055.25
-94042.25
-95944.0
-81531.0
-75796.25
-90927.5
-82423.0
-71670.5
-70816.5
-79503.75
-73339.75
-72275.25
-84184.75
-90141.5
-80690.5
-80463.25
-75810.5
-75254.75
-84323.25
-75264.0
-85870.0
-71256.5
-109789.25
-80876.0
-93408.75
-71884.5
-63587.75
-86083.75
-69756.5
-68152.75
-83848.5
-89834.0
-83342.5
-54462.75
-68599.5
-73335.75
-73169.5
-83337.25
-87972.0
-74944.5
-65806.25
-61526.25
-83496.5
-72864.0
-94297.0
-73556.25
-87465.25
-68243.5
-68760.5
-78089.75
-70589.75
-66660.5
-64539.5
-61114.0
-72232.5
-73504.25
-79068.0
-59127.25
-83566.75
-79385.25
-66052.25
-54783.25
-64865.5
-76400.0
-71935.25
-85862.75
-70809.5
-56722.25
-75346.5
-62033.5
-87173.75
-77231.75
-73982.75
-67334.75
-55365.0
-73890.25
-55367.25
-68289.75
-62063.25
-79033.5
-58559.5
-61371.25
-62794.25
-54562.75
-67322.0
-73430.25
-68430.75
-63222.5
-59972.25
-77337.25
-67646.75
-65392.5
-63100.5
-53212.0
-58398.5
-62289.25
-51732.25
-52989.0
-79974.25
-55602.75
-61372.0
-54543.0
-76218.0
-67603.0
-52850.25
-61917.25
-79811.0
-69360.0
-73642.0
-61359.0
-56342.25
-61152.0
-52271.0
-60363.25
-56467.0
-63536.5
-56568.5
-46286.5
-72574.5
-56255.5
-60800.0
-57758.25
-58403.75
-68730.0
-55366.5
-54489.5
-56719.0
-65816.0
-59673.25
-55364.25
-69109.5
-57376.0
-81041.0
-61257.25
-71491.75
-52147.25
-63218.5
-56370.25
-59262.0
-60302.25
-50775.0
-50745.5
-53951.25
-62067.25
-47350.75
-64556.25
-71786.5
-80682.0
-53125.75
-57310.0
-56301.5
-60834.25
-49614.25
-52994.0
-49645.75
-61627.75
-45159.75
-72049.5
-47698.25
-51426.5
-48322.0
-51091.75
-49725.5
-58422.0
-50530.0
-50049.25
-63386.5
-50428.0
-73539.0
-61076.0
-56110.5
-45055.0
-55054.5
-44793.0
-55762.5
-39973.25
-66998.5
-59991.5
-50224.0
-53976.0
-58611.0
-46941.75
-48461.5
-53055.0
-48568.5
-71668.25
-59138.25
-43042.5
-36417.0
-71825.25
-41932.75
-39401.75
-55278.5
-53223.75
-60126.0
-51351.5
-48741.25
-58193.75
-50215.5
-40063.75
-46665.75
-65637.5
-39068.0
-32230.5
-50312.5
-48149.25
-35465.75
-52103.5
-54358.25
-53722.0
-38069.25
-43726.5
-44841.25
-37907.0
-42210.25
-41075.0
-50149.25
-39568.0
-43727.5
-49451.25
-64238.5
-104462.5
-44031.0
-66455.0
-67179.25
-46791.75
-48489.75
-42078.0
-42901.75
-57085.25
-50977.0
-43295.0
-39065.5
-52925.25
-48507.5
-39624.75
-43304.0
-50051.75
-40539.75
-45570.5
-35839.75
-33200.75
-42236.75
-60614.75
-35450.0
-38889.25
-44354.0
-52940.75
-42405.0
-41755.0
-40956.75
-39396.75
-36242.0
-53775.25
-44662.25
-34692.25
-46625.75
-33749.5
-31259.5
-36312.5
-32232.75
-32255.75
-42776.75
-35092.5
-33253.0
-35429.0
-32099.75
-41642.25
-35635.5
-26530.25
-49856.5
-49017.0
-34382.75
-46989.25
-33575.0
-40854.5
-32775.5
-28081.25
-29346.5
-38443.75
-44849.0
-36188.0
-36508.0
-35894.75
-35313.5
-37488.0
-30940.0
-37218.25
-32394.0
-42713.0
-45059.25
-33869.5
-58485.0
-38216.5
-35787.75
-30626.0
-35387.0
-38548.5
-31652.0
-34969.5
-30916.0
-29072.0
-41066.75
-36052.5
-26991.5
-34565.25
-28652.25
-34055.25
-41902.0
-38188.5
-32997.75
-31278.5
-34050.0
-34700.5
-30805.75
-38654.0
-33908.0
-36535.75
-38137.0
-37364.0
-48508.75
-28585.0
-55815.25
-40887.5
-42046.5
-26515.75
-46209.5
-28378.25
-41701.5
-30566.5
-31282.25
-37945.0
-36081.75
-30171.0
-35520.75
-27484.75
-28655.5
-34865.25
-34337.0
-35125.75
-32054.5
-29044.5
-34928.25
-29158.25
-28839.25
-25061.0
-32339.75
-29312.75
-36593.25
-35849.25
-28963.0
-25438.75
-26634.0
-28650.5
-30683.0
-35976.25
-40340.75
-51104.0
-30256.0
-27474.75
-30368.0
-29419.5
-31654.0
-31440.25
-35459.0
-28933.5
-28392.75
-31817.25
-30768.5
-33541.25
-31007.25
-27866.75
-30359.75
-32696.75
-29101.5
-31055.75
-28030.25
-28705.25
-35278.75
-30830.75
-32184.0
-29361.5
-31900.75
-45340.25
-38788.0
-31825.5
-24036.75
-28476.75
-24894.75
-27966.75
-27321.75
-24092.75
-31559.25
-24129.25
-31212.5
-50106.75
-32884.0
-33703.5
-23852.75
-24445.75
-20388.25
-23260.5
-24550.75
-34686.25
-28280.25
-23800.25
-20576.25
-30387.0
-25918.5
-20453.25
-31921.75
-25149.25
-25643.5
-33121.25
-25266.0
-26061.5
-23230.0
-28219.25
-24546.0
-27494.75
-35399.0
-24983.0
-25896.75
-21728.0
-18723.5
-24397.0
-21365.0
-29063.75
-21548.5
-20519.0
-22155.25
-73824.75
-29600.0
-26117.75
-27644.75
-27684.75
-32385.75
-18385.5
-71290.5
-25197.75
-23784.25
-37136.75
-21476.25
-77506.0
-24101.0
-19355.25
-34609.0
-27944.25
-26411.5
-25388.75
-26165.75
-20090.75
-25554.75
-28439.25
-23044.5
-90796.25
-24945.5
