-207082.0
-184150.0
-193049.0
-198253.75
-162568.25
-206053.25
-154778.0
-190547.0
-182160.75
-190221.75
-264386.0
-174706.5
-228787.5
-176178.25
-185661.25
-229125.5
-160091.75
-176430.25
-163430.0
-234575.5
-196564.5
-192322.25
-180956.25
-175161.5
-173055.75
-188465.25
-169384.75
-192778.25
-175194.5
-199550.75
-192593.5
-171745.75
-203337.5
-197507.0
-160846.25
-436114.5
-215473.5
-165606.25
-177309.5
-171025.25
-156438.75
-149762.5
-148166.75
-171723.25
-162583.0
-210134.5
-154220.0
-171629.5
-166840.25
-167436.5
-153939.75
-139629.75
-148349.5
-142002.25
-141239.75
-182053.0
-166581.75
-157346.25
-162700.0
-160128.25
-154167.0
-150401.75
-156062.75
-164536.0
-148726.5
-191513.75
-164717.0
-189478.0
-144383.75
-130986.25
-169949.0
-140070.75
-145072.5
-157030.5
-156132.25
-162984.75
-121280.25
-138595.0
-154155.0
-152683.5
-174682.25
-169091.0
-146065.75
-125417.0
-134937.0
-168214.25
-141724.75
-192830.25
-148329.5
-154658.75
-145455.0
-141928.25
-146753.0
-136316.75
-128829.0
-132494.75
-129354.75
-147862.25
-142754.25
-153900.75
-117951.25
-153214.25
-166917.5
-131147.0
-107204.75
-130332.0
-149533.5
-137993.25
-156936.75
-139081.0
-113317.25
-159921.75
-116934.0
-161591.25
-151605.25
-136734.0
-128979.5
-112596.75
-140243.0
-105968.0
-131639.5
-131428.0
-152429.25
-115101.0
-123537.5
-126156.75
-114731.0
-127088.75
-143405.5
-136745.5
-122506.5
-126038.5
-145215.0
-129572.5
-125996.0
-116721.75
-111912.0
-123136.0
-122200.0
-107353.0
-106635.5
-156763.75
-112330.75
-110655.5
-109611.5
-139935.75
-116631.0
-115349.75
-113201.0
-141920.0
-130319.25
-128936.5
-120170.75
-114896.25
-111495.75
-96966.25
-125242.25
-111426.25
-121032.25
-108898.5
-98823.25
-154159.25
-109110.75
-124411.75
-118355.5
-112700.75
-136037.5
-107808.75
-104478.5
-106816.75
-125011.75
-107975.5
-107398.0
-134591.5
-110064.5
-136302.75
-112968.75
-131148.5
-103044.75
-115240.5
-115832.0
-108727.75
-116996.5
-103019.0
-94738.75
-100023.25
-118539.5
-95080.25
-113910.5
-126285.0
-155934.75
-104038.5
-106442.25
-116003.5
-113678.5
-101557.0
-103282.25
-98898.25
-124180.0
-91443.25
-121869.5
-88701.5
-100695.75
-94011.0
-97632.75
-93472.75
-113996.75
-94473.75
-110879.0
-111295.5
-91924.5
-127678.5
-115454.75
-105192.75
-87935.25
-101411.0
-79348.5
-106309.25
-87261.25
-127031.5
-104873.5
-109102.75
-102383.0
-125911.0
-99685.5
-93220.0
-102670.0
-108467.25
-126868.75
-112010.25
-86394.75
-78540.75
-117739.75
-78430.75
-79830.75
-104076.25
-96045.75
-122457.75
-97023.0
-93065.25
-123716.25
-88789.0
-77483.5
-96125.0
-109987.0
-79370.25
-67273.0
-98523.25
-102479.5
-69774.25
-99447.25
-97248.25
-109348.75
-76310.75
-90414.25
-93082.75
-85625.25
-82195.5
-79655.75
-96188.0
-77734.0
-86774.75
-99031.0
-124033.75
-163248.25
-80265.75
-117269.5
-162478.75
-94509.5
-101355.75
-81986.5
-86423.5
-95388.0
-98926.5
-77001.5
-77739.25
-100814.0
-91756.75
-81492.75
-84891.0
-104577.75
-80090.5
-90500.0
-70312.75
-66676.75
-84478.75
-111900.5
-71953.5
-87132.5
-85815.75
-111725.25
-76599.75
-78805.0
-84366.5
-81219.25
-68929.0
-107448.0
-87433.5
-71482.75
-89832.5
-68803.75
-63648.0
-71578.0
-74163.5
-69116.75
-81728.75
-70449.25
-65095.75
-70672.25
-66133.0
-80228.0
-67162.0
-49381.5
-102407.25
-100239.25
-70463.5
-89611.5
-68541.0
-78771.25
-62383.75
-57670.5
-56846.0
-81795.5
-87181.25
-74156.75
-74739.25
-70779.5
-68536.0
-77990.75
-58391.25
-74564.5
-70141.25
-84871.0
-88179.25
-62565.25
-98446.5
-77752.25
-67475.0
-61721.0
-68382.5
-79818.75
-60643.75
-71809.25
-62442.5
-55589.5
-81030.75
-73347.75
-56711.0
-66185.0
-55402.75
-72134.5
-80982.25
-84660.5
-64254.5
-61804.75
-69265.25
-65900.5
-59180.75
-78894.75
-65761.25
-68769.5
-76135.75
-66265.0
-86651.75
-53531.75
-91044.5
-75535.0
-71541.25
-51643.0
-89219.0
-58147.75
-79011.25
-62610.5
-65141.0
-75686.75
-66083.25
-55389.5
-70276.75
-58204.5
-57292.0
-67971.25
-69366.25
-69012.25
-62776.0
-58699.0
-71288.25
-59451.75
-63027.75
-55230.5
-65213.5
-60947.0
-66552.5
-71279.25
-59166.75
-51885.25
-53963.0
-64597.5
-62915.75
-70533.0
-81245.25
-128588.25
-61672.75
-52272.25
-53496.75
-65161.25
-58807.25
-65360.25
-70205.0
-59053.5
-58437.75
-63059.25
-61756.75
-71365.0
-57866.25
-57434.0
-57182.25
-63364.0
-57445.5
-65123.25
-67375.5
-53811.5
-69824.25
-64700.75
-63022.5
-63174.25
-66624.75
-125972.25
-83899.0
-86307.25
-51926.75
-52661.5
-55587.0
-58146.0
-59968.25
-47196.75
-62300.5
-49091.25
-84607.5
-137038.0
-63880.25
-73221.25
-44032.75
-47250.5
-43396.75
-45884.75
-59678.5
-72746.25
-60620.25
-51651.25
-41662.0
-59162.25
-51036.0
-45324.5
-58530.75
-50318.25
-48229.75
-65126.0
-64559.75
-55622.0
-52507.5
-54089.0
-48524.5
-54700.0
-64175.25
-51674.75
-56891.25
-45800.5
-38341.25
-49423.25
-49904.0
-66086.0
-42492.75
-40306.25
-51082.0
-358726.0
-81137.25
-52497.0
-54895.25
-54867.25
-57384.75
-36360.25
-261581.0
-62060.0
-50308.75
-138759.25
-48547.25
-277431.25
-49765.75
-44600.75
-109993.25
-87625.75
-54705.25
-51610.0
-55762.25
-43278.25
-48522.25
-65546.0
-54077.25
-340522.0
-82447.25
