-159611.0
-161088.0
-148928.0
-257175.0
-136620.0
-198137.0
-249206.0
-137308.0
-220296.0
-135161.0
-172378.0
-312828.0
-126086.0
-278608.0
-187701.0
-217952.0
-137746.0
-184257.0
-98075.0
-165851.0
-153601.0
-280167.0
-284967.0
-202663.0
-120288.0
-206307.0
-172499.0
-154806.0
-168165.0
-165950.0
-128672.0
-472394.0
-169872.0
-127112.0
-174259.0
-181395.0
-263260.0
-182504.0
-181217.0
-296814.0
-127347.0
-197013.0
-110928.0
-112668.0
-425526.0
-197660.0
-311536.0
-118611.0
-130743.0
-102568.0
-119662.0
-184470.0
-101165.0
-108244.0
-146809.0
-103397.0
-190601.0
-197215.0
-269229.0
-125310.0
-320157.0
-147815.0
-166660.0
-379959.0
-240790.0
-160359.0
-149025.0
-189555.0
-182678.0
-160276.0
-144845.0
-147381.0
-113453.0
-136343.0
-231236.0
-213054.0
-157195.0
-147716.0
-247720.0
-214976.0
-130832.0
-154229.0
-569569.0
-359318.0
-122961.0
-811484.0
-216111.0
-127557.0
-129002.0
-139998.0
-112051.0
-138597.0
-113244.0
-476234.0
-145535.0
-926921.0
-124933.0
-157313.0
-195810.0
-219108.0
-130878.0
-140763.0
-133286.0
-76227.0
-102033.0
-270695.0
-92049.0
-166919.0
-179367.0
-366412.0
-94730.0
-365804.0
-99584.0
-93855.0
-145198.0
-105244.0
-188311.0
-150768.0
-164586.0
-123958.0
-135415.0
-119674.0
-349336.0
-198771.0
-135280.0
-192318.0
-289297.0
-103476.0
-583921.0
-298416.0
-270221.0
-1641598.0
-220797.0
-165183.0
-326797.0
-127409.0
-156792.0
-102885.0
-115610.0
-147755.0
-191970.0
-138122.0
-235017.0
-112364.0
-242959.0
-216604.0
-108737.0
-150467.0
-222654.0
-93287.0
-162092.0
-165515.0
-129647.0
-270416.0
-142065.0
-138780.0
-216325.0
-122580.0
-117361.0
-143885.0
-510330.0
-154331.0
-297785.0
-156245.0
-192061.0
-121537.0
-143895.0
-169306.0
-122373.0
-182268.0
-426495.0
-168851.0
-293818.0
-358796.0
-91302.0
-218534.0
-161192.0
-416376.0
-240138.0
-74140.0
-99014.0
-163026.0
-169795.0
-175290.0
-230741.0
-123259.0
-610775.0
-73376.0
-349327.0
-147514.0
-94296.0
-59196.0
-92572.0
-75697.0
-83797.0
-290529.0
-116505.0
-91147.0
-516568.0
-132425.0
-157311.0
-203251.0
-378505.0
-230841.0
-707811.0
-160638.0
-145321.0
-198831.0
-294486.0
-633802.0
-852680.0
-148959.0
-470317.0
-139354.0
-171499.0
-91693.0
-172065.0
-313420.0
-229848.0
-141107.0
-147145.0
-266764.0
-107274.0
-132720.0
-660578.0
-291026.0
-234059.0
-139758.0
-182853.0
-319462.0
-1140631.0
-253003.0
-323221.0
-623064.0
-378333.0
-341044.0
-125863.0
-245103.0
-141654.0
-925944.0
-289839.0
-167538.0
-155211.0
-106163.0
-109841.0
-229159.0
-111671.0
-539377.0
-178789.0
-361192.0
-108699.0
-216961.0
-112967.0
-139997.0
-168467.0
-1001758.0
-353521.0
-257669.0
-215460.0
-145460.0
-136509.0
-113305.0
-160188.0
-125808.0
-151204.0
-105629.0
-95700.0
-109663.0
-96477.0
-109274.0
-112174.0
-187284.0
-195543.0
-190524.0
-240318.0
-225513.0
-882509.0
-348343.0
-169855.0
-947807.0
-7469816.0
-234307.0
-167555.0
-233251.0
-130025.0
-270622.0
-150326.0
-175131.0
-450700.0
-78549.0
-1490878.0
-884938.0
-2648490.0
-172952.0
-252036.0
-317280.0
-1324770.0
-303968.0
-457273.0
-243509.0
-455276.0
-600576.0
-92099.0
-813174.0
-740530.0
-573516.0
-1370518.0
-694914.0
-4450243.0
-110338.0
-122905.0
-133414.0
-273319.0
-375153.0
-380536.0
-164648.0
-440565.0
-2755568.0
-495559.0
-484238.0
-195938.0
-662435.0
-692598.0
-317627.0
-402219.0
-326382.0
-1749019.0
-583499.0
-247581.0
-832901.0
-231792.0
-376410.0
-865630.0
-297331.0
-511027.0
-491993.0
-286891.0
-307639.0
-171122.0
-228963.0
-149851.0
-676826.0
-747748.0
-4055955.0
-1420887.0
-828514.0
-594253.0
-622823.0
-125029.0
-154102.0
-438763.0
-442258.0
-1604804.0
-292236.0
-4512513.0
-430193.0
-105160.0
-289713.0
-144663.0
-140723.0
-201979.0
-1267571.0
-462089.0
-823990.0
-1468798.0
-801933.0
-880719.0
-1674658.0
-373239.0
-5885660.0
-1153482.0
-1107529.0
-791558.0
-421231.0
-565782.0
-744119.0
-886604.0
-3074822.0
-1810653.0
-1345533.0
-206964.0
-450557.0
-935958.0
-108974.0
-549488.0
-227908.0
-3238475.0
-336788.0
-184717.0
-139515.0
-240301.0
-532380.0
-112248.0
-140611.0
-313071.0
-335775.0
-417003.0
-824166.0
-1272354.0
-264477.0
-1711980.0
-172938.0
-234666.0
-183405.0
-103686.0
-100767.0
-161834.0
-883911.0
-337638.0
-120567.0
-173287.0
-370200.0
-282887.0
-298543.0
-754157.0
-622885.0
-894074.0
-435428.0
-419372.0
-117905.0
-250679.0
-388614.0
-617163.0
-384871.0
-1157655.0
-183630.0
-481064.0
-3292448.0
-658002.0
-1825481.0
-3639241.0
-638742.0
-1730033.0
-231160.0
-401584.0
-742706.0
-225042.0
-312834.0
-245838.0
-1344078.0
-1711786.0
-793479.0
-108741.0
-156706.0
-140547.0
-237637.0
-257166.0
-487751.0
-78829.0
-124791.0
-1093768.0
-1733844.0
-319443.0
-1045994.0
-1185143.0
-509353.0
-849343.0
-561124.0
-942961.0
-262491.0
-648563.0
-5111771.0
-272927.0
-249605.0
-364498.0
-268690.0
-176139.0
-183584.0
-399057.0
-953769.0
-309090.0
-797214.0
-18086648.0
-1917382.0
-3242464.0
-293076.0
-1938106.0
-886753.0
-385469.0
-738577.0
-445140.0
-343027.0
-1478817.0
-941900.0
-889879.0
-2372295.0
-4055226.0
-486196.0
-487582.0
-9619117.0
-351067.0
-1214464.0
-339939.0
-7744737.0
-502187.0
-8190985.0
-834884.0
-941111.0
-532902.0
-351839.0
-724259.0
-13155951.0
-1554977.0
-656449.0
-385433.0
-198675.0
-4174869.0
-2521418.0
-372952.0
-1982126.0
-3281105.0
-176040.0
-171377.0
-500840.0
-768256.0
-572643.0
-997804.0
-1148329.0
-113627.0
-519070.0
-1534654.0
-2439838.0
-505938.0
-2994740.0
-506559.0
-2515942.0
-7109758.0
-994862.0
-4666851.0
-1235579.0
-1558622.0
-16598579.0
-3543033.0
-5361889.0
-2844839.0
-5284469.0
-12042359.0
-11401815.0
-56936328.0
-1412639.0
-414706.0
-1800830.0
-4568061.0
-1973317.0
-167966.0
-239500.0
-260330.0
-864722.0
-8226070.0
-2042718.0
-1455831.0
-14653328.0
-6373210.0
-1127633.0
-2095674.0
-792362.0
-3400727.0
-220692.0
-217599.0
-1070138.0
-677973.0
-310068.0
-348343.0
-382336.0
-224518.0
-335945.0
-187335.0
-392971.0
-553668.0
-137541.0
-619513.0
-202404.0
-185441.0
-325610.0
-155045.0
-304114.0
-165126.0
-405011.0
-126504.0
-127104.0
-163455.0
-494976.0
-855852.0
-443699.0
-415699.0
-3148365.0
-473249.0
-9613716.0
-881066.0
-121533.0
-149080.0
-181632.0
-193333.0
-428553.0
-235700.0
-220606.0
-199934.0
-303020.0
-492979.0
-433342.0
-387628.0
-359099.0
-29198069.0
-1656503.0
-4902583.0
-521626.0
-1583540.0
-1487590.0
-1371471.0
-9564514.0
-19419819.0
-17081908.0
-2283317.0
-7429015.0
-6663579.0
-6259864.0
-2323629.0
-1607552.0
-2531669.0
-1798582.0
-1232727.0
-35652057.0
-5171869.0
-6697856.0
-3806924.0
-9942564.0
-1101013.0
-4472635.0
-3169733.0
-12403123.0
-14449839.0
-2231283.0
-2159047.0
-140629.0
-154339.0
-329755.0
-335833.0
-480334.0
-535694.0
-218585.0
-385969.0
-188920.0
-194872.0
-267453.0
-3742992.0
-4761435.0
-2985016.0
-7696198.0
-20011802.0
-8062342.0
-5598523.0
-2561717.0
-10979324.0
-15129681.0
-123468.0
-348938.0
-424051.0
-561843.0
-633536.0
-5408541.0
-5431748.0
-14453882.0
-1737295.0
-5552684.0
-2575398.0
-1609506.0
-21817469.0
-20948864.0
-1230751.0
-869043.0
-862533.0
-2669116.0
-1214940.0
-3053916.0
-653297.0
-489838.0
-4192472.0
-534761.0
-959874.0
-14680280.0
-14002794.0
-10166443.0
-5176199.0
-11405237.0
-16908654.0
-1559461.0
-334549.0
-230097.0
-373771.0
-529282.0
-564226.0
-344325.0
-308502.0
-245687.0
-765810.0
-563048.0
-1470243.0
-944728.0
-25094891.0
-2964856.0
-5535459.0
-2162244.0
-23224070.0
-2791364.0
-31795015.0
-32042128.0
-2979267.0
-22822585.0
-31023329.0
-22866986.0
-11435760.0
-15788572.0
-10293729.0
-44846259.0
-4337704.0
-4256981.0
-16941977.0
-209427.0
-221490.0
-637269.0
-624727.0
-524723.0
-1802452.0
-547194.0
-1035917.0
-1023075.0
-549593.0
-648534.0
-292329.0
-1543091.0
-2846676.0
-989493.0
-1474615.0
-476599.0
-1500453.0
-630743.0
-17923768.0
-72812709.0
-10027463.0
-16186587.0
-4846219.0
-681918.0
-989007.0
-602426.0
-2641564.0
-246633.0
-1153939.0
-367768.0
-780124.0
-414668.0
-465777.0
-341309.0
-981526.0
-10785187.0
-13423913.0
-32437925.0
-17661887.0
-43870477.0
-32720639.0
-1555697.0
-581941.0
-1086150.0
-918209.0
-514179.0
-410907.0
-4016544.0
-6595296.0
-57400936.0
-490857.0
-1179619.0
-630160.0
-1857526.0
-2934592.0
-1877642.0
-3317906.0
-451620.0
-3343769.0
-126692147.0
-53476449.0
-106070094.0
-135233143.0
-105848882.0
-96946442.0
-695926.0
-498316.0
-3682059.0
-363963.0
-813610.0
-76600463.0
-102646767.0
-359250.0
-1035204.0
-4964621.0
-49351045.0
-10568590.0
-86485708.0
-2439880.0
-488579.0
-4290966.0
-1760209.0
-2232521.0
-2552214.0
-567065.0
-1709740.0
-232200.0
-52270566.0
-62191088.0
-335835.0
-1221446.0
-2653742.0
-3807099.0
-2827786.0
-1351752.0
-1079634.0
-48041376.0
-102010360.0
-3230635.0
-813093.0
-4671407.0
-5790028.0
-9600798.0
-60625760.0
-87642765.0
-98994314.0
-160555323.0
-168955292.0
-132559554.0
-22426097.0
-88561454.0
-1080843.0
-2032483.0
-2502521.0
-7415919.0
-4950827.0
-93892315.0
-136836906.0
-155023556.0
-247749871.0
-72857649.0
-131449752.0
-23311839.0
-1124215.0
-14399838.0
-138665289.0
-150388982.0
-144958849.0
-234219860.0
-176468187.0
-188810041.0
-151617124.0
-159481596.0
-80171641.0
-3352908.0
-3580856.0
-1504721.0
-1435757.0
-19344436.0
-7395873.0
-2191232.0
-8173170.0
-158282068.0
-64710369.0
-119998411.0
-398200777.0
-78719117.0
-90179214.0
-89108578.0
-176299428.0
-82185706.0
-75739145.0
-6505075.0
-2227829.0
-20342630.0
-13056737.0
-4469729.0
-6366430.0
-14261680.0
-21845157.0
-6907994.0
-9296199.0
-8356103.0
-5495589.0
-116165859.0
-144327306.0
-277217275.0
-156852386.0
-340316042.0
-5710623.0
-6164302.0
-4096472.0
-24930378.0
-10605058.0
-15901284.0
-11251544.0
-25293280.0
-10426031.0
-13836982.0
-16032278.0
-24043942.0
-7930778.0
-10956708.0
-14204716.0
-27679821.0
-28560180.0
-191190710.0
-208634870.0
-186007950.0
-325506820.0
-248612109.0
-350170810.0
-272882085.0
-347742469.0
-398802879.0
-82001645.0
-7163189.0
-30415374.0
-42614422.0
-154532422.0
-143086694.0
-42977156.0
-26814777.0
-24271607.0
-20119786.0
-6766130.0
-15712733.0
-26545167.0
-21974354.0
-13576670.0
-39467463.0
-50422115.0
-35359086.0
-49001910.0
-34991719.0
-31029860.0
-496957961.0
-547933960.0
-474909619.0
-435602281.0
-248098577.0
-46298624.0
-33071982.0
-39450887.0
-28468351.0
-18383682.0
-25771898.0
-42550410.0
-45118417.0
-32632421.0
-53576714.0
-48706257.0
-68071520.0
-43631955.0
-71373847.0
-41945458.0
-48650895.0
-52916151.0
-60661570.0
-57205334.0
-48544609.0
-47629991.0
-21301913.0
-54721658.0
-70023356.0
-60018592.0
-37288654.0
-69040182.0
-84511014.0
-57265917.0
-80093496.0
-67347913.0
-76803152.0
-59849480.0
-49550779.0
-63053064.0
-157297757.0
-95140549.0
-73051977.0
-95213450.0
-66689828.0
-67799117.0
-69174343.0
-111264911.0
-86902740.0
-73190314.0
-84666793.0
-80455063.0
-55746028.0
-58330711.0
-98110480.0
-130316604.0
-204997047.0
-206803381.0
-305634194.0
-401188283.0
-273939728.0
-165697960.0
-209681571.0
-116647226.0
-103125116.0
-99562492.0
