7.265
7.364259259259259
7.283333333333333
10.24
6.767407407407408
8.127407407407407
9.574814814814815
7.473888888888889
8.227592592592593
6.975370370370371
8.048518518518518
9.607037037037037
6.692777777777778
9.245740740740741
7.814444444444445
8.012407407407407
7.11962962962963
8.462407407407408
6.000555555555556
7.72
6.45462962962963
10.068148148148149
9.62037037037037
8.742037037037036
6.8277777777777775
8.623333333333333
7.601851851851852
7.545185185185185
7.288888888888889
7.685185185185185
6.491666666666666
12.671296296296296
7.507592592592593
6.5633333333333335
7.984814814814815
7.746296296296296
9.666296296296297
8.10074074074074
7.771296296296296
11.258148148148148
6.929444444444444
8.322962962962963
6.3657407407407405
6.437407407407408
12.200740740740741
7.718148148148148
9.297592592592592
6.20925925925926
6.861666666666666
6.341481481481481
6.665925925925926
8.384444444444444
5.795
6.5377777777777775
7.684074074074074
6.0579629629629625
7.827962962962963
8.207962962962963
8.71574074074074
6.732037037037037
11.498148148148148
7.169074074074074
7.319629629629629
11.434814814814814
9.387962962962963
7.779629629629629
7.2212962962962965
7.7353703703703705
7.518888888888889
7.976481481481481
6.716111111111111
6.657222222222222
6.42962962962963
7.056666666666667
8.922592592592592
8.632777777777777
6.83537037037037
7.4040740740740745
8.777222222222223
7.988703703703703
6.712777777777778
7.381296296296297
14.811666666666667
11.145
6.494074074074074
14.116851851851852
9.122037037037037
6.463518518518518
6.475370370370371
6.841296296296297
6.17962962962963
7.159814814814815
6.122037037037037
12.871296296296297
6.627962962962963
15.908148148148149
6.705925925925926
7.083888888888889
8.626111111111111
7.701481481481482
6.6775925925925925
6.753703703703704
6.827592592592593
5.312777777777778
6.079814814814815
7.6285185185185185
5.486851851851852
7.7374074074074075
7.815555555555555
10.18462962962963
5.835
9.23
6.038333333333333
5.507037037037037
7.337592592592593
6.065925925925926
8.215555555555556
7.1920370370370375
7.458333333333333
6.493148148148149
6.622407407407407
6.295185185185185
9.699444444444444
8.532777777777778
6.433518518518518
8.45962962962963
9.040185185185186
5.841851851851852
15.371851851851853
9.768888888888888
9.044629629629629
20.150925925925925
8.63537037037037
7.231111111111111
9.93537037037037
6.677962962962963
7.227037037037037
5.66537037037037
6.269814814814815
7.164074074074074
8.597222222222221
6.618888888888889
8.860555555555555
6.261111111111111
8.383333333333333
7.600925925925926
5.914259259259259
6.434259259259259
8.984074074074075
5.733888888888889
7.588703703703704
6.9474074074074075
6.141666666666667
8.456111111111111
6.802962962962963
7.2155555555555555
7.98
5.95037037037037
6.3005555555555555
7.090925925925926
12.555925925925926
6.377222222222223
9.567222222222222
7.7031481481481485
7.463888888888889
6.513888888888889
7.161666666666667
6.7592592592592595
6.164259259259259
7.4853703703703705
10.159074074074073
7.5724074074074075
9.838703703703704
10.019074074074075
5.307222222222222
8.590925925925927
6.852592592592592
11.965925925925927
8.551481481481481
4.66462962962963
5.90962962962963
7.3062962962962965
7.364629629629629
7.697592592592593
8.573333333333334
6.766481481481481
12.556296296296296
4.7064814814814815
10.17962962962963
6.215740740740741
5.710925925925926
4.562962962962963
5.832962962962963
5.495925925925926
5.2316666666666665
9.583518518518519
6.137222222222222
5.466851851851852
13.060555555555556
6.796296296296297
7.3059259259259255
8.210925925925926
10.29888888888889
7.6809259259259255
14.72574074074074
6.890370370370371
7.557592592592592
9.156666666666666
11.214444444444444
14.105
16.54722222222222
7.2555555555555555
12.942962962962962
7.306111111111111
7.156851851851852
5.557407407407408
7.820925925925926
9.545185185185185
8.26925925925926
6.845555555555555
6.91074074074074
8.555925925925926
5.83537037037037
6.25462962962963
15.308703703703705
9.224444444444444
8.747407407407408
5.975185185185185
7.617592592592593
9.80888888888889
18.576296296296295
10.044629629629629
11.648888888888889
16.062407407407406
11.88037037037037
11.472037037037037
6.760555555555555
8.947592592592592
7.16
20.18962962962963
8.926296296296297
6.405
6.805370370370371
5.9037037037037035
5.455185185185186
8.503333333333334
6.713518518518518
12.19
7.565185185185185
10.448148148148148
5.8966666666666665
7.697962962962963
5.832407407407407
5.74574074074074
6.703518518518519
16.853148148148147
8.029259259259259
8.654814814814815
8.253518518518518
6.467222222222222
6.907962962962963
5.770555555555555
6.710555555555556
5.88462962962963
7.122592592592593
5.960740740740741
5.723333333333334
5.431481481481481
5.392407407407408
5.763888888888889
5.9911111111111115
7.727962962962963
7.877592592592593
7.542222222222223
8.368518518518519
8.041296296296297
14.130555555555556
10.192962962962962
7.145370370370371
15.343148148148147
46.34481481481482
8.378703703703703
6.242962962962963
8.448148148148148
6.667592592592593
8.997222222222222
6.709444444444444
7.629444444444444
9.535370370370371
4.54074074074074
19.718888888888888
15.44648148148148
25.78796296296296
6.938148148148148
9.129074074074074
10.328518518518518
22.585
9.88037037037037
12.347592592592592
9.453703703703704
10.888518518518518
13.447962962962963
5.885740740740741
16.973518518518517
12.054814814814815
13.706666666666667
20.054444444444446
11.55462962962963
35.38037037037037
5.75037037037037
5.885740740740741
6.487222222222222
9.271851851851851
10.684444444444445
10.35462962962963
7.862592592592593
11.650185185185185
24.147037037037038
11.155925925925926
11.867222222222223
8.020925925925926
13.732592592592592
13.521481481481482
10.878148148148147
11.865
10.057962962962963
21.912407407407407
12.394444444444444
8.293333333333333
18.24240740740741
8.767777777777777
10.80537037037037
15.643148148148148
9.613148148148149
10.93388888888889
11.27574074074074
8.615
9.369444444444444
7.091851851851852
7.660555555555556
7.000740740740741
15.450555555555555
15.462592592592593
41.67537037037037
21.109814814814815
17.127592592592592
14.850185185185186
16.083333333333332
6.345
6.861111111111111
9.88574074074074
10.58
22.409814814814816
9.538703703703703
34.819074074074074
10.742592592592592
5.264259259259259
8.557407407407407
5.630925925925926
6.777962962962963
7.639814814814815
21.819074074074074
13.964629629629629
18.807962962962964
24.721851851851852
15.743518518518519
18.92388888888889
24.719444444444445
11.713148148148148
50.766666666666666
19.743703703703705
20.28148148148148
17.619074074074074
13.422777777777778
15.557407407407407
16.617037037037036
17.87537037037037
29.587222222222223
26.09037037037037
23.314814814814813
7.583703703703704
11.777592592592592
13.597222222222221
5.474444444444444
12.08148148148148
7.674814814814815
26.74851851851852
10.492592592592592
7.145555555555555
6.529814814814815
8.49148148148148
10.692962962962962
5.54074074074074
6.333333333333333
9.341296296296296
9.948888888888888
11.240925925925925
15.826481481481482
16.86740740740741
8.893888888888888
19.936296296296295
7.050925925925926
7.748518518518519
6.672592592592593
5.449074074074074
5.4057407407407405
6.335740740740741
16.090555555555557
8.74537037037037
5.586481481481481
7.2316666666666665
9.834074074074074
8.287777777777778
8.747592592592593
14.009629629629629
13.504074074074074
15.875185185185185
10.89074074074074
9.358888888888888
5.836111111111111
8.637037037037038
9.859444444444444
14.068148148148149
10.865185185185185
19.306296296296296
7.21537037037037
11.765
28.952222222222222
14.507962962962964
20.69240740740741
34.302592592592596
12.281851851851853
22.495555555555555
7.982037037037037
10.795185185185185
14.123703703703704
7.667777777777777
9.586296296296297
8.262962962962963
17.93
23.89296296296296
15.382592592592593
5.427222222222222
6.684074074074074
6.3731481481481485
8.049444444444445
7.74462962962963
8.546666666666667
4.257407407407407
5.198703703703703
19.242592592592594
25.35425925925926
8.780185185185186
17.69
17.673333333333332
10.090925925925927
14.239814814814816
12.05888888888889
16.11685185185185
8.155185185185186
13.895185185185186
35.39037037037037
8.890555555555556
8.292962962962964
9.438148148148148
8.325
5.683888888888889
6.507777777777778
10.03425925925926
16.361666666666668
8.178888888888888
15.697962962962963
66.62537037037038
18.09888888888889
26.122222222222224
10.682037037037038
25.211111111111112
16.700555555555557
10.739074074074074
13.306481481481482
10.831851851851852
9.755925925925926
17.733333333333334
17.280925925925924
16.972592592592594
25.020185185185184
39.17444444444445
13.293333333333333
12.418703703703704
65.12314814814815
9.161111111111111
19.761481481481482
10.28648148148148
53.748518518518516
11.792777777777777
53.77685185185185
16.68777777777778
17.984444444444446
11.971296296296297
9.37888888888889
14.405185185185186
60.754444444444445
20.148518518518518
12.746851851851853
9.23462962962963
7.330925925925926
33.13648148148148
26.405
10.337777777777777
23.479814814814816
27.381296296296295
5.680555555555555
7.257407407407407
11.811296296296296
14.533703703703704
13.225185185185186
15.047777777777778
17.48574074074074
5.08462962962963
11.302037037037037
18.777592592592594
23.534444444444443
12.014814814814814
27.65111111111111
11.29
27.21203703703704
44.72314814814815
17.756851851851852
47.79074074074074
22.872407407407408
25.688518518518517
92.96777777777778
39.27962962962963
44.84481481481482
36.98277777777778
46.74648148148148
72.47203703703704
74.39907407407408
144.8835185185185
23.45537037037037
11.200925925925926
20.85333333333333
34.74944444444444
22.04888888888889
6.250555555555556
6.857222222222222
7.395
15.892962962962963
49.02166666666667
24.615925925925925
18.73
66.76074074074074
41.18981481481482
17.73
25.736851851851853
13.657407407407407
27.487037037037037
7.6524074074074075
7.612962962962963
16.085185185185185
13.787777777777778
9.569814814814816
8.97425925925926
8.709814814814814
6.757037037037037
7.12
6.848148148148148
10.89925925925926
8.552962962962964
6.13
10.227962962962962
7.542222222222223
6.656666666666666
8.479074074074074
6.441111111111111
7.007962962962963
5.322222222222222
7.186111111111111
5.398888888888889
6.079074074074074
5.600370370370371
10.84388888888889
13.902962962962963
10.212592592592593
10.834444444444445
28.83074074074074
11.278333333333334
52.64537037037037
16.018333333333334
5.578333333333333
5.865555555555556
6.962407407407407
7.184814814814815
9.063333333333333
7.476111111111111
7.135925925925926
8.450740740740741
10.623333333333333
13.63962962962963
11.692037037037037
12.060555555555556
11.169814814814815
87.37925925925926
23.91314814814815
34.931481481481484
11.590185185185184
23.401296296296298
24.35333333333333
24.570925925925927
64.02685185185184
95.16240740740741
92.48759259259259
31.77925925925926
56.133148148148145
54.55444444444444
52.59962962962963
33.46037037037037
26.610555555555557
29.24240740740741
23.55185185185185
19.493703703703705
106.56925925925925
35.33759259259259
43.965
30.594444444444445
50.925925925925924
19.36425925925926
36.166296296296295
31.42425925925926
65.31111111111112
63.97481481481481
24.972592592592594
24.644259259259258
5.857592592592592
6.270185185185185
8.652407407407408
9.092222222222222
9.115555555555556
9.622407407407408
6.592592592592593
9.176851851851852
6.622037037037037
7.17537037037037
9.259074074074075
31.136296296296297
36.51
28.833148148148148
44.82592592592592
78.02296296296296
49.775740740740744
41.96648148148148
27.151666666666667
58.400740740740744
67.08685185185185
6.473518518518518
7.7481481481481485
10.54962962962963
10.67
13.525
39.362037037037034
37.03277777777778
60.12685185185185
19.45388888888889
38.91851851851852
27.589074074074073
19.674444444444443
75.80537037037037
78.00333333333333
18.37851851851852
15.498703703703704
13.74611111111111
27.22425925925926
13.920370370370371
29.369444444444444
12.946111111111112
11.956666666666667
34.227407407407405
12.495555555555555
15.796296296296296
60.29944444444445
64.225
57.415
34.92111111111111
53.738703703703706
70.77314814814815
20.563148148148148
9.64425925925926
9.35574074074074
10.408703703703704
10.13111111111111
11.316481481481482
10.290925925925926
8.465185185185184
8.47888888888889
12.136111111111111
12.537777777777778
20.546666666666667
19.535925925925927
101.04425925925926
37.64981481481482
49.29518518518518
29.138703703703705
82.70537037037037
29.94851851851852
98.41481481481482
97.06611111111111
29.46925925925926
82.35833333333333
124.0824074074074
85.72018518518519
57.708333333333336
72.0712962962963
56.94185185185185
114.20814814814815
36.02962962962963
34.318888888888885
82.945
8.615
6.875740740740741
11.013518518518518
12.521666666666667
10.82462962962963
15.83
9.632962962962964
13.894814814814815
11.78462962962963
10.238888888888889
10.46037037037037
7.808333333333334
13.491111111111111
18.85074074074074
10.37425925925926
11.725925925925926
8.437407407407408
14.01074074074074
11.694814814814816
73.05814814814815
142.35203703703704
57.17925925925926
70.50722222222223
40.45240740740741
13.32074074074074
12.740370370370371
10.520740740740742
18.72222222222222
7.004814814814814
13.807592592592593
8.446111111111112
11.622037037037037
8.685925925925925
8.454074074074073
7.766666666666667
11.697592592592592
53.41574074074074
58.76222222222222
98.93574074074074
58.742222222222225
116.27277777777778
98.44296296296297
18.24388888888889
8.720740740740741
11.050925925925926
10.110740740740741
9.424814814814814
8.959259259259259
28.620555555555555
40.95777777777778
116.66222222222223
9.681296296296296
12.506851851851852
6.851666666666667
13.26962962962963
19.294074074074075
16.25037037037037
16.57574074074074
8.597962962962963
26.35851851851852
192.59185185185186
109.83
241.15074074074073
268.3457407407407
212.2812962962963
210.21148148148148
13.409074074074073
11.252777777777778
17.472037037037037
8.922222222222222
17.119629629629628
143.55833333333334
178.01055555555556
9.532962962962962
12.00925925925926
23.502962962962965
114.69592592592592
47.72648148148148
161.6324074074074
21.13277777777778
10.511296296296296
42.20666666666666
15.497592592592593
16.669814814814814
18.66814814814815
9.619814814814815
13.885925925925926
6.558518518518518
137.18333333333334
177.22611111111112
9.493703703703703
13.581851851851852
15.732407407407408
23.392407407407408
17.423703703703705
12.19037037037037
14.35962962962963
107.31796296296297
177.65796296296296
20.85462962962963
12.401111111111112
20.536851851851853
22.339074074074073
41.239074074074075
133.7151851851852
156.61444444444444
173.67777777777778
221.44185185185185
218.87962962962962
202.71592592592592
77.11185185185185
182.80333333333334
15.793703703703704
14.658888888888889
17.124074074074073
28.955
21.517407407407408
167.46759259259258
262.31518518518516
257.175
364.67740740740743
182.61481481481482
195.14
38.78666666666667
14.33462962962963
53.34685185185185
209.11018518518517
218.7024074074074
218.45185185185184
342.32703703703703
288.0183333333333
307.9975925925926
205.24444444444444
214.63444444444445
150.07518518518518
28.19425925925926
27.088333333333335
15.517407407407408
17.223148148148148
41.43222222222222
25.671296296296298
14.90148148148148
31.78925925925926
224.22425925925927
148.11018518518517
229.1248148148148
474.4325925925926
141.44814814814814
149.87296296296296
159.18444444444444
232.49185185185186
140.54074074074074
142.57296296296298
23.979814814814816
13.728518518518518
37.56
31.932407407407407
18.923333333333332
22.20314814814815
39.99666666666667
56.470925925925926
26.543518518518518
31.21648148148148
29.292407407407406
24.95
176.9925925925926
203.16833333333332
360.90962962962965
275.9866666666667
421.76907407407407
22.785555555555554
18.895555555555557
18.23574074074074
47.29222222222222
25.05759259259259
34.52722222222222
31.738333333333333
39.2037037037037
29.767777777777777
30.549629629629628
32.85037037037037
50.67962962962963
29.648333333333333
31.123333333333335
39.09240740740741
59.15111111111111
89.29185185185185
234.96185185185186
263.1324074074074
303.75944444444445
415.55611111111114
355.62833333333333
438.6424074074074
383.6824074074074
436.67074074074077
480.4433333333333
166.4411111111111
27.00314814814815
53.07074074074074
78.85259259259259
215.50277777777777
194.17055555555555
90.21333333333334
47.03018518518518
43.17611111111111
41.62
22.10351851851852
34.137962962962966
42.556296296296296
36.494814814814816
30.11037037037037
52.23833333333334
66.17407407407407
60.57055555555556
62.897962962962964
56.27055555555555
58.82296296296296
540.1442592592592
561.4575925925926
523.590925925926
489.93
286.3942592592593
75.32870370370371
62.30796296296296
59.720925925925926
46.62259259259259
37.10888888888889
45.32555555555555
61.28740740740741
61.62277777777778
51.25277777777778
79.52185185185185
74.38685185185186
95.41944444444445
70.91814814814815
94.40833333333333
58.41037037037037
62.800925925925924
67.62666666666667
72.00481481481482
68.56222222222222
61.25962962962963
63.410555555555554
39.288333333333334
70.78907407407408
83.80962962962963
73.23222222222222
55.0787037037037
84.64814814814815
93.67148148148148
66.94962962962963
93.46907407407407
82.45037037037036
89.97907407407408
71.67222222222222
59.30740740740741
75.60981481481481
182.50629629629628
110.13851851851852
89.61759259259259
106.55537037037037
75.42907407407408
78.6825925925926
81.34592592592593
106.01037037037037
92.49203703703704
84.12296296296296
92.90462962962962
85.68407407407408
69.21555555555555
75.98296296296296
118.03685185185185
161.49796296296296
225.3162962962963
230.15851851851852
313.02296296296294
369.4844444444444
283.1148148148148
186.85814814814816
226.63314814814814
115.49333333333334
99.31055555555555
104.775
