39231
39767
39330
55296
36544
43888
51704
40359
44429
37667
43462
51878
36141
49927
42198
43267
38446
45697
32403
41688
34855
54368
51950
47207
36870
46566
41050
40744
39360
41500
35055
68425
40541
35442
43118
41830
52198
43744
41965
60794
37419
44944
34375
34762
65884
41678
50207
33530
37053
34244
35996
45276
31293
35304
41494
32713
42271
44323
47065
36353
62090
38713
39526
61748
50695
42010
38995
41771
40602
43073
36267
35949
34720
38106
48182
46617
36911
39982
47397
43139
36249
39859
79983
60183
35068
76231
49259
34903
34967
36943
33370
38663
33059
69505
35791
85904
36212
38253
46581
41588
36059
36470
36869
28689
32831
41194
29629
41782
42204
54997
31509
49842
32607
29738
39623
32756
44364
38837
40275
35063
35761
33994
52377
46077
34741
45682
48817
31546
83008
52752
48841
108815
46631
39048
53651
36061
39026
30593
33857
38686
46425
35742
47847
33810
45270
41045
31937
34745
48514
30963
40979
37516
33165
45663
36736
38964
43092
32132
34023
38291
67802
34437
51663
41597
40305
35175
38673
36500
33287
40421
54859
40891
53129
54103
28659
46391
37004
64616
46178
25189
31912
39454
39769
41567
46296
36539
67804
25415
54970
33565
30839
24640
31498
29678
28251
51751
33141
29521
70527
36700
39452
44339
55614
41477
79519
37208
40811
49446
60558
76167
89355
39180
69892
39453
38647
30010
42233
51544
44654
36966
37318
46202
31511
33775
82667
49812
47236
32266
41135
52968
100312
54241
62904
86737
64154
61949
36507
48317
38664
109024
48202
34587
36749
31880
29458
45918
36253
65826
40852
56420
31842
41569
31495
31027
36199
91007
43358
46736
44569
34923
37303
31161
36237
31777
38462
32188
30906
29330
29119
31125
32352
41731
42539
40728
45190
43423
76305
55042
38585
82853
250262
45245
33712
45620
36005
48585
36231
41199
51491
24520
106482
83411
139255
37466
49297
55774
121959
53354
66677
51050
58798
72619
31783
91657
65096
74016
108294
62395
191054
31052
31783
35031
50068
57696
55915
42458
62911
130394
60242
64083
43313
74156
73016
58742
64071
54313
118327
66930
44784
98509
47346
58349
84473
51911
59043
60889
46521
50595
38296
41367
37804
83433
83498
225047
113993
92489
80191
86850
34263
37050
53383
57132
121013
51509
188023
58010
28427
46210
30407
36601
41255
117823
75409
101563
133498
85015
102189
133485
63251
274140
106616
109520
95143
72483
84010
89732
96527
159771
140888
125900
40952
63599
73425
29562
65240
41444
144442
56660
38586
35261
45854
57742
29920
34200
50443
53724
60701
85463
91084
48027
107656
38075
41842
36032
29425
29191
34213
86889
47225
30167
39051
53104
44754
47237
75652
72922
85726
58810
50538
31515
46640
53241
75968
58672
104254
38963
63531
156342
78343
111739
185234
66322
121476
43103
58294
76268
41406
51766
44620
96822
129022
83066
29307
36094
34415
43467
41821
46152
22990
28073
103910
136913
47413
95526
95436
54491
76895
65118
87031
44038
75034
191108
48009
44782
50966
44955
30693
35142
54185
88353
44166
84769
359777
97734
141060
57683
136140
90183
57991
71855
58492
52682
95760
93317
91652
135109
211542
71784
67061
351665
49470
106712
55547
290242
63681
290395
90114
97116
64645
50646
77788
328074
108802
68833
49867
39587
178937
142587
55824
126791
147859
30675
39190
63781
78482
71416
81258
94423
27457
61031
101399
127086
64880
149316
60966
146945
241505
95887
258070
123511
138718
502026
212110
242162
199707
252431
391349
401755
782371
126659
60485
112608
187647
119064
33753
37029
39933
85822
264717
132926
101142
360508
222425
95742
138979
73750
148430
41323
41110
86860
74454
51677
48461
47033
36488
38448
36980
58856
46186
33102
55231
40728
35946
45787
34782
37843
28740
38805
29154
32827
30242
58557
75076
55148
58506
155686
60903
284285
86499
30123
31674
37597
38798
48942
40371
38534
45634
57366
73654
63137
65127
60317
471848
129131
188630
62587
126367
131508
132683
345745
513877
499433
171608
303119
294594
284038
180686
143697
157909
127180
105266
575474
190823
237411
165210
275000
104567
195298
169691
352680
345464
134852
133079
31631
33859
46723
49098
49224
51961
35600
49555
35759
38747
49999
168136
197154
155699
242060
421324
268789
226619
146619
315364
362269
34957
41840
56968
57618
73035
212555
199977
324685
105051
210160
148981
106242
409349
421218
99244
83693
74229
147011
75170
158595
69909
64566
184828
67476
85300
325617
346815
310041
188574
290189
382175
111041
52079
50521
56207
54708
61109
55571
45712
45786
65535
67704
110952
105494
545639
203309
266194
157349
446609
161722
531440
524157
159134
444735
670045
462889
311625
389185
307486
616724
194560
185322
447903
46521
37129
59473
67617
58453
85482
52018
75032
63637
55290
56486
42165
72852
101794
56021
63320
45562
75658
63152
394514
768701
308768
380739
218443
71932
68798
56812
101100
37826
74561
45609
62759
46904
45652
41940
63167
288445
317316
534253
317208
627873
531592
98517
47092
59675
54598
50894
48380
154551
221172
629976
52279
67537
36999
71656
104188
87752
89509
46429
142336
1039996
593082
1302214
1449067
1146319
1135142
72409
60765
94349
48180
92446
775215
961257
51478
64850
126916
619358
257723
872815
114117
56761
227916
83687
90017
100808
51947
74984
35416
740790
957021
51266
73342
84955
126319
94088
65828
77542
579517
959353
112615
66966
110899
120631
222691
722062
845718
937860
1195786
1181950
1094666
416404
987138
85286
79158
92470
156357
116194
904325
1416502
1388745
1969258
986120
1053756
209448
77407
288073
1129195
1180993
1179640
1848566
1555299
1663187
1108320
1159026
810406
152249
146277
83794
93005
223734
138625
80468
171662
1210811
799795
1237274
2561936
763820
809314
859596
1255456
758920
769894
129491
74134
202824
172435
102186
119897
215982
304943
143335
168569
158179
134730
955760
1097109
1948912
1490328
2277553
123042
102036
98473
255378
135311
186447
171387
211700
160746
164968
177392
273670
160101
168066
211099
319416
482176
1268794
1420915
1640301
2244003
1920393
2368669
2071885
2358022
2594394
898782
145817
286582
425804
1163715
1048521
487152
253963
233151
224748
119359
184345
229804
197072
162596
282087
357340
327081
339649
303861
317644
2916779
3031871
2827391
2645622
1546529
406775
336463
322493
251762
200388
244758
330952
332763
276765
429418
401689
515265
382958
509805
315416
339125
365184
388826
370236
330802
342417
212157
382261
452572
395454
297425
457100
505826
361528
504733
445232
485887
387030
320260
408293
985534
594748
483935
575399
407317
424886
439268
572456
499457
454264
501685
462694
373764
410308
637399
872089
1216708
1242856
1690324
1995216
1528820
1009034
1223819
623664
536277
565785
