38165
43728
45102
34626
39022
37179
37514
35271
40644
32801
40345
39124
31220
31239
38142
49951
43336
34947
50145
44542
45484
38127
64037
41378
45684
33370
42531
43269
33644
30119
33373
40590
35691
43045
45417
48258
51790
46687
39095
38019
53201
38638
37154
38334
43455
38907
35838
48944
40277
32926
37304
32620
34943
40105
50312
35780
47045
39394
37538
32639
34210
36073
30336
30867
33304
35093
40970
31121
40058
42136
30378
32968
30714
34568
28874
32811
29749
46644
33503
31830
42731
28725
30512
29078
29210
31343
39127
28770
31569
36505
26535
29690
37945
32936
44681
30133
25165
35640
40714
29790
34594
35662
31383
31195
26010
39372
37897
30715
31754
32191
37893
38954
42435
25528
40240
30151
29829
29975
31212
35172
38463
26384
32038
29913
28155
32027
32772
31016
31665
36860
30382
24124
31210
27282
25524
26428
35663
32226
26123
27250
30146
37423
32022
31250
29886
32982
30254
31220
26745
26873
34204
30806
31251
27728
31054
34061
31476
31763
27021
28054
29820
40794
29637
27938
27368
30840
32838
32880
33887
28493
33599
29493
29736
32040
32367
27619
32740
31668
28793
30866
30564
31561
24962
31058
28238
24878
26687
28189
24016
24014
32745
28994
26171
27485
26960
23452
26088
33279
27669
26656
28909
28257
29351
41599
39488
32512
33765
33635
30248
27507
26802
28619
26833
23546
26220
31169
31761
30118
30173
30552
23274
33658
30245
30902
35182
31760
33420
30256
26205
27882
23722
27704
24904
23298
30120
38056
24570
29477
27480
29819
25564
23576
20992
24855
28295
25452
22488
21535
23303
23372
28790
23097
28512
23481
19877
23294
26191
25440
17341
21641
23274
23612
22739
20805
19035
23271
23310
19656
28106
22766
26871
21901
22414
24688
22693
25749
26389
36732
25479
28342
38098
25312
26760
26104
29175
28428
33945
25551
29069
21675
27463
26948
29732
24624
28411
36272
31944
24075
22464
28735
23310
25869
24585
21268
22501
24459
19721
21577
22747
25499
22627
21926
24336
23479
23878
25324
22687
19225
21015
20995
19533
17459
22974
18226
29085
20836
22809
23385
21503
20220
20802
20906
21134
23240
18086
19075
20419
17371
23007
20797
22686
22376
20915
23847
35950
27882
27534
27140
29116
27704
27141
25307
27361
24235
22166
23948
30586
26460
22925
23285
21697
21361
21597
22249
23830
24856
23760
18870
24713
23295
22715
22423
21467
19116
21129
23182
20121
27154
29475
26409
29383
29557
27325
37090
25087
29053
24167
24231
23204
19567
21661
25303
20161
21332
18579
25517
18220
19729
21138
17843
21222
22148
19491
26523
22038
23375
23036
27493
22364
25005
28085
30698
31937
34130
30983
29475
22055
25880
19820
35636
19231
28406
25488
15973
20129
19218
21160
20664
20354
18526
27404
18829
17388
18961
17357
20137
15615
19658
19543
18956
17766
24127
18916
23439
20298
25883
23289
31304
24797
44258
23342
30764
30114
31271
29747
17978
38913
21188
30444
23139
25294
20543
24489
14430
27784
31601
26738
23084
22503
36609
24388
29658
25708
21487
21976
18855
20215
23150
34756
32506
41266
45756
22199
25082
20620
28105
24892
22096
19311
16846
20018
19495
19626
19820
17111
17637
20375
19272
17840
15636
16528
16508
18850
17063
16830
20207
16043
19618
20530
23240
20731
21277
18723
17859
18173
15974
17469
18937
21828
23134
28036
37942
39112
32134
26803
20004
18457
17615
14826
15892
14876
15958
16284
15098
15474
14877
15289
14176
18798
21459
14233
16051
13377
13321
13183
16236
16214
14097
14524
15716
13164
16151
15225
15046
15367
15625
14625
14267
14367
13500
15037
13297
15737
15611
13755
13438
14504
16840
14873
17647
14144
14373
14943
14817
13659
15001
12943
13072
13682
13485
13791
14932
15146
14507
14621
15846
15317
14661
16625
14863
16189
17599
17603
14338
15096
17218
15026
15321
15281
15649
17383
16178
15628
17430
15343
15596
15609
14308
14414
16156
16558
15003
13645
12455
13554
13771
11589
12083
12786
12644
13253
12181
13162
12456
13412
17126
15470
14499
14293
16264
15536
17132
15829
14947
13703
14375
15004
15639
16278
14452
15532
13877
14149
11645
13133
13510
14073
12662
12524
12815
14501
12653
13933
14116
14198
16611
15049
16204
17965
17548
16134
18666
19935
17714
16771
16737
16834
16223
15393
14823
14463
18983
19798
20340
17806
16933
15497
13047
15445
15975
15123
14251
12566
12744
12815
13283
12609
10691
12556
11947
11601
11206
10990
11680
12350
11376
12998
12119
11542
11947
11459
11141
11386
12021
11268
13089
11320
11640
11180
10835
12067
12593
10792
10704
12785
12839
11418
11828
10691
12023
11245
11136
11405
11086
11127
12304
11670
11992
13481
14430
13747
10781
10750
11318
11870
9978
11045
12334
11114
10288
9719
10993
10732
11545
11745
10239
11530
12013
11028
11780
