7.067592592592592
8.097777777777777
8.352222222222222
6.412222222222222
7.226296296296296
6.885
6.947037037037037
6.531666666666666
7.526666666666666
6.074259259259259
7.4712962962962965
7.245185185185186
5.781481481481482
5.785
7.0633333333333335
9.250185185185185
8.025185185185185
6.471666666666667
9.286111111111111
8.248518518518518
8.422962962962963
7.060555555555555
11.858703703703704
7.662592592592593
8.46
6.17962962962963
7.876111111111111
8.012777777777778
6.230370370370371
5.577592592592593
6.180185185185185
7.516666666666667
6.609444444444445
7.9712962962962965
8.410555555555556
8.936666666666667
9.59074074074074
8.645740740740742
7.239814814814815
7.040555555555556
9.852037037037038
7.155185185185185
6.88037037037037
7.098888888888889
8.047222222222222
7.205
6.636666666666667
9.063703703703704
7.458703703703704
6.097407407407408
6.908148148148148
6.04074074074074
6.4709259259259255
7.426851851851852
9.317037037037037
6.625925925925926
8.712037037037037
7.295185185185185
6.951481481481482
6.04425925925926
6.3351851851851855
6.680185185185185
5.6177777777777775
5.716111111111111
6.167407407407407
6.498703703703704
7.587037037037037
5.763148148148148
7.418148148148148
7.802962962962963
5.625555555555556
6.105185185185185
5.687777777777778
6.401481481481482
5.347037037037037
6.0761111111111115
5.509074074074074
8.637777777777778
6.204259259259259
5.894444444444445
7.9131481481481485
5.319444444444445
5.6503703703703705
5.384814814814815
5.409259259259259
5.8042592592592595
7.24574074074074
5.3277777777777775
5.846111111111111
6.760185185185185
4.913888888888889
5.4981481481481485
7.026851851851852
6.099259259259259
8.27425925925926
5.580185185185186
4.660185185185185
6.6
7.53962962962963
5.516666666666667
6.406296296296296
6.604074074074074
5.8116666666666665
5.776851851851852
4.816666666666666
7.291111111111111
7.017962962962963
5.687962962962963
5.88037037037037
5.961296296296296
7.017222222222222
7.213703703703704
7.858333333333333
4.727407407407408
7.451851851851852
5.5835185185185185
5.523888888888889
5.550925925925926
5.78
6.513333333333334
7.122777777777777
4.885925925925926
5.9329629629629625
5.539444444444444
5.213888888888889
5.9309259259259255
6.068888888888889
5.743703703703703
5.863888888888889
6.825925925925926
5.626296296296296
4.467407407407407
5.779629629629629
5.052222222222222
4.726666666666667
4.894074074074074
6.604259259259259
5.967777777777778
4.837592592592593
5.046296296296297
5.582592592592593
6.930185185185185
5.93
5.787037037037037
5.5344444444444445
6.107777777777778
5.602592592592592
5.781481481481482
4.9527777777777775
4.976481481481481
6.334074074074074
5.704814814814815
5.787222222222222
5.134814814814815
5.750740740740741
6.307592592592592
5.828888888888889
5.882037037037037
5.003888888888889
5.195185185185185
5.522222222222222
7.554444444444444
5.488333333333333
5.173703703703704
5.068148148148148
5.711111111111111
6.081111111111111
6.088888888888889
6.2753703703703705
5.276481481481482
6.222037037037037
5.461666666666667
5.506666666666667
5.933333333333334
5.993888888888889
5.114629629629629
6.062962962962963
5.864444444444445
5.332037037037037
5.715925925925926
5.66
5.84462962962963
4.622592592592593
5.751481481481481
5.229259259259259
4.607037037037037
4.9420370370370375
5.220185185185185
4.4474074074074075
4.447037037037037
6.063888888888889
5.369259259259259
4.846481481481481
5.089814814814815
4.992592592592593
4.342962962962963
4.831111111111111
6.1627777777777775
5.123888888888889
4.936296296296296
5.353518518518518
5.232777777777778
5.435370370370371
7.703518518518519
7.312592592592592
6.020740740740741
6.252777777777778
6.228703703703704
5.601481481481481
5.0938888888888885
4.963333333333333
5.299814814814815
4.969074074074074
4.3603703703703705
4.855555555555555
5.772037037037037
5.881666666666667
5.577407407407407
5.587592592592593
5.657777777777778
4.31
6.232962962962963
5.600925925925926
5.7225925925925925
6.515185185185185
5.881481481481481
6.188888888888889
5.602962962962963
4.852777777777778
5.163333333333333
4.392962962962963
5.13037037037037
4.611851851851852
4.314444444444445
5.5777777777777775
7.047407407407407
4.55
5.458703703703704
5.088888888888889
5.522037037037037
4.734074074074074
4.365925925925926
3.8874074074074074
4.602777777777778
5.239814814814815
4.713333333333333
4.164444444444444
3.987962962962963
4.3153703703703705
4.3281481481481485
5.3314814814814815
4.277222222222222
5.28
4.348333333333334
3.680925925925926
4.313703703703704
4.850185185185185
4.711111111111111
3.2112962962962963
4.007592592592593
4.31
4.372592592592593
4.210925925925926
3.852777777777778
3.525
4.309444444444445
4.316666666666666
3.64
5.204814814814815
4.215925925925926
4.976111111111111
4.055740740740741
4.150740740740741
4.571851851851852
4.202407407407407
4.7683333333333335
4.886851851851852
6.802222222222222
4.718333333333334
5.248518518518519
7.055185185185185
4.687407407407408
4.955555555555556
4.834074074074074
5.402777777777778
5.264444444444444
6.286111111111111
4.7316666666666665
5.383148148148148
4.013888888888889
5.085740740740741
4.99037037037037
5.505925925925926
4.56
5.261296296296297
6.717037037037037
5.915555555555556
4.458333333333333
4.16
5.321296296296296
4.316666666666666
4.790555555555556
4.552777777777778
3.9385185185185185
4.166851851851852
4.529444444444445
3.652037037037037
3.995740740740741
4.212407407407407
4.722037037037037
4.190185185185185
4.060370370370371
4.506666666666667
4.347962962962963
4.4218518518518515
4.689629629629629
4.201296296296296
3.560185185185185
3.8916666666666666
3.887962962962963
3.6172222222222223
3.2331481481481483
4.254444444444444
3.375185185185185
5.386111111111111
3.8585185185185185
4.223888888888889
4.330555555555556
3.982037037037037
3.7444444444444445
3.852222222222222
3.8714814814814815
3.9137037037037037
4.303703703703704
3.3492592592592594
3.5324074074074074
3.781296296296296
3.216851851851852
4.260555555555555
3.8512962962962964
4.2011111111111115
4.143703703703704
3.873148148148148
4.416111111111111
6.657407407407407
5.163333333333333
5.098888888888889
5.025925925925926
5.391851851851852
5.13037037037037
5.026111111111111
4.686481481481482
5.066851851851852
4.487962962962963
4.104814814814815
4.434814814814815
5.664074074074074
4.9
4.24537037037037
4.312037037037037
4.017962962962963
3.955740740740741
3.9994444444444444
4.120185185185186
4.412962962962963
4.602962962962963
4.4
3.4944444444444445
4.576481481481482
4.313888888888889
4.2064814814814815
4.1524074074074075
3.97537037037037
3.54
3.912777777777778
4.292962962962963
3.726111111111111
5.028518518518519
5.458333333333333
4.890555555555555
5.441296296296296
5.473518518518518
5.060185185185185
6.868518518518519
4.645740740740741
5.380185185185185
4.475370370370371
4.487222222222222
4.297037037037037
3.6235185185185186
4.011296296296297
4.685740740740741
3.7335185185185185
3.9503703703703703
3.4405555555555556
4.725370370370371
3.3740740740740742
3.6535185185185184
3.9144444444444444
3.3042592592592595
3.93
4.101481481481481
3.6094444444444442
4.911666666666667
4.081111111111111
4.328703703703703
4.265925925925926
5.091296296296297
4.141481481481481
4.6305555555555555
5.200925925925926
5.684814814814815
5.914259259259259
6.32037037037037
5.737592592592593
5.458333333333333
4.08425925925926
4.792592592592593
3.6703703703703705
6.599259259259259
3.5612962962962964
5.260370370370371
4.72
2.957962962962963
3.727592592592593
3.5588888888888888
3.9185185185185185
3.8266666666666667
3.7692592592592593
3.430740740740741
5.074814814814815
3.486851851851852
3.22
3.511296296296296
3.214259259259259
3.729074074074074
2.8916666666666666
3.6403703703703703
3.619074074074074
3.5103703703703704
3.29
4.467962962962963
3.502962962962963
4.3405555555555555
3.758888888888889
4.793148148148148
4.312777777777778
5.797037037037037
4.592037037037037
8.195925925925925
4.322592592592593
5.697037037037037
5.576666666666667
5.790925925925926
5.508703703703704
3.3292592592592594
7.206111111111111
3.923703703703704
5.637777777777778
4.285
4.684074074074074
3.8042592592592595
4.535
2.672222222222222
5.145185185185185
5.852037037037037
4.951481481481482
4.274814814814815
4.167222222222223
6.779444444444445
4.5162962962962965
5.492222222222222
4.760740740740741
3.979074074074074
4.069629629629629
3.4916666666666667
3.7435185185185187
4.287037037037037
6.436296296296296
6.019629629629629
7.641851851851852
8.473333333333333
4.110925925925926
4.644814814814815
3.8185185185185184
5.20462962962963
4.609629629629629
4.091851851851852
3.576111111111111
3.1196296296296295
3.707037037037037
3.6101851851851854
3.6344444444444446
3.6703703703703705
3.1687037037037036
3.266111111111111
3.7731481481481484
3.568888888888889
3.303703703703704
2.8955555555555557
3.0607407407407408
3.057037037037037
3.490740740740741
3.1598148148148146
3.1166666666666667
3.742037037037037
2.970925925925926
3.632962962962963
3.801851851851852
4.303703703703704
3.839074074074074
3.940185185185185
3.4672222222222224
3.3072222222222223
3.3653703703703703
2.958148148148148
3.235
3.506851851851852
4.042222222222223
4.284074074074074
5.191851851851852
7.026296296296296
7.242962962962963
5.95074074074074
4.963518518518518
3.7044444444444444
3.417962962962963
3.262037037037037
2.7455555555555557
2.942962962962963
2.754814814814815
2.955185185185185
3.0155555555555558
2.795925925925926
2.8655555555555554
2.755
2.8312962962962964
2.625185185185185
3.4811111111111113
3.973888888888889
2.635740740740741
2.9724074074074074
2.477222222222222
2.466851851851852
2.4412962962962963
3.006666666666667
3.0025925925925927
2.6105555555555555
2.68962962962963
2.9103703703703703
2.437777777777778
2.990925925925926
2.8194444444444446
2.7862962962962965
2.845740740740741
2.8935185185185186
2.7083333333333335
2.642037037037037
2.6605555555555553
2.5
2.7846296296296296
2.4624074074074076
2.9142592592592593
2.890925925925926
2.547222222222222
2.4885185185185184
2.685925925925926
3.1185185185185187
2.754259259259259
3.267962962962963
2.6192592592592594
2.6616666666666666
2.7672222222222222
2.743888888888889
2.5294444444444446
2.7779629629629627
2.396851851851852
2.4207407407407406
2.533703703703704
2.4972222222222222
2.553888888888889
2.765185185185185
2.8048148148148146
2.6864814814814815
2.7075925925925928
2.9344444444444444
2.8364814814814814
2.715
3.0787037037037037
2.752407407407407
2.997962962962963
3.259074074074074
3.2598148148148147
2.6551851851851853
2.7955555555555556
3.1885185185185185
2.7825925925925925
2.837222222222222
2.829814814814815
2.897962962962963
3.219074074074074
2.995925925925926
2.8940740740740742
3.227777777777778
2.841296296296296
2.888148148148148
2.8905555555555558
2.64962962962963
2.669259259259259
2.9918518518518518
3.0662962962962963
2.7783333333333333
2.526851851851852
2.3064814814814816
2.51
2.5501851851851853
2.1461111111111113
2.2375925925925926
2.367777777777778
2.3414814814814813
2.4542592592592594
2.2557407407407406
2.4374074074074072
2.3066666666666666
2.4837037037037035
3.1714814814814813
2.8648148148148147
2.685
2.646851851851852
3.011851851851852
2.877037037037037
3.1725925925925926
2.9312962962962965
2.767962962962963
2.5375925925925924
2.662037037037037
2.7785185185185184
2.8961111111111113
3.0144444444444445
2.676296296296296
2.8762962962962964
2.5698148148148148
2.620185185185185
2.1564814814814817
2.432037037037037
2.501851851851852
2.6061111111111113
2.3448148148148147
2.319259259259259
2.373148148148148
2.68537037037037
2.343148148148148
2.580185185185185
2.614074074074074
2.629259259259259
3.076111111111111
2.7868518518518517
3.0007407407407407
3.3268518518518517
3.2496296296296294
2.9877777777777776
3.4566666666666666
3.691666666666667
3.2803703703703704
3.1057407407407407
3.0994444444444444
3.1174074074074074
3.004259259259259
2.8505555555555557
2.745
2.6783333333333332
3.5153703703703703
3.6662962962962964
3.7666666666666666
3.2974074074074076
3.135740740740741
2.8698148148148146
2.4161111111111113
2.8601851851851854
2.9583333333333335
2.8005555555555555
2.639074074074074
2.3270370370370372
2.36
2.373148148148148
2.459814814814815
2.335
1.979814814814815
2.3251851851851852
2.2124074074074076
2.1483333333333334
2.0751851851851852
2.035185185185185
2.162962962962963
2.287037037037037
2.1066666666666665
2.407037037037037
2.2442592592592594
2.1374074074074074
2.2124074074074076
2.122037037037037
2.063148148148148
2.1085185185185185
2.226111111111111
2.0866666666666664
2.423888888888889
2.096296296296296
2.1555555555555554
2.0703703703703704
2.0064814814814813
2.2346296296296297
2.332037037037037
1.9985185185185186
1.9822222222222223
2.3675925925925925
2.3775925925925927
2.1144444444444446
2.1903703703703705
1.979814814814815
2.2264814814814815
2.0824074074074073
2.062222222222222
2.112037037037037
2.052962962962963
2.0605555555555557
2.2785185185185184
2.161111111111111
2.220740740740741
2.4964814814814815
2.672222222222222
2.5457407407407406
1.9964814814814815
1.9907407407407407
2.095925925925926
2.198148148148148
1.8477777777777777
2.0453703703703705
2.284074074074074
2.058148148148148
1.905185185185185
1.7998148148148148
2.035740740740741
1.9874074074074075
2.137962962962963
2.175
1.896111111111111
2.1351851851851853
2.2246296296296295
2.042222222222222
2.1814814814814816
