-25827.0
-29849.0
-30294.0
-23013.0
-26456.0
-25165.0
-25170.0
-22517.0
-28422.0
-20928.0
-28487.0
-26467.0
-20359.0
-20185.0
-24706.0
-34928.0
-29845.0
-23007.0
-35464.0
-30456.0
-31648.0
-24879.0
-45719.0
-28577.0
-31697.0
-20596.0
-28250.0
-30399.0
-20545.0
-18741.0
-22222.0
-26446.0
-23576.0
-30356.0
-31821.0
-29572.0
-37438.0
-32718.0
-26539.0
-23512.0
-39001.0
-26478.0
-23846.0
-26196.0
-30148.0
-26420.0
-23377.0
-35551.0
-27395.0
-22174.0
-25000.0
-20653.0
-22593.0
-26978.0
-31214.0
-23623.0
-30868.0
-26901.0
-23783.0
-21164.0
-21067.0
-23825.0
-19322.0
-19936.0
-21312.0
-22742.0
-27870.0
-19830.0
-26852.0
-28624.0
-18687.0
-21044.0
-19602.0
-22402.0
-18171.0
-22447.0
-19011.0
-32473.0
-21435.0
-19905.0
-27823.0
-18087.0
-19279.0
-17772.0
-18281.0
-18470.0
-23061.0
-17226.0
-19781.0
-23522.0
-15976.0
-17660.0
-25324.0
-20033.0
-31806.0
-19444.0
-14271.0
-22723.0
-24990.0
-19465.0
-23356.0
-21227.0
-19798.0
-19449.0
-15234.0
-23782.0
-24761.0
-18596.0
-19848.0
-19050.0
-25232.0
-25999.0
-29748.0
-14404.0
-24348.0
-19531.0
-17997.0
-18398.0
-21072.0
-22341.0
-26336.0
-16254.0
-20249.0
-18713.0
-17709.0
-19811.0
-20808.0
-19617.0
-19302.0
-23566.0
-18250.0
-11894.0
-19175.0
-17074.0
-15054.0
-15651.0
-23247.0
-20814.0
-15554.0
-16394.0
-17394.0
-23782.0
-19960.0
-19319.0
-18392.0
-21164.0
-19742.0
-20262.0
-16436.0
-16853.0
-22841.0
-19401.0
-18982.0
-17724.0
-19309.0
-22332.0
-19988.0
-20276.0
-15588.0
-17297.0
-17374.0
-26717.0
-17989.0
-17251.0
-17220.0
-19689.0
-20967.0
-20642.0
-20938.0
-17185.0
-21525.0
-18560.0
-18416.0
-18396.0
-20360.0
-16721.0
-21387.0
-18352.0
-16295.0
-19868.0
-17081.0
-18663.0
-14485.0
-18896.0
-18271.0
-14480.0
-15870.0
-17001.0
-13700.0
-14185.0
-20445.0
-17800.0
-15587.0
-16895.0
-16291.0
-13443.0
-15667.0
-19737.0
-16259.0
-16204.0
-18040.0
-16916.0
-18322.0
-28572.0
-22578.0
-21132.0
-19635.0
-20973.0
-18840.0
-15965.0
-15865.0
-16583.0
-16177.0
-13226.0
-14495.0
-19293.0
-19527.0
-18415.0
-18869.0
-19350.0
-13053.0
-20596.0
-18112.0
-18407.0
-19302.0
-20443.0
-19095.0
-19027.0
-15418.0
-17620.0
-13219.0
-16709.0
-14834.0
-13203.0
-19513.0
-24540.0
-14580.0
-17960.0
-16741.0
-18489.0
-14870.0
-13710.0
-12099.0
-14109.0
-15439.0
-15331.0
-13031.0
-11947.0
-12467.0
-12668.0
-16241.0
-13316.0
-16576.0
-13382.0
-10521.0
-13545.0
-12844.0
-14587.0
-8759.0
-11448.0
-12966.0
-12818.0
-12305.0
-11421.0
-9751.0
-13365.0
-13258.0
-10717.0
-16202.0
-13002.0
-14805.0
-10604.0
-12347.0
-14180.0
-13114.0
-15554.0
-14353.0
-22445.0
-15643.0
-16220.0
-22827.0
-14318.0
-16074.0
-15908.0
-17036.0
-16858.0
-20525.0
-14418.0
-17022.0
-12223.0
-16161.0
-15559.0
-17731.0
-14691.0
-16557.0
-22783.0
-19228.0
-13663.0
-12290.0
-17114.0
-12582.0
-14367.0
-13275.0
-11566.0
-12510.0
-12947.0
-9711.0
-11416.0
-12427.0
-14596.0
-12376.0
-11827.0
-12678.0
-12772.0
-13061.0
-12569.0
-11763.0
-9179.0
-11211.0
-11343.0
-9457.0
-8635.0
-12994.0
-8656.0
-17315.0
-11373.0
-12320.0
-12766.0
-11692.0
-10056.0
-11403.0
-10550.0
-11752.0
-12986.0
-9091.0
-9660.0
-10647.0
-8881.0
-13616.0
-10875.0
-11848.0
-12166.0
-10812.0
-11062.0
-21646.0
-16069.0
-16303.0
-15150.0
-18178.0
-15509.0
-15950.0
-13810.0
-15819.0
-13242.0
-10767.0
-13269.0
-17678.0
-14468.0
-11583.0
-12581.0
-11551.0
-11694.0
-11392.0
-11670.0
-12236.0
-12938.0
-12708.0
-9735.0
-12567.0
-11120.0
-12557.0
-11817.0
-10759.0
-9701.0
-11791.0
-12238.0
-10964.0
-15149.0
-17930.0
-15190.0
-17960.0
-18112.0
-16742.0
-23572.0
-13069.0
-17429.0
-13810.0
-12973.0
-11892.0
-9800.0
-10765.0
-13929.0
-10486.0
-11101.0
-9263.0
-12119.0
-8769.0
-9550.0
-9278.0
-8561.0
-10546.0
-12026.0
-9581.0
-14231.0
-10169.0
-12369.0
-12306.0
-15125.0
-12065.0
-14095.0
-14400.0
-17457.0
-19628.0
-20778.0
-18112.0
-15886.0
-12337.0
-14562.0
-10870.0
-20515.0
-9772.0
-16466.0
-11849.0
-7889.0
-10432.0
-9941.0
-11304.0
-11078.0
-11244.0
-9526.0
-13735.0
-8736.0
-8224.0
-8979.0
-8521.0
-10270.0
-7003.0
-10025.0
-10435.0
-9632.0
-9102.0
-11929.0
-9683.0
-11684.0
-10546.0
-14266.0
-12488.0
-19054.0
-14583.0
-28704.0
-12138.0
-18031.0
-17844.0
-17704.0
-18277.0
-8713.0
-24014.0
-10731.0
-17401.0
-12152.0
-14288.0
-10218.0
-14445.0
-6775.0
-16412.0
-19618.0
-15636.0
-12752.0
-11999.0
-23137.0
-13872.0
-16374.0
-13303.0
-12640.0
-11021.0
-9490.0
-10652.0
-12532.0
-21775.0
-18304.0
-26627.0
-28845.0
-11677.0
-13916.0
-10629.0
-16403.0
-14017.0
-12101.0
-9641.0
-7648.0
-10235.0
-10247.0
-9638.0
-9974.0
-8401.0
-8481.0
-10510.0
-9232.0
-9203.0
-7181.0
-7263.0
-8113.0
-8965.0
-7987.0
-7614.0
-9018.0
-7200.0
-9639.0
-11776.0
-12501.0
-11333.0
-12309.0
-9460.0
-8034.0
-8940.0
-8240.0
-8750.0
-10632.0
-12234.0
-13148.0
-17483.0
-25235.0
-26192.0
-20591.0
-16485.0
-10748.0
-9294.0
-8472.0
-6669.0
-6668.0
-6859.0
-7350.0
-8130.0
-6757.0
-7371.0
-6378.0
-6474.0
-6126.0
-8599.0
-10980.0
-6165.0
-6642.0
-5253.0
-5766.0
-5356.0
-5840.0
-7380.0
-6274.0
-6357.0
-7086.0
-5166.0
-7924.0
-7025.0
-6343.0
-6623.0
-6971.0
-6445.0
-6201.0
-6463.0
-5731.0
-6263.0
-5598.0
-7239.0
-6408.0
-5471.0
-5120.0
-5806.0
-6056.0
-6573.0
-7494.0
-6541.0
-6158.0
-6751.0
-6157.0
-5417.0
-6758.0
-5046.0
-5077.0
-5591.0
-5591.0
-5525.0
-6348.0
-6624.0
-6962.0
-6197.0
-7152.0
-6882.0
-7337.0
-7694.0
-7122.0
-8095.0
-9044.0
-8820.0
-5647.0
-7063.0
-8097.0
-7110.0
-7380.0
-7360.0
-7306.0
-9189.0
-8150.0
-7161.0
-6779.0
-6966.0
-7510.0
-7247.0
-6301.0
-6758.0
-7196.0
-7106.0
-7198.0
-6152.0
-4727.0
-4935.0
-5053.0
-4328.0
-4517.0
-4898.0
-4813.0
-5033.0
-4413.0
-4673.0
-5529.0
-6407.0
-7201.0
-6703.0
-6174.0
-5816.0
-6916.0
-7591.0
-7537.0
-7844.0
-6717.0
-5534.0
-6109.0
-6527.0
-7224.0
-7231.0
-6358.0
-7475.0
-5201.0
-5205.0
-4194.0
-4499.0
-5079.0
-4922.0
-4567.0
-4524.0
-4764.0
-6035.0
-4753.0
-5096.0
-6670.0
-6508.0
-7416.0
-7047.0
-8187.0
-9321.0
-8167.0
-8575.0
-10627.0
-11105.0
-10223.0
-9039.0
-8496.0
-8797.0
-7366.0
-6323.0
-6819.0
-6611.0
-9546.0
-10854.0
-10521.0
-8110.0
-8156.0
-6207.0
-5274.0
-7146.0
-6161.0
-6343.0
-6203.0
-5132.0
-3821.0
-4996.0
-5445.0
-4322.0
-3533.0
-4268.0
-4225.0
-3864.0
-3650.0
-4023.0
-4097.0
-4437.0
-3941.0
-4579.0
-4541.0
-4010.0
-4519.0
-4038.0
-3563.0
-4122.0
-3842.0
-3896.0
-3734.0
-4089.0
-3851.0
-3787.0
-3619.0
-3930.0
-4431.0
-3645.0
-3683.0
-4073.0
-3882.0
-4113.0
-4143.0
-4053.0
-4507.0
-3666.0
-3635.0
-3855.0
-3693.0
-3443.0
-3961.0
-4460.0
-4593.0
-5842.0
-6293.0
-5153.0
-3781.0
-3346.0
-3498.0
-3605.0
-3095.0
-3326.0
-3625.0
-3852.0
-3553.0
-3130.0
-3707.0
-3796.0
-3592.0
-4043.0
-3322.0
-3542.0
-3948.0
-3438.0
-3883.0
