41144
35651
34601
38704
35061
39023
51942
36316
37594
35587
50079
46915
38477
41938
52807
40569
39431
46346
35269
29311
41329
36522
36274
50604
37265
45147
39203
45224
51255
40332
55289
41008
44179
53765
43419
39906
42984
33707
46373
43880
38163
38459
59391
35196
41066
40256
57286
53666
38004
41375
51454
49701
45062
36315
38675
28355
37906
41044
32190
39965
40078
35792
46722
43107
41953
53129
27365
44589
36673
49821
40220
46574
38735
60897
28329
35094
41978
32957
39749
45185
35488
40440
57347
43724
36905
46281
42398
42299
32384
31190
34263
34636
39494
44243
39461
71375
44612
60451
47769
31552
