-27699.0
-23391.0
-22616.0
-27232.0
-23040.0
-26480.0
-35892.0
-24595.0
-24766.0
-23096.0
-35907.0
-33086.0
-26282.0
-28153.0
-39251.0
-28776.0
-26437.0
-33032.0
-23744.0
-18780.0
-28004.0
-24033.0
-24569.0
-35702.0
-24811.0
-31125.0
-27315.0
-32643.0
-36609.0
-28114.0
-40924.0
-27970.0
-30399.0
-38355.0
-29290.0
-27254.0
-30661.0
-22689.0
-31168.0
-29522.0
-24962.0
-25957.0
-43286.0
-22958.0
-28268.0
-27804.0
-39689.0
-37857.0
-25770.0
-29457.0
-37186.0
-35557.0
-31415.0
-24713.0
-25703.0
-18250.0
-25140.0
-28339.0
-21527.0
-27016.0
-28432.0
-24535.0
-33205.0
-29335.0
-28763.0
-38968.0
-16611.0
-31955.0
-25157.0
-37169.0
-27541.0
-31013.0
-25753.0
-43362.0
-17609.0
-24334.0
-28652.0
-21620.0
-27590.0
-31877.0
-23490.0
-27564.0
-41529.0
-30619.0
-24476.0
-32111.0
-29473.0
-28366.0
-21588.0
-20546.0
-23329.0
-23525.0
-25555.0
-30557.0
-27342.0
-52593.0
-31730.0
-43942.0
-33997.0
-21288.0
