7.619259259259259
6.602037037037037
6.407592592592593
7.167407407407407
6.4927777777777775
7.226481481481481
9.61888888888889
6.725185185185185
6.9618518518518515
6.590185185185185
9.273888888888889
8.687962962962963
7.12537037037037
7.7662962962962965
9.779074074074074
7.512777777777778
7.302037037037037
8.582592592592592
6.531296296296296
5.427962962962963
7.653518518518519
6.763333333333334
6.717407407407407
9.37111111111111
6.900925925925926
8.360555555555555
7.259814814814815
8.374814814814815
9.491666666666667
7.4688888888888885
10.238703703703704
7.594074074074074
8.181296296296296
9.95648148148148
8.040555555555555
7.39
7.96
6.242037037037037
8.587592592592593
8.125925925925927
7.067222222222222
7.122037037037037
10.998333333333333
6.517777777777778
7.604814814814815
7.454814814814815
10.608518518518519
9.938148148148148
7.0377777777777775
7.662037037037037
9.528518518518519
9.203888888888889
8.344814814814814
6.725
7.162037037037037
5.250925925925926
7.019629629629629
7.600740740740741
5.961111111111111
7.400925925925926
7.4218518518518515
6.628148148148148
8.652222222222223
7.982777777777778
7.769074074074074
9.838703703703704
5.067592592592592
8.257222222222222
6.791296296296296
9.226111111111111
7.448148148148148
8.624814814814815
7.173148148148148
11.277222222222223
5.246111111111111
6.498888888888889
7.773703703703704
6.103148148148148
7.360925925925926
8.367592592592592
6.571851851851852
7.488888888888889
10.619814814814815
8.097037037037037
6.83425925925926
8.570555555555556
7.851481481481481
7.833148148148148
5.997037037037037
5.775925925925926
6.345
6.414074074074074
7.313703703703704
8.193148148148149
7.307592592592592
13.217592592592593
8.261481481481482
11.19462962962963
8.846111111111112
5.842962962962963
