41315
41464
38811
45280
34542
39990
45661
41778
36259
35545
37570
44924
46278
37593
44764
45575
59398
38205
61342
32804
34540
40081
38610
38602
35464
35304
33433
33546
38630
37635
32455
35988
58599
43364
35399
39781
33660
30583
41117
38415
30820
26221
38203
36028
26254
29071
39920
31251
41096
31735
31456
31301
36586
30855
30529
33627
48974
32021
32154
30589
29711
28500
25637
31330
26362
31856
32579
27800
30000
28361
27292
35327
33022
32301
27627
25963
25785
30940
31340
24850
29432
26659
28574
27915
24419
26510
22494
32951
29079
31186
31787
32609
24159
24057
38889
31495
37067
27709
26194
28142
26259
23289
29890
28043
23739
22920
21625
28733
31943
22063
34895
27492
25356
25828
24946
26793
25324
31631
26727
24908
26811
26672
27761
28199
23860
31195
25863
26120
27771
29590
26337
26428
27901
23210
22204
29476
23038
28034
26733
24854
23940
26711
24314
24859
24263
23599
23201
22105
28206
26744
26904
24347
23195
21494
23565
24298
27732
25764
26032
25876
25535
28185
22772
20461
25017
22137
24804
24957
23987
27586
21922
23712
21938
24169
22091
25931
24606
27053
29675
22519
27807
21415
18899
27503
25796
23609
22204
18913
24762
19262
26172
25509
27676
21983
23692
22733
26495
19731
19983
24222
44707
40937
67620
25430
24413
20860
26403
26625
121055
61614
56819
46710
71315
49121
31042
23409
32438
29320
28955
25015
23677
23036
20345
19671
27265
19750
24136
20226
24666
21728
24764
23206
33295
26022
34613
22921
34940
22303
44432
32618
30366
37471
48678
36074
27417
26082
33854
19352
27971
136667
197810
33688
27256
30578
31999
46049
20761
33931
34900
50228
31985
80452
68971
111157
165673
74626
102445
136250
55262
70198
52690
121601
116920
167516
194704
314185
32071
75591
29290
41924
46723
40206
75408
55493
38864
35243
37763
56630
115675
71670
61340
172991
77668
31763
39485
36771
40477
97858
131865
106041
183061
33929
49511
128973
45171
39250
96442
280279
92326
34259
23644
34862
28354
29927
55457
32548
21001
35934
25881
100866
38674
76454
39840
40615
49177
42419
42575
59143
40440
29510
33505
31455
33670
30987
35704
25644
26182
24779
21392
48108
46267
39557
30474
31729
39838
44996
32208
45271
37523
36059
34372
21187
38093
36772
29855
100180
31479
23408
27793
41519
43398
49207
29506
38619
49914
55453
37342
36972
32066
37941
26060
29911
86031
44132
28734
31184
55280
203325
110069
83395
40291
43158
49760
35594
55047
43700
66599
324971
75789
46008
220166
53554
59564
53092
79781
230102
50123
58150
81695
31502
80863
84112
59797
79896
65123
83741
54818
50577
41416
32434
31828
72621
82037
86338
70474
83269
41328
68744
104941
186729
39753
96676
56262
93489
63012
48915
186581
59909
825816
129816
139543
116581
82660
98491
288313
977792
82607
77815
80995
111972
95981
125339
123409
168739
752406
124315
199061
175440
183085
161341
342983
165015
141501
169399
140634
498516
153050
271093
139618
190890
687211
268036
143687
888223
219125
599971
169008
178147
792017
1222109
979398
139518
1512613
110164
1085639
903819
335892
677424
505080
208583
222571
2053819
2005137
171084
1716151
1159996
1088047
754083
829934
1063319
1104633
1261020
428414
1132668
1252901
1669270
2293756
305436
432893
1090472
