-178025.0
-155107.0
-159306.0
-227338.0
-112807.0
-153337.0
-224028.0
-164858.0
-117586.0
-121740.0
-171211.0
-218808.0
-183419.0
-128536.0
-168894.0
-232632.0
-412241.0
-143084.0
-516265.0
-127534.0
-124984.0
-134560.0
-179681.0
-151564.0
-119555.0
-136796.0
-102178.0
-118225.0
-149313.0
-135050.0
-101963.0
-165176.0
-419593.0
-178820.0
-116681.0
-177644.0
-115407.0
-96679.0
-177498.0
-136109.0
-95941.0
-71023.0
-130423.0
-125919.0
-71364.0
-87678.0
-180001.0
-100588.0
-173086.0
-110965.0
-97502.0
-99719.0
-138721.0
-91721.0
-87146.0
-129075.0
-226318.0
-105403.0
-107723.0
-87589.0
-98006.0
-78569.0
-74093.0
-93675.0
-79029.0
-118730.0
-98618.0
-77537.0
-88451.0
-80608.0
-74897.0
-114667.0
-119524.0
-104337.0
-80812.0
-60817.0
-70688.0
-123331.0
-103621.0
-61558.0
-102393.0
-83960.0
-80594.0
-79600.0
-73592.0
-70382.0
-50815.0
-117144.0
-87917.0
-108204.0
-117464.0
-98999.0
-60242.0
-59596.0
-155794.0
-104051.0
-162880.0
-76139.0
-81343.0
-86802.0
-72271.0
-59404.0
-87607.0
-81819.0
-74753.0
-58437.0
-51352.0
-85815.0
-111243.0
-57513.0
-136533.0
-69821.0
-70191.0
-94764.0
-71567.0
-73980.0
-82627.0
-102023.0
-69147.0
-71307.0
-68674.0
-86506.0
-80451.0
-83353.0
-57468.0
-275458.0
-73275.0
-85097.0
-98693.0
-86035.0
-61020.0
-110178.0
-79538.0
-70422.0
-57944.0
-106321.0
-55438.0
-107265.0
-95669.0
-96035.0
-71431.0
-121105.0
-70580.0
-80012.0
-71273.0
-64530.0
-61903.0
-58981.0
-110699.0
-128429.0
-94757.0
-76623.0
-92511.0
-58021.0
-93176.0
-77867.0
-116255.0
-115445.0
-73544.0
-103056.0
-76029.0
-102167.0
-75553.0
-52638.0
-109185.0
-68582.0
-124262.0
-99999.0
-71200.0
-98217.0
-53685.0
-63602.0
-54848.0
-67243.0
-55455.0
-101856.0
-87718.0
-93722.0
-122492.0
-79758.0
-163675.0
-58093.0
-49118.0
-112459.0
-144432.0
-86530.0
-59547.0
-52531.0
-92809.0
-53609.0
-84668.0
-68651.0
-71953.0
-60985.0
-95843.0
-66261.0
-104282.0
-67443.0
-59288.0
-60580.0
-204621.0
-153821.0
-596306.0
-97391.0
-73704.0
-47827.0
-87500.0
-84717.0
-2196762.0
-365919.0
-357307.0
-264441.0
-556262.0
-243813.0
-130406.0
-85236.0
-229769.0
-106018.0
-110123.0
-130727.0
-91573.0
-109868.0
-63369.0
-96311.0
-154728.0
-54986.0
-105057.0
-88499.0
-106836.0
-64883.0
-137157.0
-121219.0
-471093.0
-105699.0
-219513.0
-72994.0
-145164.0
-92451.0
-211187.0
-147698.0
-150156.0
-302131.0
-322273.0
-188927.0
-163683.0
-166299.0
-288211.0
-53622.0
-137529.0
-1581563.0
-3890709.0
-128629.0
-143404.0
-114048.0
-131168.0
-282566.0
-70883.0
-197948.0
-131847.0
-245090.0
-149187.0
-644289.0
-456132.0
-1158312.0
-1951655.0
-527337.0
-1312038.0
-2841158.0
-372335.0
-530712.0
-368890.0
-2053418.0
-2074313.0
-2189011.0
-3425437.0
-8610695.0
-314397.0
-866140.0
-151452.0
-264142.0
-292839.0
-320661.0
-736385.0
-561079.0
-310816.0
-235857.0
-240442.0
-402510.0
-2333417.0
-656579.0
-611192.0
-4856889.0
-1070191.0
-159909.0
-174711.0
-226448.0
-204582.0
-1202580.0
-2612885.0
-1529096.0
-4778475.0
-208103.0
-420360.0
-2546369.0
-254110.0
-246997.0
-1054736.0
-6550386.0
-1087751.0
-169693.0
-137846.0
-210506.0
-149726.0
-250884.0
-1865688.0
-234245.0
-77080.0
-188634.0
-121620.0
-1818545.0
-333447.0
-1445440.0
-352924.0
-281478.0
-329121.0
-236038.0
-550807.0
-912366.0
-345176.0
-161768.0
-163979.0
-193615.0
-375262.0
-224620.0
-435750.0
-248896.0
-168290.0
-163697.0
-113715.0
-695407.0
-852218.0
-646648.0
-245705.0
-248843.0
-500023.0
-617170.0
-233120.0
-669379.0
-541983.0
-564587.0
-241282.0
-94378.0
-510508.0
-423400.0
-138670.0
-1378922.0
-327635.0
-167789.0
-198851.0
-358771.0
-607106.0
-583586.0
-287231.0
-573474.0
-1213570.0
-901670.0
-512754.0
-641734.0
-259932.0
-636950.0
-169100.0
-268042.0
-1691714.0
-495155.0
-177783.0
-349530.0
-322322.0
-4584652.0
-2772611.0
-1326120.0
-220801.0
-411385.0
-783327.0
-455999.0
-1131524.0
-593671.0
-511405.0
-10055674.0
-643440.0
-305998.0
-8072714.0
-822322.0
-1022295.0
-539012.0
-1217092.0
-10278928.0
-958998.0
-1833749.0
-2724812.0
-354510.0
-1617362.0
-2266537.0
-1376310.0
-2755170.0
-1858211.0
-2642981.0
-944627.0
-861611.0
-497591.0
-157042.0
-115839.0
-1363098.0
-2565512.0
-3519779.0
-1883129.0
-2791529.0
-805430.0
-1204975.0
-2759284.0
-9084923.0
-342963.0
-3348390.0
-1720727.0
-5115128.0
-1445953.0
-826888.0
-11799025.0
-561175.0
-52632633.0
-5016005.0
-6043941.0
-4754294.0
-1406792.0
-3173899.0
-7932503.0
-67025601.0
-2937179.0
-2578963.0
-2576734.0
-4822721.0
-2339349.0
-5553795.0
-5663768.0
-4309925.0
-56153473.0
-3160388.0
-12534575.0
-8564493.0
-9165671.0
-8794547.0
-22663981.0
-10075196.0
-6895809.0
-7936301.0
-7274431.0
-31892399.0
-9186900.0
-14500726.0
-6436370.0
-7865003.0
-50128116.0
-20009750.0
-6320159.0
-88410414.0
-9395748.0
-45048470.0
-11865634.0
-11468266.0
-75028597.0
-109929616.0
-102273506.0
-6023464.0
-154862496.0
-2345910.0
-126066282.0
-88610771.0
-20899803.0
-52876635.0
-36049881.0
-18134688.0
-18043057.0
-267876337.0
-259069227.0
-12786707.0
-192653163.0
-146920982.0
-123656665.0
-77186008.0
-80305472.0
-127170288.0
-136002364.0
-166588550.0
-38042260.0
-144763889.0
-175035225.0
-193544737.0
-327759925.0
-38832324.0
-38854633.0
-138863971.0
