7.650925925925926
7.678518518518518
7.187222222222222
8.385185185185184
6.3966666666666665
7.405555555555556
8.45574074074074
7.736666666666666
6.71462962962963
6.582407407407407
6.957407407407407
8.31925925925926
8.57
6.961666666666667
8.28962962962963
8.439814814814815
10.999629629629629
7.075
11.35962962962963
6.074814814814815
6.396296296296296
7.422407407407407
7.15
7.148518518518519
6.567407407407408
6.5377777777777775
6.191296296296296
6.2122222222222225
7.1537037037037035
6.969444444444444
6.010185185185185
6.664444444444444
10.851666666666667
8.03037037037037
6.555370370370371
7.366851851851852
6.233333333333333
5.663518518518519
7.614259259259259
7.113888888888889
5.707407407407407
4.855740740740741
7.07462962962963
6.6718518518518515
4.861851851851852
5.383518518518518
7.392592592592592
5.787222222222222
7.6103703703703705
5.8768518518518515
5.825185185185185
5.796481481481481
6.775185185185185
5.713888888888889
5.653518518518519
6.227222222222222
9.06925925925926
5.929814814814815
5.954444444444444
5.66462962962963
5.502037037037037
5.277777777777778
4.747592592592593
5.801851851851852
4.881851851851851
5.899259259259259
6.033148148148148
5.148148148148148
5.555555555555555
5.252037037037037
5.054074074074074
6.542037037037037
6.115185185185185
5.9816666666666665
5.1161111111111115
4.8079629629629625
4.775
5.729629629629629
5.803703703703704
4.601851851851852
5.45037037037037
4.936851851851852
5.2914814814814815
5.169444444444444
4.522037037037037
4.909259259259259
4.165555555555556
6.102037037037037
5.385
5.775185185185185
5.886481481481481
6.038703703703704
4.473888888888889
4.455
7.201666666666667
5.832407407407407
6.864259259259259
5.131296296296297
4.850740740740741
5.211481481481481
4.862777777777778
4.312777777777778
5.535185185185185
5.193148148148148
4.396111111111111
4.2444444444444445
4.00462962962963
5.320925925925926
5.91537037037037
4.085740740740741
6.462037037037037
5.091111111111111
4.695555555555556
4.782962962962963
4.61962962962963
4.961666666666667
4.689629629629629
5.857592592592592
4.9494444444444445
4.612592592592593
4.965
4.939259259259259
5.140925925925926
5.222037037037037
4.4185185185185185
5.776851851851852
4.789444444444444
4.837037037037037
5.142777777777778
5.479629629629629
4.877222222222223
4.894074074074074
5.166851851851852
4.298148148148148
4.111851851851852
5.4585185185185185
4.2662962962962965
5.191481481481482
4.950555555555556
4.602592592592592
4.433333333333334
4.946481481481482
4.502592592592593
4.603518518518518
4.493148148148149
4.370185185185186
4.296481481481481
4.093518518518518
5.223333333333334
4.952592592592593
4.982222222222222
4.508703703703704
4.29537037037037
3.9803703703703706
4.363888888888889
4.49962962962963
5.135555555555555
4.771111111111111
4.8207407407407405
4.791851851851852
4.728703703703704
5.219444444444444
4.217037037037037
3.7890740740740743
4.632777777777778
4.099444444444444
4.593333333333334
4.621666666666667
4.4420370370370375
5.108518518518519
4.0596296296296295
4.391111111111111
4.062592592592592
4.475740740740741
4.090925925925926
4.802037037037037
4.556666666666667
5.009814814814815
5.49537037037037
4.170185185185185
5.149444444444445
3.9657407407407406
3.499814814814815
5.093148148148148
4.777037037037037
4.372037037037037
4.111851851851852
3.502407407407407
4.585555555555556
3.567037037037037
4.846666666666667
4.723888888888889
5.1251851851851855
4.070925925925926
4.387407407407407
4.2098148148148145
4.906481481481482
3.653888888888889
3.7005555555555554
4.485555555555556
8.279074074074074
7.580925925925926
12.522222222222222
4.70925925925926
4.520925925925926
3.862962962962963
4.889444444444444
4.930555555555555
22.41759259259259
11.41
10.522037037037038
8.65
13.20648148148148
9.096481481481481
5.748518518518519
4.335
6.007037037037037
5.42962962962963
5.362037037037037
4.632407407407407
4.38462962962963
4.265925925925926
3.7675925925925924
3.642777777777778
5.049074074074074
3.6574074074074074
4.46962962962963
3.7455555555555557
4.567777777777778
4.023703703703704
4.585925925925926
4.297407407407407
6.16574074074074
4.818888888888889
6.409814814814815
4.24462962962963
6.470370370370371
4.130185185185185
8.228148148148149
6.04037037037037
5.623333333333333
6.939074074074074
9.014444444444445
6.680370370370371
5.077222222222222
4.83
6.269259259259259
3.5837037037037036
5.179814814814815
25.308703703703703
36.63148148148148
6.238518518518519
5.047407407407407
5.662592592592593
5.925740740740741
8.527592592592592
3.8446296296296296
6.283518518518519
6.462962962962963
9.301481481481481
5.923148148148148
14.898518518518518
12.772407407407407
20.584629629629628
30.680185185185184
13.81962962962963
18.971296296296295
25.23148148148148
10.233703703703704
12.999629629629629
9.757407407407408
22.518703703703704
21.651851851851852
31.02148148148148
36.056296296296296
58.18240740740741
5.939074074074074
13.998333333333333
5.424074074074074
7.763703703703704
8.652407407407408
7.445555555555556
13.964444444444444
10.27648148148148
7.197037037037037
6.526481481481482
6.993148148148149
10.487037037037037
21.421296296296298
13.272222222222222
11.35925925925926
32.03537037037037
14.382962962962964
5.882037037037037
7.312037037037037
6.809444444444445
7.49574074074074
18.12185185185185
24.419444444444444
19.63722222222222
33.90018518518519
6.283148148148148
9.168703703703704
23.88388888888889
8.365
7.268518518518518
17.85962962962963
51.90351851851852
17.097407407407406
6.3442592592592595
4.3785185185185185
6.455925925925926
5.250740740740741
5.542037037037037
10.269814814814815
6.0274074074074075
3.889074074074074
6.654444444444445
4.792777777777777
18.67888888888889
7.161851851851852
14.158148148148149
7.377777777777778
7.521296296296296
9.106851851851852
7.855370370370371
7.8842592592592595
10.952407407407408
7.488888888888889
5.464814814814815
6.20462962962963
5.825
6.235185185185185
5.738333333333333
6.611851851851852
4.748888888888889
4.848518518518518
4.588703703703704
3.9614814814814814
8.908888888888889
8.567962962962962
7.32537037037037
5.6433333333333335
5.875740740740741
7.377407407407407
8.332592592592592
5.964444444444444
8.38351851851852
6.948703703703703
6.6775925925925925
6.365185185185185
3.9235185185185184
7.0542592592592595
6.8096296296296295
5.5287037037037035
18.55185185185185
5.829444444444444
4.3348148148148145
5.146851851851852
7.688703703703704
8.036666666666667
9.112407407407407
5.464074074074074
7.151666666666666
9.243333333333334
10.269074074074075
6.9151851851851855
6.846666666666667
5.938148148148148
7.026111111111111
4.825925925925926
5.539074074074074
15.931666666666667
8.172592592592592
5.321111111111111
5.774814814814815
10.237037037037037
37.65277777777778
20.38314814814815
15.443518518518518
7.461296296296296
7.992222222222222
9.214814814814815
6.591481481481481
10.193888888888889
8.092592592592593
12.333148148148148
60.17981481481481
14.035
8.52
40.77148148148148
9.917407407407408
11.03037037037037
9.831851851851852
14.77425925925926
42.61148148148148
9.282037037037037
10.768518518518519
15.128703703703703
5.833703703703704
14.97462962962963
15.576296296296297
11.073518518518519
14.795555555555556
12.059814814814814
15.507592592592593
10.15148148148148
9.366111111111111
7.66962962962963
6.006296296296297
5.894074074074074
13.448333333333334
15.192037037037037
15.988518518518518
13.050740740740741
15.420185185185185
7.653333333333333
12.73037037037037
19.433518518518518
34.57944444444445
7.361666666666666
17.902962962962963
10.418888888888889
17.31277777777778
11.668888888888889
9.058333333333334
34.55203703703704
11.094259259259259
152.92888888888888
24.04
25.841296296296296
21.589074074074073
15.307407407407407
18.239074074074075
53.3912962962963
181.0725925925926
15.297592592592592
14.410185185185185
14.999074074074073
20.735555555555557
17.77425925925926
23.210925925925928
22.85351851851852
31.247962962962962
139.33444444444444
23.021296296296295
36.86314814814815
32.48888888888889
33.90462962962963
29.877962962962965
63.51537037037037
30.558333333333334
26.20388888888889
31.370185185185186
26.043333333333333
92.31777777777778
28.34259259259259
50.20240740740741
25.855185185185185
35.35
127.2612962962963
49.636296296296294
26.608703703703704
164.48574074074074
40.5787037037037
111.10574074074074
31.297777777777778
32.99018518518518
146.66981481481483
226.31648148148147
181.37
25.836666666666666
280.1135185185185
20.40074074074074
201.04425925925926
167.3738888888889
62.202222222222225
125.44888888888889
93.53333333333333
38.626481481481484
41.21685185185185
380.33685185185186
371.32166666666666
31.682222222222222
317.80574074074076
214.81407407407409
201.4901851851852
139.645
153.69148148148147
196.91092592592594
204.56166666666667
233.5222222222222
79.33592592592592
209.75333333333333
232.0187037037037
309.1240740740741
424.7696296296296
56.562222222222225
80.16537037037037
201.93925925925927
