-123318.0
-161225.0
-211949.0
-174522.0
-150467.0
-157555.0
-145108.0
-129178.0
-108015.0
-100533.0
-101847.0
-151161.0
-117904.0
-166371.0
-131489.0
-108484.0
-165812.0
-131235.0
-124424.0
-114017.0
-139980.0
-107036.0
-228031.0
-116819.0
-137629.0
-127087.0
-117155.0
-203008.0
-123823.0
-98914.0
-118129.0
-139457.0
-103948.0
-151025.0
-216295.0
-136272.0
-147327.0
-160680.0
-158805.0
-227575.0
-135019.0
-170601.0
-162620.0
-127398.0
-178927.0
-223083.0
-122508.0
-143803.0
-122966.0
-102492.0
-140283.0
-118960.0
-124733.0
-143136.0
-113523.0
-190070.0
-182526.0
-145499.0
-121094.0
-147397.0
-122893.0
-125415.0
-148526.0
-159981.0
-119105.0
-158720.0
-120196.0
-113188.0
-134820.0
-119146.0
-126933.0
-137926.0
-114192.0
-134511.0
-169121.0
-154749.0
-147532.0
-139215.0
-172878.0
-226816.0
-197734.0
-97530.0
-245981.0
-123434.0
-106473.0
-186830.0
-161334.0
-139154.0
-144891.0
-164575.0
-158018.0
-108810.0
-125694.0
-117285.0
-124602.0
-102273.0
-111986.0
-160355.0
-147043.0
-144000.0
