31.706666666666667
38.958703703703705
47.486111111111114
38.89574074074074
37.99388888888889
39.85981481481482
37.47148148148148
33.046851851851855
29.211111111111112
27.845555555555556
29.05296296296296
38.48203703703704
30.749074074074073
39.26185185185185
35.99907407407407
28.168518518518518
38.80203703703704
33.72925925925926
31.10185185185185
31.09259259259259
36.46611111111111
29.52037037037037
49.163333333333334
31.72037037037037
34.29537037037037
31.974074074074075
32.44796296296296
45.833888888888886
34.635185185185186
28.135185185185186
30.285740740740742
34.86259259259259
29.039814814814815
38.37814814814815
48.82833333333333
35.16388888888889
35.404074074074074
39.805
38.927962962962965
49.824074074074076
35.365
41.39074074074074
38.79074074074074
33.51444444444444
41.665
48.99092592592593
33.192962962962966
36.85944444444444
32.702592592592595
29.108703703703704
34.81333333333333
29.83277777777778
32.62759259259259
36.477037037037036
31.360185185185184
43.39018518518518
41.33814814814815
36.943333333333335
32.39370370370371
38.882222222222225
32.90481481481481
31.530185185185186
37.5937037037037
41.360925925925926
31.642592592592592
37.758148148148145
31.430555555555557
29.891111111111112
34.21222222222222
30.672777777777778
31.950925925925926
36.732962962962965
30.56851851851852
33.69870370370371
39.068518518518516
39.09537037037037
35.73148148148148
34.82592592592592
38.735
51.46018518518518
45.07944444444445
28.043333333333333
52.379074074074076
32.44814814814815
29.054444444444446
40.78351851851852
38.169444444444444
34.571666666666665
37.84888888888889
39.17166666666667
39.06148148148148
30.79685185185185
31.252037037037038
33.65888888888889
32.66518518518519
28.705925925925925
31.06111111111111
39.78111111111111
35.31666666666667
35.569074074074074
