171216
210377
256425
210037
205167
215243
202346
178453
157740
150366
156886
207803
166045
212014
194395
152110
209531
182138
167950
167900
196917
159410
265482
171290
185195
172660
175219
247503
187030
151930
163543
188258
156815
207242
263673
189885
191182
214947
210211
269050
190971
223510
209470
180978
224991
264551
179242
199041
176594
157187
187992
161097
176189
196976
169345
234307
223226
199494
174926
209964
177686
170263
203006
223349
170870
203894
169725
161412
184746
165633
172535
198358
165070
181973
210970
211115
192950
188060
209169
277885
243429
151434
282847
175220
156894
220231
206115
186687
204384
211527
210932
166303
168761
181758
176392
155012
167730
214818
190710
192073
