-81034.75
-163799.5
-76995.25
-101704.5
-89317.0
-133061.75
-84042.75
-110516.25
-91956.75
-158368.75
-108704.0
-83574.75
-95074.0
-77253.5
-86003.25
-79051.0
-97620.25
-127814.25
-81831.5
-100511.25
-110478.5
-101879.25
-100012.25
-124674.5
-107933.25
-102605.5
-101933.75
-99242.5
-89906.25
-93864.5
-100188.0
-85067.75
-101064.0
-108053.25
-87123.25
-101247.25
-126240.25
-94149.25
-78145.75
-91696.0
-73952.75
-102007.5
-72300.25
-114101.75
-97293.0
-99663.5
-98244.75
-84953.0
-110782.75
-111375.75
-94651.25
-81766.0
-83736.75
-136655.5
-76944.25
-96410.5
-116845.25
-77163.75
-89130.25
-95616.25
-75984.0
-75908.0
-103905.75
-88335.25
-70938.25
-88988.5
-92225.25
-71876.0
-78639.25
-78638.5
-77689.5
-107277.25
-84835.5
-67239.25
-77544.75
-91755.25
-83544.25
-110177.5
-64336.75
-100137.75
-79749.25
-67757.25
-80654.75
-84441.0
-64945.0
-71236.0
-90816.0
-82833.25
-91413.25
-82709.75
-76313.75
-90929.0
-95286.25
-87825.5
-80955.25
-90968.25
-64202.25
-91141.75
-65299.5
-74883.25
-101337.0
-98569.0
-75069.75
-87791.5
-71050.75
-86924.0
-66213.0
-65287.0
-69707.5
-68307.75
-73276.5
-67183.75
-74856.75
-71001.25
-86199.5
-83369.75
-78325.75
-68765.5
-74627.75
-56547.25
-66212.0
-74093.75
-60318.5
-66071.5
-63511.0
-70801.5
-74039.25
-85676.5
-75060.75
-69260.75
-85787.5
-63167.5
-73058.0
-63374.75
-80180.0
-63055.75
-77479.0
-61042.5
-51350.5
-83696.25
-64974.5
-97987.25
-56717.5
-77612.25
-70454.25
-51983.25
-66895.5
-70045.25
-65206.25
-64917.75
-71098.75
-61798.5
-60551.0
-60655.75
-60071.25
-56186.5
-59215.0
-55938.75
-64949.5
-56117.5
-63714.75
-73460.75
-65167.5
-68786.25
-54727.25
-68250.0
-65583.75
-59792.5
-59799.25
-56140.25
-57205.75
-78814.75
-52689.5
-65796.25
-58664.5
-65814.75
-70842.25
-53790.5
-66323.75
-79944.75
-57284.0
-86406.25
-61070.75
-61811.25
-89536.25
-71692.75
-56839.25
-81301.0
-58379.75
-75138.5
-62407.25
-61355.25
-59329.25
-56987.0
-60522.25
-57894.75
-52719.75
-61461.0
-56699.5
-61456.75
-63702.5
-52822.75
-64048.75
-47441.75
-56024.75
-56417.75
-53004.25
-60001.75
-57816.5
-58199.5
-53967.0
-64161.75
-43882.75
-54967.75
-59527.75
-60924.75
-42690.75
-58715.5
-54174.5
-50108.25
-56709.75
-55119.25
-54446.0
-60506.25
-52202.75
-48344.0
-52181.0
-54947.0
-63115.5
-55921.25
-50363.0
-55007.0
-43925.5
-48874.75
-55808.5
-48955.75
-48766.75
-59536.0
-40980.25
-57711.25
-54187.5
-50908.75
-47298.75
-46855.25
-50619.5
-48297.0
-55055.75
-35046.0
-45238.5
-44268.0
-59697.25
-45371.5
-42660.25
-49656.75
-41808.75
-47807.75
-45780.5
-55800.0
-48110.75
-50366.0
-46815.0
-49066.75
-60452.75
-50108.0
-51695.5
-43869.25
-60177.0
-47654.25
-48667.5
-48137.75
-55516.75
-44735.5
-44516.25
-46047.0
-49819.75
-63130.5
-40829.0
-44685.0
-42558.25
-45178.75
-39580.0
-47841.75
-49959.25
-52574.25
-37620.0
-37577.25
-54798.5
-47277.25
-41398.5
-50671.5
-43618.0
-51500.25
-44352.5
-47537.0
-38347.75
-55686.0
-45663.25
-34428.5
-43532.5
-46062.0
-37916.75
-48453.0
-40068.25
-43844.25
-53075.5
-51243.75
-45367.25
-45918.75
-38137.75
-49500.75
-36399.25
-57929.5
-36495.5
-37998.0
-44396.5
-47222.75
-49403.25
-43693.75
-54414.5
-45433.25
-31793.25
-54359.0
-41148.5
-48294.0
-50387.25
-37912.75
-39280.75
-51968.0
-42955.5
-41770.75
-43974.25
-38807.5
-34360.75
-61409.25
-45269.5
-58514.5
-41153.25
-43811.25
-31314.25
-39318.0
-43571.5
-36386.75
-41187.0
-41378.25
-42264.5
-50933.25
-50216.5
-36464.0
-38263.5
-40773.25
-37578.25
-41746.0
-42604.25
-40661.75
-48717.0
-37866.0
-39157.75
-40597.75
-41074.25
-42901.0
-45100.75
-37615.0
-48176.25
-43158.25
-39755.25
-34015.0
-34311.5
-33216.25
-32312.0
-36253.25
-36589.5
-54616.5
-34491.5
-38635.25
-53787.5
-39640.75
-40060.0
-32088.0
-40383.0
-29642.25
-31135.5
-41920.0
-39005.75
-34611.25
-41262.5
-34386.5
-35306.5
-33148.0
-43523.0
-55820.0
-28801.25
-47607.75
-31904.25
-39569.25
-44268.75
-42895.5
-30753.0
-38676.0
-32456.25
-24716.75
-26840.25
-44589.5
-32568.25
-36560.75
-28848.5
-31061.5
-34429.5
-30788.25
-34928.25
-39851.0
-38826.0
-37291.5
-43132.25
-32899.75
-35113.5
-47599.75
-34604.75
-48115.5
-37849.0
-37111.75
-30311.0
-43061.75
-32658.0
-40745.5
-34895.25
-28279.25
-32929.25
-33100.25
-33687.25
-34732.75
-36876.25
-35389.5
-35771.5
-28003.0
-35804.25
-33221.25
-32252.5
-33426.5
-25925.75
-30905.25
-29592.75
-36651.75
-31877.75
-41792.25
-34219.75
-27048.0
-30991.0
-37868.5
-38830.5
-35115.75
-28629.0
-33184.5
-29576.25
-40003.75
-31966.0
-33338.25
-38481.25
-35280.75
-28372.75
-38181.75
-30921.75
-30548.75
-27336.75
-35880.5
-28152.25
-22532.75
-23474.5
-31323.75
-23067.25
-34623.5
-28337.75
-36700.0
-31416.0
-35232.25
-29104.25
-35074.75
-30461.75
-28803.5
-29586.5
-27788.75
-35223.5
-36886.0
-29979.0
-97670.0
-37917.75
-23967.75
-24110.0
-28657.25
-24475.5
-26828.75
-33353.75
-33967.0
-24382.25
-22713.25
-30483.5
-33644.25
-33461.75
-28370.5
-25534.75
-21502.5
-27948.0
-28589.75
-31236.75
-28272.5
-29109.25
-25333.5
-31876.75
-29342.25
-24798.0
-25492.25
-26944.5
-24955.25
-27478.0
-37264.25
-32554.5
-23385.0
-31183.0
-25716.5
-29290.0
-27230.5
-26002.5
-33151.75
-29214.0
-27961.0
-28062.25
-23125.25
-26252.25
-38358.25
-32109.5
-29532.25
-28529.25
-35258.25
-24578.25
-22388.5
-26694.5
-20519.75
-32362.0
-664969.25
-35118.0
-28229.0
