-99112.75
-153640.75
-78328.0
-87383.25
-81039.5
-115406.0
-91134.5
-121012.75
-95829.25
-118268.5
-86759.25
-86593.25
-93015.25
-80445.75
-77597.5
-88274.0
-84126.25
-110717.25
-81621.75
-96979.75
-106290.25
-102162.5
-104724.5
-142138.5
-119044.5
-85245.5
-132201.75
-91719.75
-75226.75
-86153.75
-99594.25
-95466.0
-116396.0
-89626.5
-78039.75
-88908.25
-134367.5
-82834.25
-70032.0
-99458.5
-73522.25
-81501.5
-75473.5
-104957.0
-89105.0
-93331.25
-97272.25
-76167.75
-113202.25
-98997.0
-94045.5
-78720.0
-75325.0
-115663.5
-84907.0
-115217.0
-103673.75
-70746.5
-86231.25
-83439.75
-84907.5
-67096.25
-92747.0
-81122.0
-67003.5
-84038.75
-94973.5
-62960.75
-69188.25
-91763.25
-83054.0
-119549.5
-84604.5
-66477.75
-81209.75
-94459.75
-81214.0
-116396.0
-64518.5
-102615.5
-88628.0
-67005.25
-81604.5
-73170.5
-71320.25
-76993.75
-78172.5
-86460.25
-91433.25
-73005.75
-77555.75
-91862.25
-82613.25
-109460.75
-75281.25
-82026.75
-68006.5
-85335.5
-64151.25
-91756.0
-82392.5
-76106.5
-65418.5
-78933.75
-77948.75
-94434.0
-61686.75
-64147.5
-64730.5
-64263.0
-78140.75
-71990.0
-82430.5
-69248.25
-85125.75
-71813.5
-91539.75
-74047.75
-78232.25
-60477.25
-70987.25
-81076.5
-57198.0
-61804.0
-57574.0
-72793.25
-78406.75
-69361.75
-68385.25
-74690.0
-74092.25
-57290.0
-77008.5
-71430.0
-101086.0
-63672.5
-76033.0
-65231.75
-55489.25
-76541.25
-55259.25
-70004.75
-56305.75
-68841.5
-66609.75
-51678.5
-64249.5
-76930.75
-62363.25
-68913.0
-68069.75
-65335.75
-64139.0
-66409.75
-56729.0
-52899.75
-67220.25
-57838.75
-68239.5
-58611.75
-58159.5
-71230.75
-71095.5
-55713.75
-52473.25
-57303.5
-83431.5
-63662.0
-64223.75
-64211.5
-60192.5
-67076.75
-64315.25
-69632.5
-64829.5
-60967.5
-51780.25
-51966.0
-81408.0
-68015.75
-62643.75
-69381.0
-60956.75
-55475.25
-84551.5
-61035.0
-59345.0
-64161.5
-57123.75
-76266.75
-63301.5
-62602.5
-51390.25
-61888.5
-77851.25
-50339.25
-48464.25
-55673.75
-52445.0
-61623.25
-65244.75
-60584.5
-61006.25
-49035.75
-60280.25
-54119.0
-63430.5
-45767.0
-56110.5
-53425.75
-57013.25
-55396.5
-48123.75
-54254.75
-54814.25
-60022.5
-37112.0
-53587.5
-61277.75
-46388.75
-58572.0
-50819.0
-49571.25
-62538.5
-66531.75
-49380.0
-49189.75
-51695.75
-57206.25
-56421.75
-52607.5
-49537.0
-50231.0
-51518.0
-54340.25
-45857.75
-43466.0
-57722.0
-43170.25
-53053.5
-58173.0
-45733.75
-47142.0
-48733.0
-47626.0
-45344.5
-47319.75
-34977.0
-51579.0
-45002.25
-48160.75
-40634.5
-45281.0
-42240.5
-45079.0
-48179.5
-50649.0
-48816.5
-50826.5
-46203.5
-47340.5
-49290.25
-55510.75
-52496.0
-43443.5
-42225.0
-55105.5
-49968.75
-46171.75
-46878.0
-51737.25
-41584.0
-39973.75
-35722.5
-44101.75
-56938.0
-47652.0
-35332.0
-38523.0
-48875.25
-43825.75
-48772.25
-42430.5
-36754.5
-40031.25
-38005.75
-53302.75
-49320.25
-42451.75
-43883.0
-41095.5
-41387.25
-43545.5
-38336.0
-40141.0
-48119.75
-44865.0
-39249.5
-44286.5
-53781.75
-40796.75
-44345.5
-49634.0
-45912.75
-41740.5
-47704.25
-48000.25
-45907.5
-38661.75
-47655.25
-41140.25
-48729.0
-34755.5
-42485.75
-38596.0
-54808.25
-41157.0
-39658.5
-47826.5
-45962.25
-40766.0
-53717.75
-41798.0
-36959.0
-47934.25
-33455.5
-39294.25
-55525.5
-37563.5
-45380.5
-41611.75
-35426.25
-37220.0
-54231.0
-40176.75
-46507.0
-32585.0
-37300.5
-29515.75
-34708.0
-38608.75
-38589.5
-43995.75
-44424.75
-36149.0
-49161.25
-40372.5
-30642.0
-38597.75
-41010.25
-42189.25
-39084.75
-46811.75
-43319.5
-50201.5
-31774.75
-33725.25
-45848.75
-38496.0
-39664.0
-41851.75
-37550.25
-48076.75
-36575.5
-38054.5
-36664.75
-33632.25
-30865.0
-30874.25
-40624.25
-40588.75
-45476.0
-34544.75
-33008.0
-46070.0
-37291.75
-38419.5
-31410.0
-40502.5
-31394.25
-34522.75
-39335.5
-35123.75
-37275.0
-44954.25
-30586.75
-41255.0
-34225.25
-45242.25
-36274.75
-26646.5
-36456.0
-30426.5
-31354.0
-38065.5
-42486.75
-35761.5
-38850.5
-30473.25
-32294.25
-31981.0
-49661.0
-37712.25
-32229.0
-33153.75
-33708.75
-41204.0
-35373.25
-37794.25
-36121.5
-36034.25
-40711.0
-41979.75
-27251.75
-31400.5
-42921.5
-35985.5
-45266.75
-36055.75
-35213.0
-27816.75
-37743.25
-35523.25
-33094.0
-42872.5
-29705.5
-30565.75
-26900.0
-30422.75
-27780.0
-31396.0
-31556.0
-39632.25
-29236.75
-39560.0
-29700.0
-32852.25
-33631.0
-30191.5
-28631.75
-27142.5
-32577.0
-31476.5
-35870.25
-32629.25
-25853.75
-24992.75
-32527.75
-37523.25
-35007.25
-23145.75
-26681.5
-26112.5
-35782.25
-33303.75
-31246.25
-34539.5
-35707.25
-27381.5
-35751.75
-30692.75
-27662.5
-27281.75
-31003.5
-25044.25
-25229.25
-24319.25
-34954.5
-22753.5
-31352.25
-28982.0
-32894.75
-32278.5
-35005.25
-29927.25
-31673.5
-30186.0
-28097.0
-26800.5
-25844.75
-37629.75
-28446.0
-29928.25
-40378.25
-33414.0
-29787.0
-26177.0
-32881.75
-25401.25
-26347.25
-38946.0
-31945.25
-27129.75
-26704.0
-26248.75
-32946.25
-33602.0
-32299.0
-21578.0
-23731.75
-28444.0
-33323.25
-37416.75
-26269.5
-29855.25
-27057.0
-33529.0
-29138.75
-21651.75
-27061.75
-25625.25
-22892.25
-30252.75
-36411.5
-39095.75
-30652.25
-27497.75
-26042.0
-25579.5
-28507.25
-25908.0
-31005.75
-32929.25
-29119.5
-25390.25
-28316.5
-32208.0
-29832.5
-26196.0
-32812.5
-31260.5
-43391.75
-30162.5
-19864.75
-26989.5
-21912.5
-27735.5
-271010.0
-29057.0
-25494.0
