-185855.0
-290060.0
-247926.0
-162741.0
-244317.0
-190908.0
-201298.0
-231754.0
-264324.0
-401616.0
-212163.0
-269069.0
-322156.0
-202305.0
-309688.0
-214868.0
-227474.0
-273699.0
-267058.0
-133556.0
-183820.0
-180659.0
-184822.0
-414670.0
-236383.0
-245830.0
-353965.0
-462698.0
-271906.0
-224652.0
-292096.0
-281547.0
-267190.0
-235364.0
-219822.0
-207217.0
-262439.0
-185863.0
-258531.0
-309211.0
-811260.0
-235405.0
-340825.0
-213254.0
-234052.0
-265559.0
-371869.0
-272784.0
-817310.0
-437419.0
-180988.0
-748048.0
-732752.0
-714801.0
-833407.0
-963327.0
-324765.0
-269738.0
-256377.0
-394523.0
-1222555.0
-1120871.0
-301064.0
-703665.0
-617932.0
-358648.0
-978053.0
-515016.0
-500541.0
-429420.0
-940038.0
-560104.0
-357399.0
-356347.0
-1034994.0
-375885.0
-1060575.0
-998130.0
-1043225.0
-1609312.0
-1102769.0
-338917.0
-561294.0
-870986.0
-736445.0
-1364988.0
-1450882.0
-1110033.0
-1072865.0
-1970739.0
-1630624.0
-1981080.0
-1612992.0
-1640508.0
-1200630.0
-1954501.0
-1150436.0
-1810891.0
-2251852.0
-1970552.0
