37.62685185185185
57.997962962962966
52.244814814814816
32.98037037037037
48.839814814814815
38.10333333333333
39.940185185185186
46.754074074074076
52.62425925925926
80.91407407407408
42.24
53.58796296296296
63.9237037037037
42.71962962962963
60.898148148148145
44.425185185185185
45.165
54.016481481481485
53.802962962962965
26.969074074074076
37.562592592592594
35.85740740740741
36.99907407407407
80.93944444444445
46.42259259259259
49.193518518518516
70.09555555555555
91.31462962962964
52.92907407407407
45.96388888888889
57.297407407407405
56.48814814814815
54.67407407407408
46.547037037037036
44.02092592592592
42.044074074074075
52.56703703703704
36.738703703703706
51.25592592592593
62.77814814814815
154.35592592592593
48.136296296296294
66.62851851851852
43.17777777777778
46.052592592592596
52.57592592592592
76.54074074074074
53.87407407407407
156.4361111111111
85.1112962962963
36.85314814814815
143.4798148148148
139.16092592592594
138.31037037037038
158.36388888888888
183.46851851851852
65.55203703703704
53.159814814814816
52.33722222222222
77.2674074074074
237.10296296296298
213.5612962962963
60.077222222222225
136.32907407407407
119.79666666666667
70.16111111111111
189.67777777777778
100.58407407407407
100.46462962962963
83.92703703703704
180.8111111111111
109.94
74.49222222222222
71.46574074074074
198.09592592592594
74.48907407407407
202.97296296296295
190.9162962962963
201.6298148148148
308.62388888888887
221.24481481481482
68.29925925925926
108.65703703703704
167.83537037037038
143.83703703703705
275.9861111111111
283.5762962962963
214.71296296296296
206.34203703703704
385.49574074074076
308.8833333333333
378.48685185185184
307.837037037037
310.7987037037037
233.53074074074075
369.88388888888886
225.9175925925926
339.8905555555556
425.32055555555553
375.12074074074076
