203185
313189
282122
178094
263735
205758
215677
252472
284171
436936
228096
289375
345188
230686
328850
239896
243891
291689
290536
145633
202838
193630
199795
437073
250682
265645
378516
493099
285817
248205
309406
305036
295240
251354
237713
227038
283862
198389
276782
339002
833522
259936
359794
233160
248684
283910
413320
290920
844755
459601
199007
774791
751469
746876
855165
990730
353981
287063
282621
417244
1280356
1153231
324417
736177
646902
378870
1024260
543154
542509
453206
976380
593676
402258
385915
1069718
402241
1096054
1030948
1088801
1666569
1194722
368816
586748
906311
776720
1490325
1531312
1159450
1114247
2081677
1667970
2043829
1662320
1678313
1261066
1997373
1219955
1835409
2296731
2025652
