100.59
64.52444444444444
79.73796296296297
73.80351851851852
93.70666666666666
63.849444444444444
81.62925925925926
56.28962962962963
77.87777777777778
55.617222222222225
77.19
72.77833333333334
69.54592592592593
70.91574074074074
57.9387037037037
81.22703703703704
77.01944444444445
67.26518518518519
54.21851851851852
71.98240740740741
63.82055555555556
76.55796296296296
81.20851851851852
58.54814814814815
61.04537037037037
64.89703703703704
66.83074074074074
69.72018518518519
57.389074074074074
57.502037037037034
50.821296296296296
92.23055555555555
74.78703703703704
66.71888888888888
64.41851851851852
56.54907407407408
76.29981481481481
64.51074074074074
58.7412962962963
54.66
71.25148148148148
63.90611111111111
59.882592592592594
59.11
57.40574074074074
74.50203703703704
76.17537037037037
56.94870370370371
58.86833333333333
55.232592592592596
63.09962962962963
67.22148148148148
67.12388888888889
48.370555555555555
79.10888888888888
56.462037037037035
67.51666666666667
55.59
89.38537037037037
53.614444444444445
48.747962962962966
59.46277777777778
77.15166666666667
69.76407407407407
60.114074074074075
59.7337037037037
80.66388888888889
54.36666666666667
62.60629629629629
52.20407407407407
73.25796296296296
54.141666666666666
60.56314814814815
54.428703703703704
61.80444444444444
70.68518518518519
53.70925925925926
73.7362962962963
69.00833333333334
71.8575925925926
61.88777777777778
66.87222222222222
63.68037037037037
69.39037037037038
53.12611111111111
70.85833333333333
61.138703703703705
53.80796296296296
47.88685185185185
54.5787037037037
47.89944444444444
59.81166666666667
48.98888888888889
50.27111111111111
55.51037037037037
56.84777777777778
66.91203703703704
53.263333333333335
51.928148148148146
44.21611111111111
47.26555555555556
48.520185185185184
71.32574074074074
57.351851851851855
60.83555555555556
49.01314814814815
63.46851851851852
55.049814814814816
51.51962962962963
61.19
69.63425925925925
44.988703703703706
55.010740740740744
56.33111111111111
55.70481481481482
64.47462962962963
47.449444444444445
50.725
61.44148148148148
48.12777777777778
52.15611111111111
52.65481481481481
56.24722222222222
59.86592592592593
53.00555555555555
67.99851851851852
49.487037037037034
48.095
49.39666666666667
46.76351851851852
65.69888888888889
52.69444444444444
62.2187037037037
53.724074074074075
62.97833333333333
58.052962962962965
59.822037037037035
59.4837037037037
62.20203703703704
51.849259259259256
49.849444444444444
55.849444444444444
44.14703703703704
47.51888888888889
47.928518518518516
52.19259259259259
50.89259259259259
47.33018518518519
43.21740740740741
48.03925925925926
48.52425925925926
44.61851851851852
42.757222222222225
50.572407407407404
46.37796296296296
50.763703703703705
43.58796296296296
40.01722222222222
50.950185185185184
54.06388888888889
59.57740740740741
58.05962962962963
50.90537037037037
45.55759259259259
72.46333333333334
39.864074074074075
49.93333333333333
47.01888888888889
56.49055555555555
55.196666666666665
59.45851851851852
60.35259259259259
44.28314814814815
47.69481481481481
45.434444444444445
45.33259259259259
41.49777777777778
56.05740740740741
47.52962962962963
49.82111111111111
62.724074074074075
56.403333333333336
51.17925925925926
45.54611111111111
41.29592592592593
57.031666666666666
44.066296296296294
48.62722222222222
56.7662962962963
43.69166666666667
56.79925925925926
63.53907407407407
49.08
46.555
47.41240740740741
51.239814814814814
50.14055555555556
43.70944444444444
42.99444444444445
51.28055555555556
47.32222222222222
42.01796296296296
41.73481481481482
47.108518518518515
42.553333333333335
42.793703703703706
44.07388888888889
38.19037037037037
42.37814814814815
46.14981481481482
43.8412962962963
47.8812962962963
40.046851851851855
40.67888888888889
32.895185185185184
40.58907407407408
45.8662962962963
43.830925925925925
41.27111111111111
46.16037037037037
44.137962962962966
43.10685185185185
35.66240740740741
43.803148148148146
37.145185185185184
50.54388888888889
42.559444444444445
38.78907407407407
44.059074074074076
51.42703703703704
63.61296296296296
44.44240740740741
42.3287037037037
52.42685185185185
50.97944444444445
50.360925925925926
53.937592592592594
46.24055555555555
41.35111111111111
43.575185185185184
44.242592592592594
46.23407407407407
36.76462962962963
36.16111111111111
44.507222222222225
41.01962962962963
35.43703703703704
40.16203703703704
40.736111111111114
41.835
46.187407407407406
40.35259259259259
50.54944444444445
38.63666666666666
35.74814814814815
37.931296296296296
40.199444444444445
40.004629629629626
45.76
37.794444444444444
35.882962962962964
40.17444444444445
34.13111111111111
39.745555555555555
43.715185185185184
50.25333333333333
35.285185185185185
40.187592592592594
36.732592592592596
43.49888888888889
38.931111111111115
43.16722222222222
38.739259259259256
38.35777777777778
36.613703703703706
47.09111111111111
36.71888888888889
45.4637037037037
34.887962962962966
42.32314814814815
42.59740740740741
40.48481481481482
43.53055555555556
47.55722222222222
36.83222222222222
34.64555555555555
36.07944444444445
35.29240740740741
34.24740740740741
41.69222222222222
42.18185185185185
34.53259259259259
45.6312962962963
40.806111111111115
41.55925925925926
35.91518518518519
34.33592592592593
43.169259259259256
36.90796296296296
43.84777777777778
38.35611111111111
34.90425925925926
43.80537037037037
39.072407407407404
34.88055555555555
35.239074074074075
38.00703703703704
47.30925925925926
39.97944444444445
35.0312962962963
39.86851851851852
38.33425925925926
40.21333333333333
40.2862962962963
47.86833333333333
36.70074074074074
31.797037037037036
40.17259259259259
37.47518518518518
42.70166666666667
33.09777777777778
37.96851851851852
38.07296296296296
36.16407407407407
31.574444444444445
41.03092592592593
34.685
33.49814814814815
41.8412962962963
30.12648148148148
37.50388888888889
34.367777777777775
33.70666666666666
37.74425925925926
42.65851851851852
39.635185185185186
32.047407407407405
41.303518518518516
33.82740740740741
38.76777777777778
37.51537037037037
39.06425925925926
33.16740740740741
44.79296296296296
36.58462962962963
32.48648148148148
32.1
41.24444444444445
39.053148148148146
32.1187037037037
37.10333333333333
38.24296296296296
38.455555555555556
34.174814814814816
38.538518518518515
33.99
32.32537037037037
36.822037037037035
41.915
38.712407407407404
36.28740740740741
37.33018518518519
37.55759259259259
39.58814814814815
32.73222222222222
36.39351851851852
35.23444444444444
33.41685185185185
41.28925925925926
35.214444444444446
32.74037037037037
38.38814814814815
43.79907407407408
33.64259259259259
33.935
33.04962962962963
38.79962962962963
35.59351851851852
38.02111111111111
31.497037037037035
31.37074074074074
31.349444444444444
34.18314814814815
33.87185185185185
40.1587037037037
33.706296296296294
35.004074074074076
35.94611111111111
37.440555555555555
35.88611111111111
31.203518518518518
37.99407407407407
31.632407407407406
35.010555555555555
34.79648148148148
35.82685185185185
38.15925925925926
40.227407407407405
34.840555555555554
34.06388888888889
34.60407407407408
37.21259259259259
31.089259259259258
34.26925925925926
35.31981481481481
32.56981481481481
32.9387037037037
36.40759259259259
37.46018518518518
36.75111111111111
31.383703703703702
44.483333333333334
41.74296296296296
34.97555555555556
35.428518518518516
33.66814814814815
40.72314814814815
28.492037037037036
34.7112962962963
31.84777777777778
38.17351851851852
35.87555555555556
31.709814814814816
38.787592592592596
32.48222222222222
32.56296296296296
31.313518518518517
31.000555555555554
30.346851851851852
30.272407407407407
31.091851851851853
28.420185185185186
34.934444444444445
38.08444444444444
32.172037037037036
35.44074074074074
34.75907407407407
30.791296296296295
33.409814814814816
29.821851851851854
39.97814814814815
32.11388888888889
34.34092592592592
37.257962962962964
32.76037037037037
33.46907407407407
28.02074074074074
30.960185185185185
26.794444444444444
34.27407407407407
31.721666666666668
31.33
32.81981481481481
35.77388888888889
31.684814814814814
49.108148148148146
33.51611111111111
33.18462962962963
34.06166666666667
35.89574074074074
30.20611111111111
30.916481481481483
34.71259259259259
34.42777777777778
33.9087037037037
33.68314814814815
28.143703703703704
32.1337037037037
29.179444444444446
32.34092592592592
39.59
27.403333333333332
28.235925925925926
30.249814814814815
33.427962962962965
30.065555555555555
35.36
31.218888888888888
32.175555555555555
31.970925925925926
30.10074074074074
29.101666666666667
30.60796296296296
29.21851851851852
32.2712962962963
26.71
29.870555555555555
30.739074074074075
36.175
29.558333333333334
34.23740740740741
29.621111111111112
36.10425925925926
26.97851851851852
32.154444444444444
33.273148148148145
30.981666666666666
31.43574074074074
24.181851851851853
29.50611111111111
27.485555555555557
29.825
29.183518518518518
35.12814814814815
32.26462962962963
38.42888888888889
31.203333333333333
29.56962962962963
27.40388888888889
31.121666666666666
33.64537037037037
33.050925925925924
28.27574074074074
31.397037037037038
28.925
30.33685185185185
25.185555555555556
31.262037037037036
32.37796296296296
27.092222222222222
25.970185185185183
24.73314814814815
33.775555555555556
29.625555555555554
30.97388888888889
29.906296296296297
23.266111111111112
30.207037037037036
32.162962962962965
27.950925925925926
29.36925925925926
30.88462962962963
29.469444444444445
27.405185185185186
30.247592592592593
28.158703703703704
29.996296296296297
26.284444444444443
26.162592592592592
28.215925925925927
28.148333333333333
31.801111111111112
28.021851851851853
27.35425925925926
26.145185185185184
25.625925925925927
30.44851851851852
26.824444444444445
24.735925925925926
29.683333333333334
28.454074074074075
30.123148148148147
29.239074074074075
30.07296296296296
32.659444444444446
46.24166666666667
26.48
28.087777777777777
29.041851851851852
25.456481481481482
29.410555555555554
25.14185185185185
31.937407407407406
27.10333333333333
29.216666666666665
25.300555555555555
30.90648148148148
27.479444444444443
29.535555555555554
25.805925925925926
28.55
26.997222222222224
29.925185185185185
31.625185185185185
30.806851851851853
32.92537037037037
29.896296296296295
29.104814814814816
25.012962962962963
31.153703703703705
26.845185185185183
29.810555555555556
28.158333333333335
24.58574074074074
27.226666666666667
25.89203703703704
32.28074074074074
27.829444444444444
27.804074074074073
28.560555555555556
27.74240740740741
23.828703703703702
28.611296296296295
30.221851851851852
26.921481481481482
27.73574074074074
26.247222222222224
26.147962962962964
25.06740740740741
28.334444444444443
25.74037037037037
27.59611111111111
25.72740740740741
32.59
30.326296296296295
25.03537037037037
25.261666666666667
27.815925925925924
28.166296296296295
27.566666666666666
26.376666666666665
26.950925925925926
26.694814814814816
28.31111111111111
25.53925925925926
24.422962962962963
34.012962962962966
28.47388888888889
27.813148148148148
26.762037037037036
27.54222222222222
23.44074074074074
26.076851851851853
27.221666666666668
27.609074074074073
24.80648148148148
29.21925925925926
29.061296296296295
27.026296296296298
33.022222222222226
26.682222222222222
27.15648148148148
27.895185185185184
30.41462962962963
26.669444444444444
25.85796296296296
25.014074074074074
28.186481481481483
27.67425925925926
22.654444444444444
25.575
26.60240740740741
26.66962962962963
25.80666666666667
27.064074074074075
26.61259259259259
23.973518518518517
26.747407407407408
22.592962962962964
24.24648148148148
26.393703703703704
26.55388888888889
25.11
26.03185185185185
26.124814814814815
24.96148148148148
27.73
26.16296296296296
25.83074074074074
27.76888888888889
24.472407407407406
24.57314814814815
25.87537037037037
28.435555555555556
30.70740740740741
27.316666666666666
29.965740740740742
23.892592592592592
24.99685185185185
26.22462962962963
26.427222222222223
22.906666666666666
25.30203703703704
24.884444444444444
26.355
25.34425925925926
28.85462962962963
26.89814814814815
26.76074074074074
26.349444444444444
23.691666666666666
23.460185185185185
24.57203703703704
25.693703703703704
26.086111111111112
30.520185185185184
25.32203703703704
22.303148148148146
26.220185185185183
24.30648148148148
25.537592592592592
26.277407407407406
28.262592592592593
26.29111111111111
27.655
27.95388888888889
26.163888888888888
25.070185185185185
28.50314814814815
24.602222222222224
29.48148148148148
28.347592592592594
23.538888888888888
25.46611111111111
25.595925925925926
25.91925925925926
23.747222222222224
24.42111111111111
24.751851851851853
24.925925925925927
24.81
24.71074074074074
25.727962962962962
24.217222222222222
26.589814814814815
23.708333333333332
26.415
25.337222222222223
27.932037037037038
24.58037037037037
24.5
26.113333333333333
24.482592592592592
23.271851851851853
25.395
21.867592592592594
25.628703703703703
23.33425925925926
26.776481481481483
23.47962962962963
26.114444444444445
23.994814814814816
23.502592592592592
24.557407407407407
24.613703703703703
28.851111111111113
28.003333333333334
22.73611111111111
23.66759259259259
23.276481481481483
24.58074074074074
24.662037037037038
25.27074074074074
25.876296296296296
24.084074074074074
22.074814814814815
24.378888888888888
22.97833333333333
25.137962962962963
27.182962962962964
21.186666666666667
23.094444444444445
25.59888888888889
28.82759259259259
21.87537037037037
25.772962962962964
25.99277777777778
24.951666666666668
25.483888888888888
24.14185185185185
24.389074074074074
25.594444444444445
24.61740740740741
25.107777777777777
24.39314814814815
25.590185185185184
25.282777777777778
22.373148148148147
30.147407407407407
27.48574074074074
24.96462962962963
26.07759259259259
24.798333333333332
22.22074074074074
24.417407407407406
23.85425925925926
23.828333333333333
24.82203703703704
24.48185185185185
25.500925925925927
23.11111111111111
26.10333333333333
23.442777777777778
23.632962962962964
24.720555555555556
21.660740740740742
24.83425925925926
24.14185185185185
22.16111111111111
23.71037037037037
23.506296296296295
23.167037037037037
24.83703703703704
22.761296296296297
23.371666666666666
21.348148148148148
23.848333333333333
25.533148148148147
22.747962962962962
22.900555555555556
25.50925925925926
25.03185185185185
23.635
27.34148148148148
22.940925925925924
24.250740740740742
22.085185185185185
22.38111111111111
24.61277777777778
22.07037037037037
24.697777777777777
23.85388888888889
23.659259259259258
24.215740740740742
26.06111111111111
22.385
22.476666666666667
24.518703703703704
23.355740740740742
21.36777777777778
20.727037037037036
26.69962962962963
22.122777777777777
24.86148148148148
22.271296296296295
22.92
25.09462962962963
22.23962962962963
20.96
23.067777777777778
21.542037037037037
21.453518518518518
22.642407407407408
24.094074074074076
22.894444444444446
23.238888888888887
25.337777777777777
22.29740740740741
25.530185185185186
24.060925925925925
22.177592592592593
21.61574074074074
23.542037037037037
30.60648148148148
21.82425925925926
23.03851851851852
24.404444444444444
26.93425925925926
23.233333333333334
21.174444444444443
22.272962962962964
24.80648148148148
21.350185185185186
23.152037037037037
21.991481481481483
24.386111111111113
24.39296296296296
22.619074074074074
21.460925925925928
21.95425925925926
26.45574074074074
23.46537037037037
27.32648148148148
20.20111111111111
21.40277777777778
21.70888888888889
24.926111111111112
22.39388888888889
21.907592592592593
25.778518518518517
24.116481481481483
22.081481481481482
23.57777777777778
22.475
23.98037037037037
23.88962962962963
23.005555555555556
21.23037037037037
21.29259259259259
21.766111111111112
22.224814814814813
22.639444444444443
21.65111111111111
24.532222222222224
20.80925925925926
19.811666666666667
21.94
21.77574074074074
26.157777777777778
21.90574074074074
22.96814814814815
20.787407407407407
21.157962962962962
23.345555555555556
21.537407407407407
21.023703703703703
23.924629629629628
20.805185185185184
26.30537037037037
22.21148148148148
25.28648148148148
24.99185185185185
26.48296296296296
24.485555555555557
23.56037037037037
23.321296296296296
20.70888888888889
22.084629629629628
21.953703703703702
23.67537037037037
22.091296296296296
24.709814814814816
21.75888888888889
23.147962962962964
23.897222222222222
22.978148148148147
27.967037037037038
28.617037037037036
21.682222222222222
24.958703703703705
26.702962962962964
24.467037037037038
25.853148148148147
24.942222222222224
23.32574074074074
25.76888888888889
27.075185185185184
22.176111111111112
23.339444444444446
26.578333333333333
21.657222222222224
25.26462962962963
24.516666666666666
26.919074074074075
20.575555555555557
20.543518518518518
23.48925925925926
25.365925925925925
22.192222222222224
22.747037037037035
22.17240740740741
23.532592592592593
21.662037037037038
21.616481481481483
24.715740740740742
23.30296296296296
22.759814814814813
25.56222222222222
22.018333333333334
28.62962962962963
28.51888888888889
27.35185185185185
21.405185185185186
23.79888888888889
22.134074074074075
24.196296296296296
25.44037037037037
23.54111111111111
21.874074074074073
26.383333333333333
22.98296296296296
21.248333333333335
22.29740740740741
23.482222222222223
28.959629629629628
23.152037037037037
22.131666666666668
22.313518518518517
22.77037037037037
22.186851851851852
21.237407407407407
21.201666666666668
21.849444444444444
21.50462962962963
23.631296296296295
25.324074074074073
21.897037037037038
21.346851851851852
20.446296296296296
22.301111111111112
21.657222222222224
22.74037037037037
20.02722222222222
24.63222222222222
21.74685185185185
20.980555555555554
20.27462962962963
22.120185185185186
22.418518518518518
21.26962962962963
22.581296296296298
21.69425925925926
24.232592592592592
19.543333333333333
24.901666666666667
22.357407407407408
21.739074074074075
24.95537037037037
22.260555555555555
25.851296296296297
