-384218.75
-239794.0
-295008.5
-286243.0
-369922.0
-234827.75
-323716.0
-183299.0
-291179.5
-195133.75
-263102.75
-261106.25
-247625.75
-239692.25
-200290.75
-303533.0
-293234.5
-250273.75
-170483.25
-215235.0
-205862.25
-265161.25
-305466.75
-190580.0
-203120.75
-197271.0
-212095.0
-241594.5
-182166.5
-198089.25
-146413.75
-356504.5
-261034.0
-211435.0
-216163.75
-174939.0
-274232.0
-216184.25
-177742.25
-181249.5
-239852.25
-222026.0
-200512.25
-212471.5
-165004.5
-256409.25
-253298.75
-185003.0
-183524.75
-178584.75
-247269.75
-249759.25
-237353.25
-130216.0
-265884.0
-179162.25
-211552.25
-173642.75
-335915.0
-162971.75
-154481.0
-180994.0
-258625.0
-248869.5
-199909.5
-210633.5
-299758.0
-162433.25
-213959.25
-172227.0
-233123.0
-162988.0
-206028.0
-153793.0
-191696.0
-275146.0
-182292.25
-251765.75
-230261.75
-246199.0
-184315.5
-234979.0
-201912.25
-225908.0
-162859.75
-266304.0
-193180.5
-154179.75
-151171.75
-169526.75
-156484.0
-201132.5
-134864.25
-166925.5
-188641.75
-180251.25
-216918.25
-161957.5
-159905.75
-133667.0
-134577.75
-142638.25
-218275.25
-194568.75
-212814.0
-138251.5
-205017.25
-189592.25
-162633.0
-195144.5
-206727.0
-127754.25
-165003.5
-178139.0
-171308.5
-214441.75
-145160.25
-143994.25
-212410.5
-130544.5
-160898.0
-157939.75
-174300.0
-176454.0
-151454.25
-225150.5
-154313.25
-143834.75
-137029.5
-140117.5
-222090.5
-161548.75
-205832.0
-179387.75
-216014.5
-181618.0
-200957.75
-183457.0
-205374.5
-162447.25
-139817.75
-182293.5
-124055.75
-141008.5
-148359.5
-163298.25
-155168.0
-136741.5
-126829.5
-133188.5
-135809.25
-128747.75
-120642.25
-157605.25
-129588.25
-159424.25
-122760.0
-107065.5
-160192.5
-166068.25
-199640.5
-161654.25
-139618.75
-126908.0
-252669.5
-118597.25
-143897.5
-132118.0
-199951.0
-169565.0
-203343.75
-191183.75
-130345.5
-127288.75
-119045.0
-134278.25
-115334.5
-178622.75
-144096.5
-173116.0
-209655.5
-171277.0
-142119.75
-134402.0
-104778.0
-201373.5
-112754.0
-134775.75
-167165.25
-111017.25
-164908.75
-187392.75
-141745.5
-133579.75
-126351.75
-146869.5
-136822.75
-120348.25
-105901.5
-146782.25
-142513.75
-105993.25
-111797.25
-139425.25
-118071.25
-117059.75
-129178.25
-95672.75
-114839.25
-124197.25
-115893.75
-132409.75
-111252.75
-105603.5
-84951.25
-108141.75
-133409.5
-124061.25
-111195.25
-130267.0
-116005.75
-121783.0
-93224.5
-129373.5
-90924.0
-147685.25
-110184.75
-105892.75
-120269.75
-152223.75
-206108.0
-125666.25
-115224.5
-162137.5
-156930.25
-145410.0
-158063.5
-129745.25
-119962.25
-110331.75
-114419.5
-146711.25
-88646.0
-96658.5
-124339.5
-110414.75
-103964.25
-111415.75
-107315.25
-125844.5
-139303.5
-104230.25
-149349.0
-107493.5
-85321.75
-101849.75
-96660.25
-100532.75
-125155.75
-102987.5
-97089.75
-100209.25
-84709.0
-107265.0
-122429.5
-163930.0
-86898.0
-119334.5
-101873.0
-111986.75
-99839.5
-115105.0
-101767.5
-107812.0
-95362.5
-136015.5
-96555.25
-123087.75
-77849.75
-109867.25
-120429.25
-109871.5
-125725.5
-129245.0
-91503.0
-82612.0
-95070.25
-85510.0
-86015.0
-117680.0
-112254.75
-80700.75
-122808.25
-118233.75
-108672.25
-76292.5
-77591.75
-128291.0
-86431.0
-106533.5
-95619.0
-83058.75
-125969.5
-104360.5
-83934.0
-80629.0
-85839.25
-125621.25
-104207.0
-90780.75
-104966.5
-91320.5
-98751.0
-102582.5
-138198.5
-87733.75
-70504.0
-104886.0
-101804.5
-138520.0
-81323.75
-98440.25
-83900.25
-86425.5
-76904.75
-109966.75
-81917.75
-72647.25
-101720.0
-75902.5
-97163.0
-88893.25
-84311.5
-96639.0
-119001.5
-98176.5
-73055.5
-114563.25
-85419.25
-98107.75
-97412.25
-98093.25
-83780.0
-129080.25
-89172.5
-82810.5
-73143.25
-97857.5
-99028.25
-74882.0
-91264.75
-90909.5
-88443.5
-81184.25
-101608.75
-85672.5
-72677.25
-88433.25
-101059.25
-87647.75
-81746.75
-86176.75
-89534.75
-107414.25
-83563.0
-91841.75
-80794.25
-71334.25
-97940.25
-71073.5
-81142.0
-94025.0
-105162.25
-80761.0
-70833.0
-77948.25
-93857.75
-85220.75
-99113.75
-60005.75
-68115.5
-72909.5
-83298.5
-78061.0
-99763.25
-83126.25
-86982.25
-93914.5
-86835.75
-94744.5
-69859.5
-92605.25
-76183.5
-79901.0
-79355.5
-88757.0
-89719.0
-120663.25
-88477.75
-82608.25
-83468.25
-91055.5
-74265.5
-84022.5
-97459.75
-68443.5
-75376.0
-85129.75
-96640.5
-100896.5
-71686.5
-119601.5
-114222.25
-74828.5
-73478.5
-77976.5
-101670.75
-62287.0
-83494.75
-65249.25
-93952.0
-79677.5
-65968.0
-85078.75
-72883.75
-70786.75
-69501.5
-70035.5
-58851.0
-61153.25
-64411.75
-63537.75
-79105.0
-92669.25
-70683.0
-84862.25
-71388.75
-67171.5
-78422.75
-70668.5
-98466.0
-64487.75
-73165.75
-97983.5
-66594.25
-80169.0
-53592.75
-62648.25
-53065.0
-82003.75
-66085.75
-65941.0
-74776.25
-82832.0
-63985.5
-147478.25
-77565.75
-74602.75
-84267.0
-82035.25
-74361.5
-71754.25
-78613.25
-83547.5
-82226.25
-70935.75
-59572.5
-63314.75
-65454.0
-83663.0
-102489.5
-52785.75
-58598.0
-62114.5
-72643.75
-62873.25
-76804.75
-61206.0
-66555.0
-71557.5
-65590.0
-60102.5
-57374.75
-62999.25
-72467.0
-56441.5
-64690.75
-62953.5
-89332.75
-58928.25
-79291.75
-65161.0
-85735.5
-53310.5
-72480.0
-78544.25
-68649.25
-68560.75
-49756.25
-74163.5
-52613.75
-62791.0
-60183.5
-84546.75
-78385.75
-87159.0
-69415.25
-62174.0
-52115.25
-63231.25
-77530.25
-67209.0
-62144.25
-63652.5
-60831.0
-65471.5
-46593.75
-62663.0
-68071.75
-49370.75
-57263.5
-45510.0
-74381.0
-61709.25
-54324.75
-61489.75
-47690.75
-52069.0
-71860.75
-55466.5
-63871.25
-65009.0
-66814.0
-47135.0
-60118.75
-56235.25
-67343.5
-47474.75
-51681.0
-61262.0
-53029.25
-69272.0
-62789.5
-51996.5
-46366.0
-50401.0
-63794.5
-49292.25
-44476.75
-68361.5
-53570.25
-57606.5
-55832.25
-69003.25
-74445.0
-101392.5
-46638.5
-55369.5
-62907.0
-48494.5
-55458.0
-47913.5
-67383.75
-55803.25
-52678.25
-45126.75
-62319.5
-51038.75
-55968.25
-46568.0
-53600.25
-47559.0
-52803.5
-61192.0
-65247.75
-77216.5
-62624.25
-51995.0
-47790.75
-64130.5
-57126.75
-56463.0
-52758.75
-52156.25
-50964.5
-44957.75
-62381.5
-55636.0
-55465.75
-51496.75
-54374.5
-41360.0
-60794.75
-57234.0
-48899.75
-46193.5
-45107.75
-46158.5
-44778.5
-58943.75
-56542.5
-53080.25
-50350.5
-61520.75
-67192.75
-43388.5
-42816.0
-53510.5
-51675.25
-48587.0
-50502.0
-55831.0
-52419.5
-54541.0
-50565.5
-44323.75
-63617.0
-56589.75
-46899.5
-52639.25
-52709.75
-43854.25
-46565.0
-49798.25
-51221.25
-42471.5
-60595.25
-63713.0
-46063.75
-77378.5
-48809.75
-56553.75
-56364.5
-61973.0
-47040.25
-48474.5
-46218.0
-59562.75
-57391.5
-37684.25
-44283.0
-46751.25
-50529.5
-42339.0
-53970.5
-51839.5
-40773.5
-51712.75
-41043.25
-43580.75
-49499.25
-49447.5
-39633.25
-50085.0
-42464.75
-46138.0
-54414.75
-50463.5
-46463.5
-50093.5
-38100.25
-41209.25
-43169.5
-49015.75
-62003.25
-52529.25
-59929.5
-43983.25
-44761.5
-46664.75
-52735.5
-37731.5
-42745.25
-43758.0
-48085.75
-41295.25
-50411.5
-48287.25
-48171.75
-47157.75
-41761.5
-41126.0
-43255.5
-49243.0
-41394.25
-54812.75
-43710.25
-41564.5
-47162.5
-46411.5
-51539.25
-48965.0
-49462.75
-44164.75
-58967.25
-46974.25
-43225.25
-42742.0
-56646.5
-45837.5
-49869.5
-49608.0
-43066.25
-40110.75
-41812.75
-48958.0
-42449.5
-38147.5
-43675.75
-39215.25
-49805.5
-42244.0
-45770.25
-38735.5
-48873.75
-37871.0
-50740.25
-47970.0
-49624.25
-41575.75
-41201.25
-42869.25
-44001.25
-39160.75
-53079.0
-41214.75
-43796.25
-37714.5
-60201.25
-40399.5
-41523.75
-37528.5
-39275.0
-41134.0
-41844.5
-57633.5
-50433.5
-35149.5
-36772.5
-37555.0
-37072.75
-42412.0
-48581.5
-45908.25
-41138.75
-34636.25
-43115.5
-39210.0
-41068.0
-49126.25
-35270.75
-39831.5
-46986.5
-45386.25
-35715.5
-49348.75
-47147.0
-43171.75
-41647.5
-39459.25
-43128.25
-48311.25
-39545.25
-42609.25
-42116.75
-38931.75
-46408.75
-35862.0
-55234.75
-46294.5
-44342.25
-40790.0
-42896.0
-30990.5
-39099.25
-34814.0
-39342.25
-41681.0
-41646.25
-49764.0
-43437.5
-51320.5
-45777.25
-40805.25
-43043.5
-32618.75
-48897.75
-46307.75
-36218.0
-34055.5
-41200.75
-39417.75
-40393.75
-34774.0
-40523.5
-36276.5
-43032.0
-43833.0
-36418.5
-36222.75
-54800.5
-43050.75
-38886.25
-49338.0
-34763.75
-40480.75
-34860.75
-31678.0
-40145.0
-31752.5
-38768.0
-40534.75
-42071.5
-38555.25
-40003.0
-33537.5
-36095.75
-42691.25
-42316.0
-34027.0
-29643.0
-45300.75
-37577.0
-36968.25
-33201.0
-42906.25
-43840.5
-37537.25
-37375.5
-39173.5
-31266.75
-35742.0
-41120.25
-40546.75
-42216.75
-31636.25
-48494.75
-36452.25
-41957.75
-37409.5
-34944.75
-32868.5
-38112.25
-59544.25
-32376.75
-39882.0
-37349.25
-46340.0
-37349.25
-35064.5
-35144.0
-36618.25
-30453.25
-35761.25
-34525.25
-37313.5
-37169.75
-35860.25
-35792.5
-35880.25
-41527.25
-42780.25
-40866.75
-28063.5
-36867.75
-31330.0
-42483.5
-37116.25
-33911.75
-46151.5
-42197.5
-34968.25
-39628.0
-34911.75
-37201.5
-39304.5
-37260.25
-32551.5
-31356.75
-34393.0
-36612.75
-35637.25
-34850.75
-45752.25
-34661.5
-29768.25
-35749.5
-33531.5
-51394.75
-35860.0
-37198.0
-29931.5
-32128.0
-40522.25
-36931.75
-30986.5
-36434.75
-29174.75
-46525.5
-33914.25
-57293.5
-39498.0
-44226.25
-39351.5
-36006.0
-37347.25
-31224.25
-45583.25
-34434.5
-38351.5
-33428.25
-39428.5
-34152.0
-36508.0
-45007.75
-46575.25
-53324.25
-53841.25
-38969.75
-39288.25
-50873.5
-39978.5
-43148.0
-42114.25
-36413.0
-42515.75
-58851.25
-43564.5
-41179.75
-50415.0
-32729.75
-43713.75
-45734.75
-46180.75
-29625.75
-31214.0
-45003.75
-44457.75
-41752.25
-36169.25
-41051.5
-41878.0
-33799.0
-36033.5
-40362.25
-37746.0
-40891.75
-42832.0
-33590.75
-60927.0
-60765.0
-61414.25
-30924.0
-40445.25
-30852.25
-41319.5
-48640.75
-35713.25
-31381.0
-40400.5
-42367.25
-34229.75
-30452.5
-39144.75
-44731.5
-34417.75
-36322.5
-33964.5
-32397.25
-31654.25
-39390.5
-31693.5
-31337.5
-32722.25
-41650.25
-37852.5
-32014.25
-34922.5
-26363.75
-33177.75
-34138.25
-32934.0
-34515.0
-41200.0
-30960.5
-32409.25
-35523.75
-34266.25
-34161.75
-31850.25
-35357.75
-38791.5
-32851.25
-26679.75
-41077.0
-37389.5
-33009.75
-37018.75
-38004.5
-41759.0
