543186
348432
430585
398539
506016
344787
440798
303964
420540
300333
416826
393003
375548
382945
312869
438626
415905
363232
292780
388705
344631
413413
438526
316160
329645
350444
360886
376489
309901
310511
274435
498045
403850
360282
347860
305365
412019
348358
317203
295164
384758
345093
323366
319194
309991
402311
411347
307523
317889
298256
340738
362996
362469
261201
427188
304895
364590
300186
482681
289518
263239
321099
416619
376726
324616
322562
435585
293580
338074
281902
395593
292365
327041
293915
333744
381700
290030
398176
372645
388031
334194
361110
343874
374708
286881
382635
330149
290563
258589
294725
258657
322983
264540
271464
299756
306978
361325
287622
280412
238767
255234
262009
385159
309700
328512
264671
342730
297269
278206
330426
376025
242939
297058
304188
300806
348163
256227
273915
331784
259890
281643
284336
303735
323276
286230
367192
267230
259713
266742
252523
354774
284550
335981
290110
340083
313486
323039
321212
335891
279986
269187
301587
238394
256602
258814
281840
274820
255583
233374
259412
262031
240940
230889
273091
250441
274124
235375
216093
275131
291945
321718
313522
274889
246011
391302
215266
269640
253902
305049
298062
321076
325904
239129
257552
245346
244796
224088
302710
256660
269034
338710
304578
276368
245949
222998
307971
237958
262587
306538
235935
306716
343111
265032
251397
256027
276695
270759
236031
232170
276915
255540
226897
225368
254386
229788
231086
237999
206228
228842
249209
236743
258559
216253
219666
177634
219181
247678
236687
222864
249266
238345
232777
192577
236537
200584
272937
229821
209461
237919
277706
343510
239989
228575
283105
275289
271949
291263
249699
223296
235306
238910
249664
198529
195270
240339
221506
191360
216875
219975
225909
249412
217904
272967
208638
193040
204829
217077
216025
247104
204090
193768
216942
184308
214626
236062
271368
190540
217013
198356
234894
210228
233103
209192
207132
197714
254292
198282
245504
188395
228545
230026
218618
235065
256809
198894
187086
194829
190579
184936
225138
227782
186476
246409
220353
224420
193942
185414
233114
199303
236778
207123
188483
236549
210991
188355
190291
205238
255470
215889
189169
215290
207005
217152
217546
258489
198184
171704
216932
202366
230589
178728
205030
205594
195286
170502
221567
187299
180890
225943
162683
202521
185586
182016
203819
230356
214030
173056
223039
182668
209346
202583
210947
179104
241882
197557
175427
173340
222720
210887
173441
200358
206512
207660
184544
208108
183546
174557
198839
226341
209047
195952
201583
202811
213776
176754
196525
190266
180451
222962
190158
176798
207296
236515
181670
183249
178468
209518
192205
205314
170084
169402
169287
184589
182908
216857
182014
189022
194109
202179
193785
168499
205168
170815
189057
187901
193465
206060
217228
188139
183945
186862
200948
167882
185054
190727
175877
177869
196601
202285
198456
169472
240210
225412
188868
191314
181808
219905
153857
187441
171978
206137
193728
171233
209453
175404
175840
169093
167403
163873
163471
167896
153469
188646
205656
173729
191380
187699
166273
180413
161038
215882
173415
185441
201193
176906
180733
151312
167185
144690
185080
171297
169182
177227
193179
171098
265184
180987
179197
183933
193837
163113
166949
187448
185910
183107
181889
151976
173522
157569
174641
213786
147978
152474
163349
180511
162354
190944
168582
173748
172643
162544
157149
165283
157780
174265
144234
161301
165991
195345
159615
184882
159954
194963
145684
173634
179675
167301
169753
130582
159333
148422
161055
157591
189692
174229
207516
168498
159676
147981
168057
181685
178475
152689
169544
156195
163819
136002
168815
174841
146298
140239
133559
182388
159978
167259
161494
125637
163118
173680
150935
158594
166777
159135
147988
163337
152057
161980
141936
141278
152366
152001
171726
151318
147713
141184
138380
164422
144852
133574
160290
153652
162665
157891
162394
176361
249705
142992
151674
156826
137465
158817
135766
172462
146358
157770
136623
166895
148389
159492
139352
154170
145785
161596
170776
166357
177797
161440
157166
135070
168230
144964
160977
152055
132763
147024
139817
174316
150279
150142
154227
149809
128675
154501
163198
145376
149773
141735
141199
135364
153006
138998
149019
138928
175986
163762
135191
136413
150206
152098
148860
142434
145535
144152
152880
137912
131884
183670
153759
150191
144515
148728
126580
140815
146997
149089
133955
157784
156931
145942
178320
144084
146645
150634
164239
144015
139633
135076
152207
149441
122334
138105
143653
144016
139356
146146
143708
129457
144436
122002
130931
142526
143391
135594
140572
141074
134792
149742
141280
139486
149952
132151
132695
139727
153552
165820
147510
161815
129020
134983
141613
142707
123696
136631
134376
142317
136859
155815
145250
144508
142287
127935
126685
132689
138746
140865
164809
136739
120437
141589
131255
137903
141898
152618
141972
149337
150951
141285
135379
153917
132852
159200
153077
127110
137517
138218
139964
128235
131874
133660
134600
133974
133438
138931
130773
143585
128025
142641
136821
150833
132734
132300
141012
132206
125668
137133
118085
138395
126005
144593
126790
141018
129572
126914
132610
132914
155796
151218
122775
127805
125693
132736
133175
136462
139732
130054
119204
131646
124083
135745
146788
114408
124710
138234
155669
118127
139174
140361
134739
137613
130366
131701
138210
132934
135582
131723
138187
136527
120815
162796
148423
134809
140819
133911
119992
131854
128813
128673
134039
132202
137705
124800
140958
126591
127618
133491
116968
134105
130366
119670
128036
126934
125102
134120
122911
126207
115280
128781
137879
122839
123663
137750
135172
127629
147644
123881
130954
119260
120858
132909
119180
133368
128811
127760
130765
140730
120879
121374
132401
126121
115386
111926
144178
119463
134252
120265
123768
135511
120094
113184
124566
116327
115849
122269
130108
123630
125490
136824
120406
137863
129929
119759
116725
127127
165275
117851
124408
131784
145445
125460
114342
120274
133955
115291
125021
118754
131685
131722
122143
115889
118553
142861
126713
147563
109086
115575
117228
134601
120927
118301
139204
130229
119240
127320
121365
129494
129004
124230
114644
114980
117537
120014
122253
116916
132474
112370
106983
118476
117589
141252
118291
124028
112252
114253
126066
116302
113528
129193
112348
142049
119942
136547
134956
143008
132222
127226
125935
111828
119257
118550
127847
119293
133433
117498
124999
129045
124082
151022
154532
117084
134777
144196
132122
139607
134688
125959
139152
146206
119751
126033
143523
116949
136429
132390
145363
111108
110935
126842
136976
119838
122834
119731
127076
116975
116729
133465
125836
122903
138036
118899
154600
154002
147700
115588
128514
119524
130660
137378
127122
118120
142470
124108
114741
120406
126804
156382
125021
119511
120493
122960
119809
114682
114489
117987
116125
127609
136750
118244
115273
110410
120426
116949
122798
108147
133014
117433
113295
109483
119449
121060
114856
121939
117149
130856
105534
134469
120730
117391
134759
120207
139597
