-69801.0
-72595.0
-70395.0
-70441.0
-73803.0
-72513.0
-72963.0
-73237.0
-74935.0
-73868.0
-70398.0
-76759.0
-71483.0
-75328.0
-69612.0
-74661.0
-72617.0
-75681.0
-75907.0
-72481.0
-74181.0
-73621.0
-74192.0
-73446.0
-69580.0
-72670.0
-72229.0
-71108.0
-65974.0
-72340.0
-71658.0
-74633.0
-73904.0
-71968.0
-71421.0
-70593.0
-70269.0
-74342.0
-68793.0
-73827.0
-74350.0
-75370.0
-78396.0
-74274.0
-68657.0
-72575.0
-72791.0
-71403.0
-70917.0
-76989.0
-72019.0
-76827.0
-70302.0
-72685.0
-73049.0
-74502.0
-74238.0
-74597.0
-75254.0
-75528.0
-75999.0
-75226.0
-73793.0
-73635.0
-74691.0
-76194.0
-79638.0
-76774.0
-75030.0
-73669.0
-72678.0
-71362.0
-75612.0
-71332.0
-74908.0
-71215.0
-71060.0
-72175.0
-73808.0
-72991.0
-70369.0
-74495.0
-73348.0
-74676.0
-76897.0
-71928.0
-72567.0
-76316.0
-76748.0
-69673.0
-69977.0
-67887.0
-75082.0
-73013.0
-69250.0
-69670.0
-77196.0
-76019.0
-77019.0
-74414.0
