16.717222222222222
17.057777777777776
16.779074074074074
16.623148148148147
17.572592592592592
17.276296296296298
17.179444444444446
17.312407407407406
17.549814814814816
17.340555555555557
16.688333333333333
17.805
16.616481481481483
17.765
16.339259259259258
17.59722222222222
17.187407407407406
17.918333333333333
17.874444444444446
17.204444444444444
17.533333333333335
17.464814814814815
17.360555555555557
17.456481481481482
16.314074074074075
17.317777777777778
17.034814814814816
16.573703703703703
15.761296296296296
16.99
17.33851851851852
17.52962962962963
17.703333333333333
16.837222222222223
17.032222222222224
16.715555555555557
16.799629629629628
17.49111111111111
16.381296296296295
17.47685185185185
17.67185185185185
17.983888888888888
18.15648148148148
17.581481481481482
16.511296296296297
17.084629629629628
17.28185185185185
16.998333333333335
16.783333333333335
18.000740740740742
17.09962962962963
18.335185185185185
16.500185185185185
17.02259259259259
17.392222222222223
17.524444444444445
17.422592592592594
17.582962962962963
17.945185185185185
18.001666666666665
17.929444444444446
17.54388888888889
17.497962962962962
17.282592592592593
17.541296296296295
17.863518518518518
18.665185185185184
18.181296296296296
17.69851851851852
17.34037037037037
17.01814814814815
16.878333333333334
17.742037037037036
17.076296296296295
17.767222222222223
16.825555555555557
16.63259259259259
17.173148148148147
17.402407407407406
17.17111111111111
16.60074074074074
17.694074074074074
17.709074074074074
17.75759259259259
18.259814814814813
16.88277777777778
17.17425925925926
18.021296296296295
18.000740740740742
16.551111111111112
16.58
16.125185185185185
17.69611111111111
17.110925925925926
16.57
16.696851851851854
18.390555555555554
18.042962962962964
18.052222222222223
17.42351851851852
