90273
92112
90607
89765
94892
93292
92769
93487
94769
93639
90117
96147
89729
95931
88232
95025
92812
96759
96522
92904
94680
94310
93747
94265
88096
93516
91988
89498
85111
91746
93628
94660
95598
90921
91974
90264
90718
94452
88459
94375
95428
97113
98045
94940
89161
92257
93322
91791
90630
97204
92338
99010
89101
91922
93918
94632
94082
94948
96904
97209
96819
94737
94489
93326
94723
96463
100792
98179
95572
93638
91898
91143
95807
92212
95943
90858
89816
92735
93973
92724
89644
95548
95629
95891
98603
91167
92741
97315
97204
89376
89532
87076
95559
92399
89478
90163
99309
97432
97482
94087
