523680
465987
389233
387640
345031
397421
396807
413105
396445
309533
527986
410291
327036
403000
370677
336713
460755
361990
397314
375665
463062
340298
462509
425721
437153
418855
468920
386663
432969
537629
363095
373130
333628
483469
426419
508061
485013
323683
441651
309396
447086
341946
340931
323700
464214
341256
425519
351698
427614
384459
399031
339987
336730
334006
310483
313677
369882
308642
428119
289412
246832
342202
282851
274239
272889
367683
323134
264029
277287
248568
332918
379683
292735
306813
362411
326225
379571
360957
280505
370977
335797
264821
305572
295006
349274
287146
270262
257004
270027
354532
263896
277496
353962
328088
259007
324827
314552
350281
330500
272897
259212
293653
278916
268618
304800
290923
278236
302201
307658
295773
316031
302284
201451
241261
231842
262945
304077
267273
351087
242440
285079
288278
347315
284053
212321
287785
252547
329953
300085
350745
389896
285022
313513
384342
274417
314483
381103
263160
310766
311598
326855
293637
318462
297429
316419
280987
343039
317253
276587
310317
294591
286859
254092
242306
252120
254411
232239
265265
234837
250403
252737
267727
258872
287512
265500
213389
264509
252737
266377
247778
275388
215061
298094
230396
272258
257151
256177
344980
241349
256312
295117
266007
282481
263071
286103
243909
241493
220227
290111
301917
338754
225333
230356
234772
263926
237781
205705
249968
261138
204773
250069
246846
237616
244487
231578
266831
218886
194753
177985
226019
218320
227977
204087
230378
212317
215532
233905
230230
208954
198778
196611
235940
255633
262937
212011
231935
271710
215767
213843
240599
227010
203785
199283
268135
216450
225242
226546
205812
235471
230735
225112
214201
246241
212642
204555
232047
204658
207662
194992
241971
180132
199620
246770
254291
194367
248225
218998
241664
229244
200182
213185
237464
197985
206396
277952
209276
218267
231350
188344
223753
208214
215992
236033
203985
223147
286136
185275
255620
208826
268378
215906
253446
198008
216620
231026
223023
207214
257550
179278
215083
234052
233024
217328
176723
193129
196592
245546
210697
190967
180571
212495
212861
196372
200881
194443
190783
183046
216244
251282
213936
177165
182206
209471
203032
198076
192326
210565
193792
195822
170162
169825
187477
191760
204734
184532
254322
182161
180317
217972
173106
206390
208848
157574
203976
212433
187165
186969
180970
229892
181941
207690
195988
188963
187245
205094
193615
191687
221653
180896
186980
228531
215759
207790
190204
182627
182814
206518
206497
197115
182815
200490
166956
184015
231278
189054
178268
264445
221686
212468
195924
180722
193300
166199
157534
211506
287354
186081
197999
216790
184281
168276
189185
207141
186491
203514
195786
177268
169232
207723
196323
201823
266393
176445
209197
194615
208560
172062
200160
193154
191417
186315
182901
177135
216071
183868
178800
184403
169911
206728
181057
157796
210617
194316
172605
183078
193628
187791
178075
192696
155504
171286
166908
200257
211759
180016
170839
184619
170314
158562
169383
199086
155280
174311
169229
179274
182771
178328
211988
178935
181149
217130
212729
194034
182102
203567
201598
156111
179452
165026
187470
218622
186415
187299
179220
171006
175758
195288
159191
171666
178298
158585
168299
179329
180143
177182
161226
154304
181590
161543
181109
193433
156582
159460
161661
159241
193017
196965
178068
195625
168798
186393
175445
156208
139451
165761
150450
171242
160322
149806
162129
172016
186254
206463
159710
170761
163369
181570
148028
144296
171028
178712
147780
173379
157784
236027
177475
148582
170393
162144
160876
181202
186545
191334
196483
168037
166457
180857
181249
180901
147646
164338
152266
176440
175506
177457
157599
165460
172005
163845
171556
170622
192539
184236
173236
152582
138845
176467
143530
155554
161330
161970
168329
146791
181414
155938
165211
185481
149667
149784
171369
164577
180733
154705
176407
154805
158330
167179
153871
160821
152772
185428
134024
138932
143714
154323
156887
152275
158073
157289
149587
159605
158104
156180
171266
185803
136547
156108
163777
144141
151758
141626
144118
170783
165286
188145
163478
174608
158012
154610
146057
148595
166323
133358
166628
178104
154487
155828
181792
136962
170389
175012
153227
201113
183291
131846
170928
144304
175211
139358
181840
143307
146258
153235
161649
142993
144515
165411
166375
142733
151174
164644
134599
148898
143388
150319
154712
155255
160328
183921
149379
168088
172711
153508
141024
142038
133439
139880
139709
165867
152687
136385
144109
149989
135058
142718
142620
150205
152096
141319
143967
139597
167429
178377
141567
172669
201006
202776
147790
164669
157222
146259
147623
147775
153959
151564
147211
135996
129889
133820
139431
150799
148846
171947
150224
157893
152092
149555
165955
153011
134264
131608
142979
144152
138094
162911
144859
155524
133814
147929
126120
130450
123992
135095
130294
147525
152904
143713
141804
134177
150363
147101
147959
141374
124618
127865
163216
136070
131144
142528
130204
141961
135183
129560
147850
149241
137188
193601
120745
151241
135358
131118
143283
140909
127281
127125
132394
141236
136116
128937
120249
138188
137966
133363
131667
127741
132840
158796
115306
148868
142956
154420
141841
156413
144409
122823
121912
110392
132399
140804
149766
122074
136458
142353
136754
129782
131085
122639
127765
148463
127744
134220
163490
139742
139301
138336
142018
127128
133921
131030
133091
151778
137448
147037
121564
130246
120858
129383
114589
136890
132323
122187
137174
122308
119712
139436
133582
117060
140716
133525
133253
122765
140644
138087
123563
125003
136785
136028
122782
139413
126273
120194
147489
137618
124288
152522
132982
121292
116574
182299
126077
155343
136423
161108
121248
141139
137167
108050
112391
109361
138702
115379
134262
109119
145015
125320
118491
145817
123457
102514
136292
119336
108731
113476
122665
123706
139568
149979
123217
135831
137295
139242
129388
135098
135835
117691
127490
119953
134567
124541
118586
132632
134387
131185
124447
121007
121103
142814
131747
121418
117505
123444
145569
155863
111152
124891
109329
128977
113898
120168
135399
133171
122316
125302
112682
119958
120239
132091
116470
103753
114351
128683
128546
117811
126116
115599
114387
111933
118555
152283
154339
185428
111421
123506
127936
121476
110373
125940
111784
126866
116773
117046
120603
163153
121715
111914
115306
116476
119680
120627
125327
115469
135637
106146
133455
121951
121552
128788
130542
106651
117627
129545
124364
147304
129789
117808
122757
128539
124716
120110
141553
124513
144971
128464
131204
151838
115071
115653
124537
141921
121545
125404
118742
109556
104229
130850
117774
120105
150627
139456
129530
126713
122945
113663
132804
116666
118811
129445
118267
119860
131428
110335
115894
128778
124441
182733
118695
118011
123262
108028
120035
122664
147587
128968
111157
117669
139433
124644
115342
160646
123498
116450
136338
111631
146979
121618
115318
112148
108716
130929
123221
129451
116359
125615
110298
132491
145209
133305
128248
120376
110126
