-398075.0
-336523.0
-289798.0
-277335.0
-227428.0
-266455.0
-281958.0
-273442.0
-270767.0
-214733.0
-400629.0
-304984.0
-211359.0
-293692.0
-258262.0
-233779.0
-338023.0
-226150.0
-260343.0
-230246.0
-365576.0
-221886.0
-345410.0
-287424.0
-311959.0
-286033.0
-331526.0
-255034.0
-302498.0
-419629.0
-247031.0
-267276.0
-184782.0
-348243.0
-301329.0
-361820.0
-388322.0
-221087.0
-298382.0
-180340.0
-309036.0
-227168.0
-208018.0
-204205.0
-326893.0
-217204.0
-286460.0
-244784.0
-282130.0
-245530.0
-293197.0
-208226.0
-230154.0
-191516.0
-200929.0
-183589.0
-280726.0
-179608.0
-281325.0
-193342.0
-122480.0
-221568.0
-177450.0
-166919.0
-159813.0
-230226.0
-220491.0
-152666.0
-161968.0
-150116.0
-194190.0
-251272.0
-174820.0
-194052.0
-231980.0
-212058.0
-238582.0
-228638.0
-164978.0
-260012.0
-207398.0
-153027.0
-188236.0
-163168.0
-255459.0
-175764.0
-143256.0
-145793.0
-161384.0
-258796.0
-148389.0
-170865.0
-237877.0
-235243.0
-154479.0
-216341.0
-222173.0
-204976.0
-210534.0
-152877.0
-145296.0
-179860.0
-167457.0
-154771.0
-184387.0
-161069.0
-150720.0
-178767.0
-194552.0
-174778.0
-205697.0
-171801.0
-105712.0
-138886.0
-125955.0
-144716.0
-201802.0
-149490.0
-214876.0
-137388.0
-161612.0
-167086.0
-199286.0
-157041.0
-102545.0
-179879.0
-144355.0
-209471.0
-172182.0
-248784.0
-248855.0
-164840.0
-173084.0
-248357.0
-142844.0
-184038.0
-279232.0
-142558.0
-199798.0
-182766.0
-176925.0
-174699.0
-188761.0
-182614.0
-181807.0
-153627.0
-250349.0
-208396.0
-167313.0
-176017.0
-182491.0
-158972.0
-143385.0
-126800.0
-136458.0
-140873.0
-125261.0
-148114.0
-125375.0
-139981.0
-141870.0
-154656.0
-145388.0
-182596.0
-149871.0
-111170.0
-146981.0
-131084.0
-144781.0
-132435.0
-156698.0
-112952.0
-165072.0
-118510.0
-148615.0
-140595.0
-143311.0
-205221.0
-135698.0
-162715.0
-181289.0
-159428.0
-179701.0
-154018.0
-174874.0
-121070.0
-138854.0
-115070.0
-161399.0
-187086.0
-199522.0
-113087.0
-115298.0
-119581.0
-141259.0
-124392.0
-107737.0
-128536.0
-138933.0
-109547.0
-145842.0
-140458.0
-124966.0
-127805.0
-122773.0
-143551.0
-127994.0
-102518.0
-88543.0
-108899.0
-114686.0
-122898.0
-108672.0
-123331.0
-108399.0
-107049.0
-124161.0
-122348.0
-101495.0
-101623.0
-98890.0
-134016.0
-145597.0
-153951.0
-104577.0
-120731.0
-159926.0
-125094.0
-119664.0
-132525.0
-111041.0
-97642.0
-99914.0
-143650.0
-109314.0
-107380.0
-129148.0
-97203.0
-115027.0
-123354.0
-112679.0
-107571.0
-132581.0
-115707.0
-108668.0
-121336.0
-108682.0
-105892.0
-92082.0
-139912.0
-85286.0
-100090.0
-129340.0
-137409.0
-97811.0
-139981.0
-113759.0
-135477.0
-122087.0
-100307.0
-109252.0
-125554.0
-95172.0
-101363.0
-151564.0
-106416.0
-111748.0
-116403.0
-100263.0
-114341.0
-114449.0
-102860.0
-135726.0
-106110.0
-122404.0
-157798.0
-84357.0
-138278.0
-110210.0
-164201.0
-106236.0
-124316.0
-92032.0
-106247.0
-120929.0
-128698.0
-106422.0
-140698.0
-87804.0
-102192.0
-115872.0
-127191.0
-118229.0
-81769.0
-89405.0
-94881.0
-137732.0
-98611.0
-89366.0
-95118.0
-90168.0
-101134.0
-90161.0
-103166.0
-93181.0
-80728.0
-80388.0
-104014.0
-146214.0
-114939.0
-83595.0
-82328.0
-109463.0
-107435.0
-97364.0
-93731.0
-107614.0
-95574.0
-91502.0
-74517.0
-79657.0
-91986.0
-83960.0
-110877.0
-100917.0
-138388.0
-83425.0
-86380.0
-114996.0
-85371.0
-106551.0
-94131.0
-70700.0
-98791.0
-109509.0
-81971.0
-88879.0
-75430.0
-126719.0
-81331.0
-101168.0
-85550.0
-86542.0
-79213.0
-113327.0
-103558.0
-91776.0
-107015.0
-78723.0
-88791.0
-117003.0
-107208.0
-100692.0
-88201.0
-87690.0
-89192.0
-99159.0
-105133.0
-94687.0
-78493.0
-93439.0
-69455.0
-78591.0
-135822.0
-83899.0
-84967.0
-141866.0
-110680.0
-115408.0
-90767.0
-74692.0
-81363.0
-80677.0
-69307.0
-107729.0
-180794.0
-79490.0
-90642.0
-108007.0
-77206.0
-70503.0
-84781.0
-112620.0
-82299.0
-97308.0
-85468.0
-81428.0
-79832.0
-98877.0
-92176.0
-102523.0
-154755.0
-83660.0
-97925.0
-91480.0
-104289.0
-73913.0
-99899.0
-91268.0
-94551.0
-90729.0
-91002.0
-80525.0
-106590.0
-84344.0
-81908.0
-90437.0
-77841.0
-102253.0
-81264.0
-68025.0
-100441.0
-96726.0
-77325.0
-81427.0
-81596.0
-80031.0
-77609.0
-82820.0
-66931.0
-82742.0
-65537.0
-104213.0
-110630.0
-81866.0
-70756.0
-79312.0
-69617.0
-61795.0
-75500.0
-97084.0
-72086.0
-78739.0
-77574.0
-80508.0
-74270.0
-71159.0
-102229.0
-79272.0
-77892.0
-104780.0
-94213.0
-94837.0
-76827.0
-91860.0
-109790.0
-60623.0
-87573.0
-76183.0
-91647.0
-110794.0
-83346.0
-74801.0
-81037.0
-74166.0
-86178.0
-81115.0
-64143.0
-76000.0
-82345.0
-72700.0
-75460.0
-83676.0
-81529.0
-86938.0
-72121.0
-68597.0
-80260.0
-75106.0
-83332.0
-97407.0
-67503.0
-66728.0
-66710.0
-67392.0
-96691.0
-86162.0
-74793.0
-88101.0
-77173.0
-82579.0
-81730.0
-66774.0
-56856.0
-82190.0
-63072.0
-76627.0
-65864.0
-53088.0
-68508.0
-73079.0
-92381.0
-114701.0
-66432.0
-69437.0
-73975.0
-90366.0
-63509.0
-68262.0
-80001.0
-73952.0
-57336.0
-75387.0
-75148.0
-110595.0
-67831.0
-65135.0
-77662.0
-66356.0
-65944.0
-87581.0
-88232.0
-92775.0
-89931.0
-70271.0
-75085.0
-79168.0
-88697.0
-76703.0
-58484.0
-69620.0
-61793.0
-78862.0
-75070.0
-70808.0
-69687.0
-86603.0
-74528.0
-62213.0
-72168.0
-76843.0
-94699.0
-79037.0
-73327.0
-58888.0
-55718.0
-81354.0
-58852.0
-64518.0
-67014.0
-67668.0
-68228.0
-57410.0
-82834.0
-64379.0
-78668.0
-81488.0
-68876.0
-65661.0
-76034.0
-65780.0
-73461.0
-58487.0
-76155.0
-59538.0
-61038.0
-71196.0
-63652.0
-69126.0
-60850.0
-78853.0
-56412.0
-55675.0
-56490.0
-62726.0
-61646.0
-57261.0
-60199.0
-56910.0
-56238.0
-62669.0
-63238.0
-64302.0
-70703.0
-78354.0
-49945.0
-61077.0
-64877.0
-54895.0
-61668.0
-52876.0
-55280.0
-70489.0
-69977.0
-78369.0
-61800.0
-67798.0
-64416.0
-59888.0
-59324.0
-60592.0
-69331.0
-49347.0
-65023.0
-94172.0
-60314.0
-65273.0
-82156.0
-55264.0
-74136.0
-77483.0
-64221.0
-115470.0
-82353.0
-48491.0
-82027.0
-55089.0
-88242.0
-56597.0
-93548.0
-58008.0
-64462.0
-60713.0
-71423.0
-57517.0
-55296.0
-63192.0
-77802.0
-52754.0
-68147.0
-59601.0
-58356.0
-59651.0
-54854.0
-56649.0
-59227.0
-65728.0
-69858.0
-74398.0
-59847.0
-74088.0
-80332.0
-54791.0
-53785.0
-51658.0
-47320.0
-51357.0
-58036.0
-72971.0
-60225.0
-59553.0
-54013.0
-57963.0
-50072.0
-58078.0
-51022.0
-54317.0
-70061.0
-51787.0
-59610.0
-59425.0
-79190.0
-73416.0
-54249.0
-76563.0
-100414.0
-98484.0
-59602.0
-66180.0
-60538.0
-58522.0
-59472.0
-53314.0
-57105.0
-58236.0
-59581.0
-53490.0
-50419.0
-49311.0
-46938.0
-61671.0
-66454.0
-74963.0
-69867.0
-70124.0
-58016.0
-57791.0
-65142.0
-62817.0
-48872.0
-46919.0
-52548.0
-55187.0
-48910.0
-62337.0
-51503.0
-56187.0
-52292.0
-53677.0
-42760.0
-44063.0
-40577.0
-47116.0
-46158.0
-59125.0
-59044.0
-52141.0
-51938.0
-41507.0
-55780.0
-52036.0
-54043.0
-61003.0
-45772.0
-42638.0
-70946.0
-46239.0
-48900.0
-53840.0
-42321.0
-57173.0
-44519.0
-51262.0
-52459.0
-53490.0
-54253.0
-95172.0
-43123.0
-56541.0
-48871.0
-44138.0
-51023.0
-58338.0
-47199.0
-48186.0
-50454.0
-50115.0
-55765.0
-44317.0
-40000.0
-48679.0
-49165.0
-51872.0
-49056.0
-45586.0
-51255.0
-61031.0
-38674.0
-55615.0
-52536.0
-57346.0
-55808.0
-72188.0
-56887.0
-39705.0
-45605.0
-38268.0
-51444.0
-52492.0
-64719.0
-40200.0
-48143.0
-53193.0
-42180.0
-46495.0
-50692.0
-38663.0
-44860.0
-54775.0
-41761.0
-44707.0
-70085.0
-52755.0
-51887.0
-53666.0
-55081.0
-43923.0
-47246.0
-44872.0
-46742.0
-63289.0
-43208.0
-52659.0
-44748.0
-47084.0
-38098.0
-44254.0
-39692.0
-48719.0
-46716.0
-40720.0
-50240.0
-42556.0
-41540.0
-58242.0
-47993.0
-37089.0
-59582.0
-44918.0
-41340.0
-46527.0
-50775.0
-44196.0
-43673.0
-44055.0
-52509.0
-46332.0
-41335.0
-51058.0
-45453.0
-41943.0
-65752.0
-45240.0
-42505.0
-64617.0
-50108.0
-43395.0
-37475.0
-82592.0
-44362.0
-63229.0
-41741.0
-69331.0
-39762.0
-48744.0
-43917.0
-35019.0
-33801.0
-34088.0
-48393.0
-37094.0
-46852.0
-36994.0
-53615.0
-41838.0
-40655.0
-56758.0
-39270.0
-30490.0
-50682.0
-38331.0
-34073.0
-38404.0
-41302.0
-37706.0
-45736.0
-60239.0
-45114.0
-47423.0
-44731.0
-56532.0
-45453.0
-58800.0
-49725.0
-38479.0
-49387.0
-45525.0
-42503.0
-41263.0
-39964.0
-50104.0
-49728.0
-45566.0
-46720.0
-37823.0
-40749.0
-49833.0
-47635.0
-43569.0
-41516.0
-40472.0
-53325.0
-51055.0
-35645.0
-49383.0
-34059.0
-42815.0
-33755.0
-35682.0
-43514.0
-41759.0
-39611.0
-37960.0
-33511.0
-37187.0
-39760.0
-46750.0
-35635.0
-29679.0
-40275.0
-47476.0
-44730.0
-40461.0
-41043.0
-39126.0
-36774.0
-33857.0
-37989.0
-59837.0
-70889.0
-102243.0
-37145.0
-43858.0
-48178.0
-46102.0
-35009.0
-43114.0
-34806.0
-47002.0
-35138.0
-36505.0
-39766.0
-79140.0
-47251.0
-32943.0
-38511.0
-35770.0
-39938.0
-42620.0
-35288.0
-37887.0
-50962.0
-28193.0
-50390.0
-39610.0
-46753.0
-49518.0
-40736.0
-37684.0
-35204.0
-41297.0
-44692.0
-59901.0
-45826.0
-37683.0
-43859.0
-46200.0
-41497.0
-41521.0
-48186.0
-41821.0
-46606.0
-43558.0
-42562.0
-68831.0
-39349.0
-36401.0
-37128.0
-63894.0
-45696.0
-48915.0
-39671.0
-33121.0
-29630.0
-47632.0
-42281.0
-42693.0
-66473.0
-59508.0
-41098.0
-39774.0
-43184.0
-38490.0
-49629.0
-38484.0
-39205.0
-40097.0
-37857.0
-34590.0
-43332.0
-37536.0
-32846.0
-42443.0
-35600.0
-94850.0
-35296.0
-37602.0
-38642.0
-31293.0
-41640.0
-43310.0
-61525.0
-49978.0
-37177.0
-41018.0
-49148.0
-40563.0
-41474.0
-82638.0
-41521.0
-37121.0
-45184.0
-41608.0
-61790.0
-43311.0
-40638.0
-35278.0
-35472.0
-53638.0
-40036.0
-43145.0
-41991.0
-42747.0
-34062.0
-51794.0
-61373.0
-44663.0
-43874.0
-39109.0
-35702.0
