96.97777777777777
86.29388888888889
72.08018518518519
71.78518518518518
63.89462962962963
73.59648148148148
73.48277777777778
76.50092592592593
73.41574074074074
57.32092592592593
97.77518518518518
75.97981481481482
60.562222222222225
74.62962962962963
68.6438888888889
62.35425925925926
85.325
67.03518518518518
73.57666666666667
69.56759259259259
85.75222222222222
63.01814814814815
85.64981481481482
78.83722222222222
80.95425925925926
77.56574074074074
86.83703703703704
71.60425925925927
80.17944444444444
99.56092592592593
67.23981481481482
69.09814814814816
61.78296296296296
89.53129629629629
78.96648148148148
94.08537037037037
89.81722222222223
59.941296296296294
81.78722222222223
57.29555555555555
82.7937037037037
63.32333333333333
63.13537037037037
59.94444444444444
85.96555555555555
63.19555555555556
78.79981481481481
65.12925925925926
79.18777777777778
71.19611111111111
73.89462962962963
62.96055555555556
62.35740740740741
61.85296296296296
57.49685185185185
58.08833333333333
68.49666666666667
57.15592592592593
79.28129629629629
53.59481481481482
45.70962962962963
63.37074074074074
52.379814814814814
50.785
50.535
68.08944444444444
59.83962962962963
48.89425925925926
51.349444444444444
46.03111111111111
61.65148148148148
70.31166666666667
54.21018518518518
56.81722222222222
67.11314814814814
60.41203703703704
70.29092592592593
66.84388888888888
51.94537037037037
68.69944444444444
62.18462962962963
49.040925925925926
56.587407407407404
54.63074074074074
64.68037037037037
53.175185185185185
50.04851851851852
47.593333333333334
50.005
65.65407407407407
48.86962962962963
51.38814814814815
65.54851851851852
60.75703703703704
47.96425925925926
60.15314814814815
58.25037037037037
64.86685185185185
61.2037037037037
50.53648148148148
48.00222222222222
54.380185185185184
51.65111111111111
49.74407407407407
56.44444444444444
53.87462962962963
51.52518518518519
55.96314814814815
56.973703703703706
54.772777777777776
58.52425925925926
55.97851851851852
37.30574074074074
44.677962962962965
42.933703703703706
48.693518518518516
56.31055555555555
49.495
65.01611111111112
44.8962962962963
52.79240740740741
53.38481481481482
64.31759259259259
52.602407407407405
39.318703703703704
53.29351851851852
46.76796296296296
61.102407407407405
55.571296296296296
64.95277777777778
72.20296296296296
52.781851851851854
58.05796296296296
71.17444444444445
50.817962962962966
58.23759259259259
70.57462962962963
48.733333333333334
57.54925925925926
57.70333333333333
60.528703703703705
54.37722222222222
58.974444444444444
55.07944444444445
58.596111111111114
52.03462962962963
63.525740740740744
58.75055555555556
51.21981481481482
57.46611111111111
54.55388888888889
53.12203703703704
47.05407407407407
44.87148148148148
46.68888888888889
47.11314814814815
43.007222222222225
49.12314814814815
43.48833333333334
46.370925925925924
46.803148148148146
49.57907407407407
47.93925925925926
53.24296296296296
49.166666666666664
39.516481481481485
48.983148148148146
46.803148148148146
49.32907407407407
45.88481481481482
50.99777777777778
39.82611111111111
55.202592592592595
42.665925925925926
50.41814814814815
47.620555555555555
47.440185185185186
63.885185185185186
44.69425925925926
47.465185185185184
54.651296296296294
49.260555555555555
52.3112962962963
48.71685185185185
52.98203703703704
45.16833333333334
44.720925925925926
40.78277777777778
53.724259259259256
55.910555555555554
62.73222222222222
41.72833333333333
42.65851851851852
43.4762962962963
48.87518518518519
44.03351851851852
38.09351851851852
46.29037037037037
48.35888888888889
37.92092592592593
46.309074074074076
45.71222222222222
44.00296296296296
45.27537037037037
42.88481481481482
49.413148148148146
40.534444444444446
36.06537037037037
32.96018518518518
41.85537037037037
40.42962962962963
42.217962962962964
37.79388888888889
42.662592592592596
39.317962962962966
39.913333333333334
43.31574074074074
42.635185185185186
38.69518518518519
36.81074074074074
36.409444444444446
43.69259259259259
47.339444444444446
48.69203703703704
39.261296296296294
42.95092592592592
50.31666666666667
39.95685185185185
39.60055555555556
44.55537037037037
42.03888888888889
37.73796296296296
36.90425925925926
49.65462962962963
40.083333333333336
41.711481481481485
41.952962962962964
38.11333333333334
43.60574074074074
42.7287037037037
41.687407407407406
39.66685185185185
45.60018518518518
39.37814814814815
37.88055555555555
42.971666666666664
37.89962962962963
38.455925925925925
36.10962962962963
44.809444444444445
33.35777777777778
36.96666666666667
45.69814814814815
47.09092592592592
35.99388888888889
45.967592592592595
40.55518518518519
44.75259259259259
42.452592592592595
37.07074074074074
39.4787037037037
43.97481481481481
36.66388888888889
38.22148148148148
51.47259259259259
38.754814814814814
40.41981481481481
42.842592592592595
34.87851851851852
41.43574074074074
38.55814814814815
39.998518518518516
43.70981481481481
37.775
41.32351851851852
52.98814814814815
34.31018518518518
47.337037037037035
38.67148148148148
49.69962962962963
39.982592592592596
46.934444444444445
36.66814814814815
40.114814814814814
42.78259259259259
41.300555555555555
38.372962962962966
47.69444444444444
33.19962962962963
39.83018518518519
43.342962962962964
43.15259259259259
40.245925925925924
32.72648148148148
35.76462962962963
36.40592592592593
45.47148148148148
39.01796296296296
35.364259259259256
33.43907407407407
39.35092592592593
39.418703703703706
36.36518518518518
37.200185185185184
36.007962962962964
35.33018518518519
33.89740740740741
40.04518518518518
46.5337037037037
39.617777777777775
32.80833333333333
33.741851851851855
38.790925925925926
37.59851851851852
36.68074074074074
35.61592592592593
38.99351851851852
35.88740740740741
36.263333333333335
31.511481481481482
31.449074074074073
34.717962962962964
35.51111111111111
37.9137037037037
34.17259259259259
47.096666666666664
33.733518518518515
33.392037037037035
40.36518518518518
32.056666666666665
38.22037037037037
38.675555555555555
29.18037037037037
37.77333333333333
39.339444444444446
34.660185185185185
34.62388888888889
33.512962962962966
42.57259259259259
33.69277777777778
38.46111111111111
36.294074074074075
34.99314814814815
34.675
37.98037037037037
35.85462962962963
35.49759259259259
41.046851851851855
33.49925925925926
34.62592592592593
42.32055555555556
39.95537037037037
38.47962962962963
35.22296296296296
33.81981481481481
33.85444444444445
38.24407407407407
38.24018518518518
36.50277777777778
33.85462962962963
37.12777777777778
30.91777777777778
34.07685185185185
42.82925925925926
35.01
33.01259259259259
48.971296296296295
41.052962962962965
39.345925925925926
36.282222222222224
33.46703703703704
35.7962962962963
30.777592592592594
29.172962962962963
39.16777777777778
53.2137037037037
34.45944444444444
36.66648148148148
40.1462962962963
34.12611111111111
31.162222222222223
35.03425925925926
38.35944444444444
34.53537037037037
37.687777777777775
36.25666666666667
32.82740740740741
31.339259259259258
38.46722222222222
36.35611111111111
37.37462962962963
49.33203703703704
32.675
38.74018518518518
36.03981481481482
38.62222222222222
31.863333333333333
37.06666666666667
35.76925925925926
35.44759259259259
34.50277777777778
33.870555555555555
32.80277777777778
40.01314814814815
34.04962962962963
33.111111111111114
34.1487037037037
31.465
38.28296296296296
33.529074074074074
29.221481481481483
39.00314814814815
35.98444444444444
31.96388888888889
33.903333333333336
35.85703703703704
34.77611111111111
32.976851851851855
35.684444444444445
28.797037037037036
31.71962962962963
30.90888888888889
37.08462962962963
39.21462962962963
33.3362962962963
31.63685185185185
34.1887037037037
31.53962962962963
29.363333333333333
31.36722222222222
36.867777777777775
28.755555555555556
32.27981481481481
31.338703703703704
33.19888888888889
33.84648148148148
33.0237037037037
39.25703703703704
33.13611111111111
33.54611111111111
40.20925925925926
39.39425925925926
35.93222222222222
33.72259259259259
37.69759259259259
37.33296296296297
28.909444444444443
33.23185185185185
30.56037037037037
34.71666666666667
40.48555555555556
34.5212962962963
34.685
33.18888888888889
31.66777777777778
32.547777777777775
36.16444444444444
29.479814814814816
31.79
33.01814814814815
29.367592592592594
31.166481481481483
33.209074074074074
33.35981481481482
32.81148148148148
29.856666666666666
28.574814814814815
33.62777777777778
29.915370370370372
33.5387037037037
35.82092592592593
28.996666666666666
29.52962962962963
29.93722222222222
29.489074074074075
35.74388888888889
36.475
32.97555555555556
36.226851851851855
31.25888888888889
34.51722222222222
32.489814814814814
28.927407407407408
25.82425925925926
30.69648148148148
27.86111111111111
31.71148148148148
29.68925925925926
27.74185185185185
30.023888888888887
31.854814814814816
34.49148148148148
38.23388888888889
29.575925925925926
31.622407407407408
30.25351851851852
33.62407407407407
27.412592592592592
26.721481481481483
31.67185185185185
33.09481481481482
27.366666666666667
32.10722222222222
29.21925925925926
43.708703703703705
32.86574074074074
27.515185185185185
31.554259259259258
30.026666666666667
29.791851851851852
33.555925925925926
34.54537037037037
35.43222222222222
36.385740740740744
31.117962962962963
30.825370370370372
33.492037037037036
33.56462962962963
33.50018518518519
27.341851851851853
30.432962962962964
28.197407407407407
32.67407407407408
32.50111111111111
32.86240740740741
29.185
30.64074074074074
31.852777777777778
30.341666666666665
31.76962962962963
31.596666666666668
35.65537037037037
34.117777777777775
32.080740740740744
28.255925925925926
25.71203703703704
32.67907407407407
26.57962962962963
28.806296296296296
29.875925925925927
29.994444444444444
31.172037037037036
27.183518518518518
33.59518518518519
28.877407407407407
30.59462962962963
34.348333333333336
27.71611111111111
27.73777777777778
31.735
30.477222222222224
33.46907407407407
28.649074074074075
32.66796296296296
28.66759259259259
29.32037037037037
30.959074074074074
28.494629629629628
29.781666666666666
28.29111111111111
34.33851851851852
24.81925925925926
25.728148148148147
26.613703703703703
28.578333333333333
29.053148148148146
28.199074074074073
29.272777777777776
29.127592592592592
27.701296296296295
29.55648148148148
29.278518518518517
28.92222222222222
31.715925925925927
34.40796296296296
25.28648148148148
28.90888888888889
30.329074074074075
26.692777777777778
28.10333333333333
26.227037037037036
26.688518518518517
31.62648148148148
30.60851851851852
34.84166666666667
30.273703703703703
32.33481481481481
29.261481481481482
28.631481481481483
27.047592592592594
27.517592592592592
30.800555555555555
24.695925925925927
30.85703703703704
32.98222222222222
28.608703703703704
28.85703703703704
33.66518518518519
25.363333333333333
31.55351851851852
32.40962962962963
28.37537037037037
37.24314814814815
33.94277777777778
24.415925925925926
31.653333333333332
26.722962962962963
32.446481481481484
25.807037037037038
33.67407407407408
26.538333333333334
27.084814814814816
28.376851851851853
29.935
26.480185185185185
26.762037037037036
30.631666666666668
30.810185185185187
26.432037037037038
27.995185185185186
30.48962962962963
24.92574074074074
27.573703703703703
26.553333333333335
27.83685185185185
28.65037037037037
28.750925925925927
29.69037037037037
34.059444444444445
27.662777777777777
31.127407407407407
31.98351851851852
28.427407407407408
26.115555555555556
26.303333333333335
24.710925925925928
25.903703703703705
25.872037037037035
30.71611111111111
28.27537037037037
25.256481481481483
26.686851851851852
27.77574074074074
25.01074074074074
26.429259259259258
26.41111111111111
27.81574074074074
28.165925925925926
26.170185185185186
26.660555555555554
25.851296296296297
31.005370370370372
33.03277777777778
26.21611111111111
31.97574074074074
37.223333333333336
37.55111111111111
27.368518518518517
30.49425925925926
29.115185185185187
27.085
27.337592592592593
27.36574074074074
28.510925925925925
28.06740740740741
27.261296296296297
25.184444444444445
24.05351851851852
24.78148148148148
25.820555555555554
27.92574074074074
27.564074074074075
31.842037037037038
27.81925925925926
29.239444444444445
28.165185185185184
27.69537037037037
30.732407407407408
28.33537037037037
24.863703703703703
24.37185185185185
26.477592592592593
26.694814814814816
25.57296296296296
30.168703703703702
26.82574074074074
28.80074074074074
24.78037037037037
27.394259259259258
23.355555555555554
24.15740740740741
22.96148148148148
25.017592592592592
24.12851851851852
27.319444444444443
28.315555555555555
26.613518518518518
26.26
24.847592592592594
27.845
27.240925925925925
27.399814814814814
26.18037037037037
23.077407407407406
23.678703703703704
30.225185185185186
25.19814814814815
24.285925925925927
26.394074074074073
24.111851851851853
26.289074074074072
25.03388888888889
23.992592592592594
27.37962962962963
27.63722222222222
25.405185185185186
35.852037037037036
22.360185185185184
28.00759259259259
25.066296296296297
24.281111111111112
26.53388888888889
26.09425925925926
23.570555555555554
23.541666666666668
24.517407407407408
26.154814814814817
25.206666666666667
23.877222222222223
22.268333333333334
25.59037037037037
25.54925925925926
24.696851851851854
24.38277777777778
23.65574074074074
24.6
29.406666666666666
21.352962962962962
27.568148148148147
26.473333333333333
28.596296296296295
26.26685185185185
28.96537037037037
26.74240740740741
22.745
22.576296296296295
20.442962962962962
24.518333333333334
26.074814814814815
27.734444444444446
22.606296296296296
25.27
26.361666666666668
25.324814814814815
24.033703703703704
24.275
22.710925925925928
23.660185185185185
27.493148148148148
23.656296296296297
24.855555555555554
30.275925925925925
25.87814814814815
25.796481481481482
25.61777777777778
26.299629629629628
23.54222222222222
24.800185185185185
24.264814814814816
24.64648148148148
28.10703703703704
25.453333333333333
27.229074074074074
22.51185185185185
24.119629629629628
22.38111111111111
23.959814814814816
21.220185185185183
25.35
24.50425925925926
22.627222222222223
25.402592592592594
22.64962962962963
22.16888888888889
25.82148148148148
24.737407407407407
21.677777777777777
26.058518518518518
24.72685185185185
24.67648148148148
22.73425925925926
26.045185185185186
25.571666666666665
22.882037037037037
23.148703703703703
25.330555555555556
25.19037037037037
22.737407407407407
25.817222222222224
23.38388888888889
22.25814814814815
27.31277777777778
25.484814814814815
23.016296296296296
28.244814814814816
24.626296296296296
22.46148148148148
21.587777777777777
33.75907407407407
23.347592592592594
28.767222222222223
25.26351851851852
29.834814814814816
22.453333333333333
26.13685185185185
25.401296296296298
20.00925925925926
20.813148148148148
20.252037037037038
25.685555555555556
21.366481481481483
24.863333333333333
20.20722222222222
26.85462962962963
23.20740740740741
21.942777777777778
27.00314814814815
22.862407407407407
18.984074074074073
25.23925925925926
22.09925925925926
20.13537037037037
21.014074074074074
22.715740740740742
22.90851851851852
25.845925925925926
27.773888888888887
22.817962962962962
25.15388888888889
25.425
25.785555555555554
23.96074074074074
25.01814814814815
25.15462962962963
21.79462962962963
23.60925925925926
22.21351851851852
24.919814814814814
23.063148148148148
21.96037037037037
24.561481481481483
24.886481481481482
24.293518518518518
23.04574074074074
22.408703703703704
22.42648148148148
26.44703703703704
24.39759259259259
22.484814814814815
21.760185185185186
22.86
26.95722222222222
28.863518518518518
20.583703703703705
23.127962962962965
20.246111111111112
23.88462962962963
21.092222222222222
22.253333333333334
25.073888888888888
24.661296296296296
22.65111111111111
23.204074074074075
20.867037037037036
22.214444444444446
22.26648148148148
24.461296296296297
21.56851851851852
19.21351851851852
21.176111111111112
23.830185185185186
23.804814814814815
21.81685185185185
23.354814814814816
21.407222222222224
21.182777777777776
20.72833333333333
21.95462962962963
28.200555555555557
28.581296296296298
34.33851851851852
20.633518518518517
22.87148148148148
23.69185185185185
22.495555555555555
20.439444444444444
23.322222222222223
20.70074074074074
23.493703703703705
21.62462962962963
21.675185185185185
22.33388888888889
30.21351851851852
22.539814814814815
20.724814814814813
21.352962962962962
21.56962962962963
22.16296296296296
22.338333333333335
23.208703703703705
21.38314814814815
25.117962962962963
19.656666666666666
24.71388888888889
22.583518518518517
22.50962962962963
23.84962962962963
24.174444444444443
19.750185185185185
21.782777777777778
23.989814814814814
23.03037037037037
27.278518518518517
24.035
21.816296296296297
22.732777777777777
23.80351851851852
23.095555555555556
22.242592592592594
26.21351851851852
23.057962962962964
26.846481481481483
23.78962962962963
24.297037037037036
28.118148148148148
21.309444444444445
21.41722222222222
23.062407407407406
26.281666666666666
22.508333333333333
23.222962962962963
21.98925925925926
20.28814814814815
19.301666666666666
24.23148148148148
21.81
22.241666666666667
27.89388888888889
25.825185185185184
23.987037037037037
23.46537037037037
22.767592592592592
21.048703703703705
24.593333333333334
21.604814814814816
22.002037037037038
23.971296296296295
21.901296296296298
22.196296296296296
24.33851851851852
20.432407407407407
21.46185185185185
23.84777777777778
23.04462962962963
33.839444444444446
21.980555555555554
21.85388888888889
22.826296296296295
20.005185185185184
22.228703703703705
22.715555555555557
27.330925925925925
23.882962962962964
20.584629629629628
21.790555555555557
25.820925925925927
23.08222222222222
21.35962962962963
29.749259259259258
22.87
21.564814814814813
25.247777777777777
20.67240740740741
27.218333333333334
22.521851851851853
21.355185185185185
20.76814814814815
20.13259259259259
24.246111111111112
22.818703703703704
23.972407407407406
21.547962962962963
23.262037037037036
20.425555555555555
24.53537037037037
26.890555555555554
24.68611111111111
23.74962962962963
22.291851851851852
20.393703703703704
