-103763.0
-86517.0
-109282.0
-93991.0
-96133.0
-105149.0
-112125.0
-135756.0
-106880.0
-112752.0
-89185.0
-108541.0
-116239.0
-106704.0
-113017.0
-94684.0
-132774.0
-107459.0
-128078.0
-90435.0
-92413.0
-100701.0
-88760.0
-92009.0
-99141.0
-103486.0
-73140.0
-104232.0
-83358.0
-157868.0
-99953.0
-107604.0
-95405.0
-92888.0
-78091.0
-118078.0
-98162.0
-74880.0
-127385.0
-87003.0
-89845.0
-80095.0
-72743.0
-93308.0
-70663.0
-75862.0
-95289.0
-96053.0
-68377.0
-77774.0
-88677.0
-79603.0
-78807.0
-88470.0
-72069.0
-86286.0
-85858.0
-82890.0
-81651.0
-70933.0
-78929.0
-73898.0
-77987.0
-82505.0
-71429.0
-89624.0
-82896.0
-68403.0
-102419.0
-99399.0
-97197.0
-85110.0
-97189.0
-73454.0
-71692.0
-84743.0
-84026.0
-72221.0
-81054.0
-81047.0
-91861.0
-88144.0
-58931.0
-76226.0
-82333.0
-73028.0
-97535.0
-79816.0
-70158.0
-62479.0
-77695.0
-89321.0
-76943.0
-69745.0
-73160.0
-65194.0
-77463.0
-66441.0
-68362.0
-78395.0
-70367.0
-90235.0
-74851.0
-89088.0
-68896.0
-62500.0
-69747.0
-96811.0
-76478.0
-69021.0
-76256.0
-68702.0
-72916.0
-69585.0
-67541.0
-88174.0
-76397.0
-71187.0
-67009.0
-75077.0
-77697.0
-66444.0
-62060.0
-63713.0
-58559.0
-81611.0
-63131.0
-48886.0
-64721.0
-74215.0
-74630.0
-60087.0
-79061.0
-59878.0
-60255.0
-65126.0
-69032.0
-64265.0
-63287.0
-63350.0
-65930.0
-53749.0
-49750.0
-61378.0
-71750.0
-67512.0
-57547.0
-57099.0
-60318.0
-69704.0
-58238.0
-60721.0
-62388.0
-61682.0
-64695.0
-56253.0
-64595.0
-82627.0
-59754.0
-62315.0
-63265.0
-61021.0
-58317.0
-67917.0
-55940.0
-67998.0
-56622.0
-67829.0
-53982.0
-61227.0
-52435.0
-60432.0
-64048.0
-76761.0
-68236.0
-52686.0
-58351.0
-71984.0
-60919.0
-49454.0
-48797.0
-52320.0
-67906.0
-57894.0
-62200.0
-58365.0
-58495.0
-55260.0
-54491.0
-57986.0
-55369.0
-68304.0
-51167.0
-72634.0
-56311.0
-58478.0
-53426.0
-59130.0
-67522.0
-59015.0
-54640.0
-51944.0
-62674.0
-59562.0
-63834.0
-55153.0
-56506.0
-56909.0
-58704.0
-64796.0
-66250.0
-47436.0
-51983.0
-66125.0
-47033.0
-63227.0
-51222.0
-52162.0
-67062.0
-51442.0
-57801.0
-51106.0
-46684.0
-47853.0
-65989.0
-44714.0
-63441.0
-48258.0
-47179.0
-59636.0
-51613.0
-66003.0
-50007.0
-62053.0
-60844.0
-63086.0
-41302.0
-69998.0
-42523.0
-61210.0
-56985.0
-52513.0
-41675.0
-43888.0
-56550.0
-52549.0
-35522.0
-52918.0
-47773.0
-43157.0
-58673.0
-67219.0
-50521.0
-52886.0
-41425.0
-48844.0
-45769.0
-51336.0
-41192.0
-36151.0
-45756.0
-42881.0
-36882.0
-44646.0
-55813.0
-41637.0
-38865.0
-56313.0
-49154.0
-48344.0
-57781.0
-40245.0
-44284.0
-36900.0
-36263.0
-39167.0
-47931.0
-39228.0
-36355.0
-30998.0
-41445.0
-45334.0
-32497.0
-47611.0
-38563.0
-36429.0
-41564.0
-46488.0
-41077.0
-50110.0
-42892.0
-47916.0
-40280.0
-34841.0
-42206.0
-33878.0
-35753.0
-42271.0
-39151.0
-39145.0
-36229.0
-43501.0
-39900.0
-34451.0
-39254.0
-48814.0
-48380.0
-40455.0
-41720.0
-40718.0
-34320.0
-31554.0
-33976.0
-35198.0
-43238.0
-37035.0
-49726.0
-43257.0
-36902.0
-42212.0
-37035.0
-40092.0
-33618.0
-39708.0
-32875.0
-40167.0
-37730.0
-33440.0
-39889.0
-34058.0
-39630.0
-29984.0
-41167.0
-39295.0
-35961.0
-47475.0
-38966.0
-40365.0
-32860.0
-40215.0
-35466.0
-41223.0
-37613.0
-35247.0
-36251.0
-43567.0
-31593.0
-38795.0
-26065.0
-34952.0
-44935.0
-33419.0
-27938.0
-29551.0
-39541.0
-35153.0
-30730.0
-27138.0
-41741.0
-41067.0
-45186.0
-33088.0
-32840.0
-41371.0
-33235.0
-42431.0
-29430.0
-25392.0
-35550.0
-30027.0
-26086.0
-35129.0
-31790.0
-30853.0
-35635.0
-28625.0
-33017.0
-42971.0
-37728.0
-29445.0
-33566.0
-31463.0
-27921.0
-39354.0
-36197.0
-45313.0
-30492.0
-33700.0
-26314.0
-26434.0
-30707.0
-29291.0
-34880.0
-28304.0
-39095.0
-29713.0
-35078.0
-44913.0
-28658.0
-32881.0
-34778.0
-37894.0
-29586.0
-33542.0
-30126.0
-32666.0
-32430.0
-30765.0
-33165.0
-25458.0
-31527.0
-29790.0
-25370.0
-26888.0
-34118.0
-25616.0
-34101.0
-24233.0
-32707.0
-46814.0
-30078.0
-26840.0
-24972.0
-32521.0
-29553.0
-31953.0
-44697.0
-28550.0
-31199.0
-27944.0
-27460.0
-28226.0
-26261.0
-27556.0
-27870.0
-25791.0
-34825.0
-25549.0
-24371.0
-26850.0
-27379.0
-25456.0
-24721.0
-25708.0
-26317.0
-34477.0
-26142.0
-32935.0
-21424.0
-28626.0
-30056.0
-25291.0
-27336.0
-25282.0
-29222.0
-20242.0
-23853.0
-28294.0
-25257.0
-25981.0
-28809.0
-24487.0
-21189.0
-31962.0
-23657.0
-34177.0
-22821.0
-27484.0
-25341.0
-23041.0
-33289.0
-26720.0
-27843.0
-25907.0
-29567.0
-23832.0
-25127.0
-25539.0
-23617.0
-44858.0
-24006.0
-26517.0
-23634.0
-25053.0
-23849.0
-44266.0
-30741.0
-32167.0
-21970.0
-19084.0
-19140.0
-29558.0
-26642.0
-25621.0
-22128.0
-21583.0
-29443.0
-35662.0
-24462.0
-24855.0
