10.224814814814815
8.921481481481482
10.544444444444444
9.489074074074074
9.377037037037036
8.995555555555555
8.615185185185185
12.574814814814815
9.520185185185186
8.667962962962964
8.636111111111111
9.412777777777778
11.892037037037037
11.275
9.767777777777777
8.949814814814815
11.112037037037037
9.836296296296297
11.109074074074075
9.40537037037037
10.007037037037037
8.866111111111111
7.815
8.528333333333334
8.323148148148148
8.99148148148148
7.128333333333333
8.74611111111111
8.891851851851852
12.442037037037037
8.626666666666667
9.83462962962963
7.99574074074074
8.311481481481481
7.670555555555556
11.352222222222222
9.248703703703704
7.176296296296297
9.944074074074074
7.994074074074074
9.687592592592592
8.007037037037037
6.900740740740741
9.052037037037037
8.018148148148148
7.952037037037037
8.598333333333333
9.776851851851852
8.117407407407407
8.455185185185185
7.935185185185185
7.556851851851852
8.53111111111111
9.308518518518518
6.746296296296296
7.9474074074074075
7.832222222222223
7.385925925925926
7.397962962962963
6.95074074074074
7.7374074074074075
7.264444444444444
7.233148148148148
8.590185185185184
6.665
8.107407407407408
8.501296296296296
7.548148148148148
8.550925925925926
8.405740740740741
8.227407407407407
8.001666666666667
8.687592592592592
8.143333333333333
7.387037037037037
7.252592592592593
7.802037037037037
6.545
6.66962962962963
6.78462962962963
8.370925925925926
8.143148148148148
6.956851851851852
7.392037037037037
7.262037037037037
6.949814814814815
8.952407407407408
7.171481481481481
6.793888888888889
6.998703703703704
6.588148148148148
6.95537037037037
6.708888888888889
6.483148148148148
6.517037037037037
6.225740740740741
7.489259259259259
7.067592592592592
7.0146296296296295
7.194444444444445
7.679074074074074
6.806111111111111
6.878333333333333
8.547962962962963
6.300185185185185
6.606481481481482
7.031481481481482
7.551296296296297
6.924444444444444
7.045185185185185
6.765370370370371
7.164259259259259
6.195185185185185
6.829074074074074
6.808518518518518
7.778888888888889
7.1627777777777775
6.628333333333333
6.405925925925926
6.815555555555555
7.627222222222223
6.242222222222222
6.315740740740741
6.4238888888888885
5.932777777777778
6.489074074074074
6.178888888888889
6.005185185185185
6.578888888888889
6.505740740740741
7.361296296296296
6.288518518518519
6.455
6.364074074074074
6.078888888888889
6.759814814814815
6.48
6.18
6.062592592592592
5.997407407407407
7.319444444444445
6.091481481481481
6.089074074074074
6.20462962962963
6.546666666666667
6.102592592592592
6.658888888888889
6.0542592592592595
6.442962962962963
6.320185185185185
6.432222222222222
5.772037037037037
5.793333333333333
5.726851851851852
5.814074074074074
5.703888888888889
5.71
6.512222222222222
5.9618518518518515
5.9531481481481485
5.785925925925926
5.897962962962963
6.110185185185185
5.496851851851852
5.41925925925926
6.52
5.35
5.9692592592592595
5.435
5.5579629629629625
5.015740740740741
5.720185185185185
5.5542592592592595
6.635
6.232592592592592
5.500740740740741
5.282407407407407
5.852407407407408
5.70037037037037
5.19537037037037
5.178888888888889
4.988333333333333
5.607037037037037
5.564629629629629
5.20574074074074
5.333703703703704
5.545925925925926
5.327037037037037
5.202962962962963
6.580925925925926
6.052037037037037
6.187962962962963
5.525185185185185
5.296481481481481
5.625925925925926
5.738518518518519
4.8244444444444445
5.207037037037037
6.015740740740741
5.357222222222222
5.262407407407407
5.341481481481481
5.606481481481482
6.126296296296296
5.452962962962963
5.7246296296296295
5.161851851851852
4.918703703703704
4.858333333333333
5.283518518518519
5.334074074074074
5.026111111111111
5.045555555555556
5.9692592592592595
4.613703703703703
5.359814814814815
4.952592592592593
4.869074074074074
5.29962962962963
5.149444444444445
5.66537037037037
4.693888888888889
5.041666666666667
4.481851851851852
5.899074074074074
4.859444444444445
5.257962962962963
4.941296296296296
4.641666666666667
4.947037037037037
4.826481481481482
5.958703703703704
4.513518518518518
4.771111111111111
5.496666666666667
5.954814814814815
4.032592592592593
6.305555555555555
5.707962962962963
4.991481481481482
5.524629629629629
4.527592592592592
4.154444444444445
4.853888888888889
5.067222222222222
4.683518518518518
4.29925925925926
4.955925925925926
4.9998148148148145
4.135555555555555
4.6540740740740745
5.755925925925926
4.732037037037037
4.574074074074074
4.231111111111111
4.217037037037037
4.288888888888889
4.7988888888888885
4.024629629629629
3.906296296296296
4.452592592592593
4.051481481481481
3.926296296296296
4.061481481481482
4.296481481481481
4.782777777777778
3.995185185185185
4.63037037037037
4.768703703703704
4.808333333333334
4.8661111111111115
4.1540740740740745
4.219444444444444
3.956851851851852
3.642037037037037
4.540555555555556
4.5018518518518515
3.7264814814814815
4.237592592592593
3.658888888888889
4.126666666666667
4.350925925925926
3.613703703703704
4.252037037037037
3.936851851851852
3.837222222222222
5.2188888888888885
4.230555555555555
4.188703703703704
4.483888888888889
3.792222222222222
4.006666666666667
4.164259259259259
3.7164814814814813
3.940185185185185
3.9811111111111113
4.139259259259259
4.059259259259259
3.8866666666666667
3.8524074074074073
3.857222222222222
4.067962962962963
3.6527777777777777
3.283703703703704
3.6059259259259258
4.0596296296296295
3.718888888888889
4.029629629629629
4.238518518518519
3.595925925925926
3.663148148148148
3.7453703703703702
3.797222222222222
3.5662962962962963
3.8925925925925924
3.9274074074074075
3.8566666666666665
3.884074074074074
3.8157407407407407
3.8961111111111113
3.589814814814815
3.832777777777778
3.563888888888889
3.7581481481481482
3.5255555555555556
3.6840740740740743
3.587222222222222
3.616111111111111
4.307222222222222
3.6151851851851853
3.5137037037037038
3.361851851851852
3.9972222222222222
3.852222222222222
3.369074074074074
4.064074074074074
3.448703703703704
3.616111111111111
3.5425925925925927
3.6883333333333335
3.4964814814814815
3.517962962962963
3.521851851851852
3.218888888888889
3.4294444444444445
3.5701851851851854
3.32
3.6937037037037035
3.527037037037037
3.298888888888889
3.4457407407407405
3.513148148148148
3.3396296296296297
3.33462962962963
3.6018518518518516
3.640925925925926
3.2762962962962963
3.1416666666666666
3.3914814814814815
3.2864814814814816
3.830185185185185
3.1951851851851854
2.926296296296296
3.5014814814814814
3.637962962962963
3.4922222222222223
3.013888888888889
3.152037037037037
3.4788888888888887
3.372037037037037
3.2244444444444444
3.386111111111111
3.135740740740741
2.7546296296296298
3.4203703703703705
3.377407407407407
3.3651851851851853
3.7453703703703702
3.3575925925925927
3.326111111111111
3.5216666666666665
3.184814814814815
3.222962962962963
3.216851851851852
3.0833333333333335
3.343148148148148
2.968148148148148
2.958148148148148
3.0955555555555554
3.234074074074074
2.977037037037037
3.2088888888888887
3.1948148148148148
3.103148148148148
3.298888888888889
2.806111111111111
2.811111111111111
3.3246296296296296
2.6262962962962964
2.978148148148148
3.2775925925925926
3.0014814814814814
2.975185185185185
3.0148148148148146
3.26
3.1087037037037035
3.1766666666666667
2.7888888888888888
2.989259259259259
2.9625925925925927
3.042962962962963
3.0277777777777777
2.826111111111111
2.9803703703703706
2.9735185185185187
2.9355555555555557
3.10462962962963
2.785185185185185
2.8775925925925927
4.271296296296296
3.0003703703703706
3.342037037037037
2.781851851851852
3.1016666666666666
2.6892592592592592
2.9283333333333332
3.8655555555555554
2.8222222222222224
2.7112962962962963
3.1166666666666667
2.8046296296296296
2.7583333333333333
2.8183333333333334
2.8072222222222223
2.8922222222222222
2.965925925925926
2.934814814814815
2.781111111111111
2.7324074074074076
2.971296296296296
2.6442592592592593
2.736851851851852
2.912962962962963
2.6124074074074075
2.8361111111111112
3.036111111111111
2.7309259259259258
2.854814814814815
2.7944444444444443
2.6622222222222223
2.536111111111111
2.6524074074074075
2.7468518518518517
2.762037037037037
2.5146296296296295
2.551296296296296
2.8296296296296295
2.5675925925925926
2.6983333333333333
2.559814814814815
2.4937037037037038
2.666851851851852
2.4574074074074073
3.1153703703703703
2.987037037037037
2.8827777777777777
2.327962962962963
2.651111111111111
2.466666666666667
2.5551851851851852
2.5994444444444444
2.3738888888888887
2.5516666666666667
2.745
2.6374074074074074
2.6218518518518517
2.941666666666667
2.5172222222222222
2.4294444444444445
2.7935185185185185
2.4162962962962964
2.604074074074074
2.4477777777777776
2.652222222222222
2.4383333333333335
3.408148148148148
2.595740740740741
2.649074074074074
2.4085185185185187
2.392777777777778
2.1666666666666665
2.4835185185185185
2.3007407407407405
2.479074074074074
2.370925925925926
2.522222222222222
2.709814814814815
2.7403703703703703
2.388333333333333
2.148888888888889
