-247856.0
-181489.0
-223288.0
-194729.0
-189149.0
-199780.0
-215620.0
-255566.0
-211992.0
-229029.0
-183189.0
-198060.0
-244655.0
-238063.0
-216388.0
-186826.0
-251311.0
-224780.0
-256392.0
-199640.0
-205717.0
-199448.0
-181462.0
-178406.0
-190064.0
-205042.0
-144975.0
-195515.0
-175105.0
-307522.0
-202017.0
-226962.0
-187466.0
-189907.0
-159863.0
-230122.0
-207973.0
-152385.0
-241732.0
-176558.0
-199372.0
-171188.0
-149211.0
-210225.0
-144397.0
-159615.0
-165558.0
-199331.0
-153696.0
-154208.0
-179025.0
-158456.0
-179639.0
-196302.0
-145261.0
-176155.0
-186127.0
-159629.0
-157610.0
-140342.0
-157420.0
-150778.0
-155405.0
-179872.0
-139698.0
-175929.0
-184355.0
-150800.0
-196851.0
-191695.0
-189119.0
-161911.0
-202640.0
-155696.0
-146637.0
-173255.0
-176097.0
-149375.0
-164901.0
-159503.0
-168394.0
-190633.0
-126981.0
-152232.0
-172395.0
-140653.0
-180310.0
-153989.0
-136734.0
-131328.0
-150520.0
-164449.0
-154111.0
-131006.0
-144515.0
-132850.0
-144668.0
-141700.0
-139057.0
-153953.0
-152638.0
-178957.0
-149522.0
-184146.0
-133883.0
-127820.0
-135832.0
-183105.0
-161964.0
-140116.0
-153204.0
-140107.0
-148843.0
-151107.0
-133647.0
-167501.0
-153204.0
-130897.0
-137419.0
-150713.0
-159953.0
-134638.0
-132429.0
-140981.0
-113851.0
-150805.0
-121388.0
-101899.0
-130984.0
-150700.0
-159325.0
-120897.0
-162997.0
-123179.0
-124403.0
-126942.0
-138862.0
-134263.0
-125123.0
-123804.0
-133028.0
-119165.0
-108685.0
-127992.0
-133737.0
-132418.0
-121506.0
-110362.0
-125820.0
-134608.0
-120146.0
-123634.0
-119967.0
-125331.0
-130000.0
-118261.0
-121615.0
-148260.0
-125004.0
-117594.0
-121837.0
-114047.0
-122805.0
-137089.0
-108802.0
-143954.0
-111131.0
-129763.0
-107266.0
-114687.0
-101564.0
-115352.0
-124598.0
-143852.0
-138355.0
-105306.0
-127474.0
-132685.0
-115258.0
-102203.0
-98607.0
-103978.0
-129751.0
-108373.0
-125173.0
-115253.0
-115263.0
-103045.0
-108591.0
-127629.0
-122442.0
-133415.0
-110801.0
-143544.0
-108958.0
-115848.0
-105106.0
-107943.0
-120505.0
-114292.0
-104979.0
-100743.0
-115455.0
-117233.0
-120487.0
-99707.0
-115149.0
-109862.0
-110394.0
-119517.0
-124840.0
-99945.0
-100757.0
-123748.0
-102217.0
-120964.0
-104250.0
-103612.0
-125157.0
-104985.0
-108573.0
-102339.0
-92006.0
-92098.0
-114423.0
-81148.0
-120042.0
-87204.0
-93318.0
-108942.0
-109037.0
-129881.0
-100653.0
-119405.0
-127051.0
-113257.0
-82238.0
-125274.0
-102991.0
-113059.0
-107110.0
-97679.0
-84587.0
-91267.0
-106007.0
-98688.0
-78030.0
-97468.0
-92057.0
-82520.0
-114053.0
-103498.0
-90078.0
-109535.0
-79793.0
-101783.0
-81269.0
-104205.0
-82952.0
-73096.0
-87709.0
-89804.0
-73270.0
-81407.0
-110441.0
-84515.0
-82851.0
-105393.0
-92333.0
-102523.0
-116368.0
-77531.0
-86636.0
-81463.0
-75001.0
-85358.0
-89099.0
-78954.0
-74221.0
-73351.0
-80075.0
-88999.0
-67265.0
-101711.0
-77120.0
-70618.0
-98533.0
-95757.0
-85417.0
-100285.0
-83916.0
-100200.0
-80303.0
-73350.0
-81804.0
-67450.0
-76371.0
-87497.0
-74739.0
-79330.0
-71563.0
-95223.0
-80357.0
-73340.0
-78099.0
-98058.0
-85315.0
-83672.0
-78172.0
-80752.0
-65280.0
-69325.0
-70735.0
-67320.0
-86706.0
-69350.0
-94396.0
-85955.0
-72950.0
-81616.0
-67167.0
-84384.0
-64626.0
-85883.0
-68121.0
-78148.0
-73204.0
-72319.0
-85093.0
-78877.0
-83587.0
-62129.0
-85722.0
-76495.0
-76591.0
-95482.0
-75923.0
-79859.0
-65071.0
-75542.0
-69621.0
-78490.0
-73443.0
-72112.0
-71787.0
-84891.0
-67325.0
-74566.0
-55705.0
-75230.0
-81953.0
-66635.0
-55869.0
-67177.0
-76645.0
-67669.0
-67034.0
-55897.0
-84493.0
-80329.0
-85400.0
-66300.0
-64770.0
-79405.0
-73867.0
-83873.0
-60593.0
-56714.0
-67152.0
-59798.0
-52775.0
-66993.0
-65865.0
-59474.0
-71476.0
-57058.0
-57601.0
-88743.0
-74956.0
-65323.0
-66035.0
-60290.0
-60988.0
-71467.0
-72418.0
-90053.0
-59721.0
-75060.0
-54529.0
-55724.0
-64496.0
-63230.0
-71204.0
-62146.0
-75354.0
-61800.0
-66682.0
-80691.0
-58710.0
-60241.0
-67040.0
-69710.0
-59594.0
-72409.0
-60657.0
-63840.0
-64522.0
-58263.0
-56875.0
-52958.0
-63152.0
-56489.0
-51435.0
-56455.0
-62601.0
-55670.0
-71840.0
-50219.0
-65632.0
-80876.0
-64570.0
-54237.0
-52190.0
-62462.0
-54639.0
-60226.0
-75219.0
-60833.0
-69166.0
-60421.0
-53213.0
-57076.0
-50786.0
-58016.0
-57396.0
-54288.0
-65227.0
-50071.0
-47762.0
-58773.0
-57158.0
-54449.0
-54473.0
-51169.0
-56217.0
-65726.0
-54712.0
-73570.0
-43545.0
-52166.0
-61404.0
-50700.0
-54723.0
-49652.0
-58639.0
-41689.0
-53951.0
-56219.0
-51814.0
-57599.0
-55587.0
-50919.0
-42959.0
-68426.0
-54641.0
-70099.0
-41665.0
-50806.0
-50860.0
-47190.0
-56953.0
-53631.0
-63171.0
-46950.0
-58612.0
-46870.0
-54547.0
-48944.0
-45030.0
-86995.0
-47360.0
-54918.0
-46271.0
-60156.0
-48109.0
-73206.0
-63286.0
-62078.0
-45364.0
-38625.0
-38392.0
-61895.0
-49658.0
-53087.0
-45802.0
-46919.0
-54558.0
-64094.0
-50782.0
-46217.0
