6.381481481481481
4.796111111111111
5.91462962962963
4.877777777777778
4.309074074074074
3.977037037037037
4.090740740740741
5.821851851851852
4.991481481481482
4.640925925925926
4.21962962962963
3.978148148148148
7.20574074074074
6.374074074074074
4.522407407407408
4.59
5.189444444444445
5.391666666666667
5.3062962962962965
5.618888888888889
5.034074074074074
4.087407407407407
3.940185185185185
3.9716666666666667
3.9253703703703704
4.438518518518518
3.6066666666666665
3.7796296296296297
4.654444444444445
5.1503703703703705
4.463333333333333
5.550925925925926
4.271481481481482
4.302962962962963
3.691851851851852
6.013703703703704
4.994814814814815
3.4492592592592595
4.071111111111111
4.248518518518519
5.657407407407407
4.238333333333333
3.4716666666666667
5.302037037037037
4.082222222222223
4.464444444444444
3.7216666666666667
5.782407407407407
4.733148148148148
4.017592592592592
4.114814814814815
3.9051851851851853
4.881481481481481
5.381481481481481
3.400185185185185
4.104074074074074
3.947037037037037
3.8624074074074075
3.652222222222222
3.343148148148148
4.026851851851852
3.550925925925926
3.826296296296296
4.5579629629629625
3.2116666666666664
3.7201851851851853
4.739814814814815
4.238518518518519
4.37537037037037
4.411111111111111
4.042962962962963
3.6442592592592593
5.175185185185185
4.59462962962963
3.658703703703704
3.4946296296296295
3.960185185185185
3.177037037037037
3.3946296296296294
3.5190740740740742
3.658703703703704
4.472777777777778
3.63
3.8055555555555554
3.9316666666666666
3.2535185185185185
3.3651851851851853
3.3244444444444445
3.0864814814814814
3.46
3.197962962962963
3.4627777777777777
3.5662962962962963
2.756111111111111
3.1524074074074075
3.105185185185185
3.2644444444444445
3.8227777777777776
3.602592592592593
3.5766666666666667
3.901111111111111
3.3962962962962964
3.560925925925926
4.508518518518518
3.102592592592593
3.600925925925926
3.676111111111111
3.7094444444444443
4.08462962962963
3.1846296296296295
3.342037037037037
3.5657407407407407
3.355185185185185
3.820925925925926
3.1355555555555554
3.167037037037037
3.4609259259259257
2.864074074074074
3.2603703703703704
3.292037037037037
3.8757407407407407
3.0588888888888888
3.8324074074074073
3.5053703703703705
2.7844444444444445
2.895925925925926
3.118333333333333
3.1075925925925927
3.2655555555555558
3.459814814814815
4.154814814814815
3.4594444444444443
3.5146296296296295
3.2490740740740742
3.3635185185185184
3.4105555555555553
3.352777777777778
3.382037037037037
3.053703703703704
2.9564814814814815
3.5864814814814814
3.2581481481481482
3.3272222222222223
3.3216666666666668
3.031296296296296
3.1531481481481483
3.609259259259259
3.094074074074074
3.4583333333333335
3.051296296296296
3.5794444444444444
2.7753703703703705
2.9229629629629628
3.0387037037037037
3.1081481481481483
3.0677777777777777
2.8655555555555554
3.025925925925926
3.117962962962963
2.8875925925925925
2.932777777777778
2.868333333333333
3.120740740740741
2.6616666666666666
2.5925925925925926
3.5014814814814814
2.587037037037037
2.816851851851852
2.759074074074074
2.620740740740741
2.4285185185185183
2.890925925925926
2.8159259259259257
2.853148148148148
3.4224074074074076
3.007222222222222
2.9437037037037035
2.613703703703704
2.773888888888889
2.6977777777777776
2.397407407407407
2.4837037037037035
2.8114814814814815
2.445
2.4718518518518517
2.5168518518518517
2.6203703703703702
2.3872222222222224
2.6175925925925925
3.5922222222222224
3.0168518518518517
3.1148148148148147
2.957222222222222
2.5838888888888887
2.8433333333333333
2.7194444444444446
2.4138888888888888
2.363888888888889
2.486111111111111
2.5055555555555555
2.52
2.7353703703703705
2.491111111111111
3.1907407407407407
2.564074074074074
2.3935185185185186
2.6155555555555554
2.2975925925925926
2.203333333333333
2.427962962962963
2.274814814814815
2.607037037037037
2.5185185185185186
2.723148148148148
2.1346296296296297
2.625
2.522222222222222
2.4255555555555555
2.401666666666667
2.5694444444444446
2.4985185185185186
2.2396296296296296
2.629259259259259
2.2203703703703703
2.377037037037037
2.063888888888889
2.3485185185185187
2.1553703703703704
2.093888888888889
2.3866666666666667
2.575740740740741
2.752962962962963
2.1425925925925924
2.251851851851852
3.0674074074074076
2.3794444444444443
1.8133333333333332
2.2283333333333335
3.1435185185185186
2.0533333333333332
2.649074074074074
2.214814814814815
1.9914814814814814
2.4505555555555554
2.317962962962963
2.084814814814815
2.279074074074074
2.215925925925926
2.509259259259259
1.9864814814814815
2.2666666666666666
1.891851851851852
1.9474074074074075
2.4024074074074075
2.069259259259259
2.4338888888888888
1.8653703703703703
2.408703703703704
1.916111111111111
1.963148148148148
2.2907407407407407
2.0875925925925927
2.082962962962963
2.0144444444444445
2.1483333333333334
2.341666666666667
2.169814814814815
1.9468518518518518
2.1883333333333335
2.4516666666666667
2.3896296296296295
1.8387037037037037
1.9007407407407408
2.201111111111111
1.823888888888889
2.305
1.9812962962962963
1.9524074074074074
2.082037037037037
1.9279629629629629
2.039814814814815
2.205740740740741
2.056111111111111
2.1438888888888887
1.892962962962963
1.8833333333333333
3.3296296296296295
2.105
2.3225925925925925
2.4118518518518517
1.8888888888888888
2.178703703703704
2.1603703703703703
1.8683333333333334
1.7974074074074073
1.8844444444444444
2.3705555555555557
2.030740740740741
1.9566666666666668
1.8485185185185184
1.8907407407407408
2.321851851851852
1.827962962962963
1.7918518518518518
1.8237037037037036
1.8688888888888888
1.76
2.030740740740741
1.8027777777777778
1.9957407407407408
1.8194444444444444
1.8944444444444444
2.055925925925926
1.6890740740740742
1.9942592592592592
1.8401851851851851
1.7994444444444444
1.949814814814815
1.9985185185185186
1.9470370370370371
1.576111111111111
2.013148148148148
1.7251851851851852
2.1555555555555554
1.9124074074074073
1.8890740740740741
1.819074074074074
1.887037037037037
2.495925925925926
2.119074074074074
1.8057407407407406
1.8468518518518517
2.0433333333333334
1.884074074074074
1.8681481481481481
1.7964814814814816
1.6794444444444445
1.7501851851851853
1.816111111111111
1.6537037037037037
1.673888888888889
1.6066666666666667
1.6901851851851852
1.6522222222222223
1.675185185185185
1.492962962962963
1.6798148148148149
1.8320370370370371
1.8466666666666667
1.7840740740740741
1.5433333333333332
1.635925925925926
1.617962962962963
1.7648148148148148
1.7170370370370371
1.7446296296296295
1.654074074074074
1.7101851851851853
1.8405555555555555
1.4842592592592592
1.8342592592592593
1.5925925925925926
1.4368518518518518
1.7855555555555556
1.9674074074074075
1.6877777777777778
1.4842592592592592
1.7672222222222222
1.5105555555555557
1.5638888888888889
1.4379629629629629
1.6227777777777779
1.510925925925926
1.3040740740740742
1.8455555555555556
1.6372222222222221
1.5138888888888888
2.0574074074074074
1.6262962962962964
1.882962962962963
1.6668518518518518
1.4935185185185185
1.8087037037037037
1.6188888888888888
1.577037037037037
1.6825925925925926
1.5298148148148147
1.5185185185185186
1.5546296296296296
1.6553703703703704
1.5148148148148148
1.6868518518518518
1.6375925925925925
1.7555555555555555
1.5227777777777778
1.4233333333333333
1.3287037037037037
1.2903703703703704
1.3305555555555555
1.4562962962962962
1.6398148148148148
1.2998148148148148
1.4994444444444444
1.6885185185185185
1.7581481481481482
1.7896296296296297
1.5814814814814815
1.316851851851852
1.3112962962962964
1.6166666666666667
1.6214814814814815
1.373888888888889
1.4737037037037037
1.5444444444444445
1.3592592592592592
1.5427777777777778
1.6196296296296295
1.5575925925925926
1.4505555555555556
1.2807407407407407
1.5392592592592593
1.6877777777777778
1.3322222222222222
1.5644444444444445
1.2975925925925926
1.4959259259259259
1.4092592592592592
1.5037037037037038
1.5805555555555555
1.7974074074074073
1.3601851851851852
1.2807407407407407
1.3657407407407407
1.52
1.5611111111111111
1.569074074074074
1.3994444444444445
1.4
1.212037037037037
1.566851851851852
1.4757407407407408
1.5172222222222222
1.635
1.288148148148148
1.5742592592592592
1.4625925925925927
1.3146296296296296
1.5040740740740741
1.4412962962962963
1.278888888888889
1.3605555555555555
1.3768518518518518
1.3612962962962962
1.4268518518518518
1.3327777777777778
1.2738888888888888
1.5844444444444445
1.3235185185185185
1.322962962962963
1.3785185185185185
1.414074074074074
1.363888888888889
1.285
1.9744444444444444
1.652037037037037
1.4866666666666666
1.1062962962962963
1.2774074074074073
1.296851851851852
1.3220370370370371
1.1383333333333334
1.117962962962963
1.357037037037037
1.194074074074074
1.3112962962962964
1.3435185185185186
1.487037037037037
1.203148148148148
1.2862962962962963
1.1946296296296297
1.1957407407407408
1.2268518518518519
1.1814814814814816
1.6207407407407408
1.2292592592592593
1.301111111111111
1.3511111111111112
1.1887037037037036
1.2225925925925927
1.181111111111111
1.0237037037037038
1.3594444444444445
1.0538888888888889
1.1994444444444445
1.3092592592592593
1.2774074074074073
1.3287037037037037
1.1687037037037038
1.3009259259259258
1.0172222222222222
