3.8433333333333333
4.12537037037037
4.629814814814814
4.611296296296296
5.067962962962963
5.018518518518518
4.524444444444445
6.752962962962963
4.5287037037037035
4.027037037037037
4.4164814814814815
5.4346296296296295
4.686296296296296
4.900925925925926
5.24537037037037
4.359814814814815
5.922592592592593
4.444629629629629
5.802777777777778
3.7864814814814816
4.972962962962963
4.7787037037037035
3.874814814814815
4.556666666666667
4.397777777777778
4.552962962962963
3.5216666666666665
4.966481481481481
4.2374074074074075
7.291666666666667
4.163333333333333
4.283703703703703
3.7242592592592594
4.008518518518518
3.9787037037037036
5.338518518518518
4.253888888888889
3.727037037037037
5.872962962962963
3.7455555555555557
4.030185185185185
3.7687037037037037
3.429074074074074
3.75
3.935925925925926
3.4875925925925926
4.876666666666667
3.9944444444444445
3.384259259259259
4.437592592592592
3.8203703703703704
3.651666666666667
3.64962962962963
3.927037037037037
3.346111111111111
3.8433333333333333
3.8851851851851853
3.5235185185185185
3.745740740740741
3.6075925925925927
3.7105555555555556
3.7135185185185184
3.406851851851852
4.032222222222222
3.453333333333333
4.387222222222222
3.7614814814814816
3.3096296296296295
4.1755555555555555
3.9946296296296295
4.184444444444445
4.357407407407408
3.5124074074074074
3.548703703703704
3.7283333333333335
3.757962962962963
3.841851851851852
3.367962962962963
3.275
3.2655555555555558
4.7122222222222225
3.6703703703703705
3.3268518518518517
3.5864814814814814
3.33037037037037
3.696296296296296
5.5872222222222225
3.8470370370370373
3.7074074074074073
3.5387037037037037
3.390185185185185
3.4925925925925925
3.1425925925925924
3.727037037037037
3.3646296296296296
3.1205555555555557
4.224814814814815
3.2448148148148146
3.412037037037037
3.617777777777778
3.7779629629629627
3.4098148148148146
3.3174074074074076
4.039444444444444
3.1975925925925925
3.0055555555555555
3.3553703703703706
3.841851851851852
2.839814814814815
3.8605555555555555
3.4233333333333333
3.5985185185185187
2.84
3.0081481481481482
3.6729629629629628
4.611851851851852
3.7018518518518517
3.7642592592592594
3.1455555555555557
3.5235185185185185
3.7514814814814814
3.183333333333333
2.4833333333333334
2.9185185185185185
3.1483333333333334
3.593148148148148
3.0605555555555557
2.8975925925925927
3.3133333333333335
3.045925925925926
3.2064814814814815
2.829074074074074
2.9403703703703705
3.115
2.7153703703703704
3.3492592592592594
3.127222222222222
2.7979629629629628
3.008888888888889
3.040925925925926
3.732962962962963
2.8333333333333335
2.761851851851852
2.882962962962963
3.5153703703703703
2.9494444444444445
3.0496296296296297
2.960185185185185
2.9846296296296297
3.2688888888888887
2.852777777777778
2.9966666666666666
2.8703703703703702
2.688148148148148
2.705925925925926
2.636111111111111
2.8444444444444446
3.4862962962962962
2.843888888888889
3.0655555555555556
2.853148148148148
3.0296296296296297
2.9894444444444446
2.835185185185185
2.8266666666666667
3.0185185185185186
2.762962962962963
3.1524074074074075
2.675925925925926
2.937222222222222
2.587222222222222
2.8292592592592594
2.7383333333333333
3.781851851851852
2.810185185185185
2.4935185185185187
2.3387037037037035
3.238703703703704
2.9264814814814817
2.497592592592593
2.7814814814814817
2.5046296296296298
2.7955555555555556
3.1196296296296295
2.733888888888889
2.816851851851852
2.9255555555555555
2.939814814814815
2.5853703703703705
2.988703703703704
3.035185185185185
3.073148148148148
2.567962962962963
2.7125925925925927
2.7825925925925925
3.0190740740740742
2.4105555555555553
2.843148148148148
3.5296296296296297
2.8516666666666666
2.7424074074074074
2.6061111111111113
3.1153703703703703
2.9355555555555557
2.888888888888889
3.331111111111111
2.5462962962962963
2.621111111111111
2.655
2.8555555555555556
3.0592592592592593
2.419074074074074
2.527037037037037
3.246111111111111
2.479074074074074
2.734814814814815
2.4303703703703703
2.4435185185185184
2.897962962962963
2.58
3.166851851851852
2.4542592592592594
2.4124074074074073
2.2614814814814816
3.522037037037037
2.7955555555555556
2.9094444444444445
2.785925925925926
2.5477777777777777
2.56037037037037
2.2507407407407407
3.205740740740741
2.370925925925926
2.5192592592592593
2.4292592592592595
3.5753703703703703
2.219259259259259
4.077222222222222
2.5644444444444443
2.938148148148148
2.8755555555555556
2.312777777777778
2.162962962962963
2.4033333333333333
2.7492592592592593
2.5987037037037037
2.020185185185185
2.74
2.4905555555555554
2.149074074074074
2.3874074074074074
3.864074074074074
2.7846296296296296
2.171666666666667
2.1618518518518517
1.7831481481481481
2.4235185185185184
2.390185185185185
2.1085185185185185
1.943148148148148
2.1618518518518517
1.9638888888888888
1.8433333333333333
2.047037037037037
2.1481481481481484
2.4411111111111112
1.8253703703703703
2.6835185185185186
2.58037037037037
2.3566666666666665
2.4764814814814815
2.3153703703703705
2.3187037037037035
1.7557407407407408
1.818148148148148
2.2355555555555555
2.5205555555555557
1.7740740740740741
2.1555555555555554
1.730925925925926
2.086851851851852
2.145185185185185
1.5575925925925926
2.1081481481481483
2.043888888888889
1.9538888888888888
1.8892592592592592
2.1255555555555556
1.866111111111111
2.072037037037037
1.9033333333333333
1.827962962962963
2.003888888888889
1.848148148148148
2.142777777777778
2.0966666666666667
1.7687037037037037
2.0285185185185184
1.93
2.003888888888889
1.9664814814814815
1.7461111111111112
1.824814814814815
1.4918518518518518
1.7822222222222222
2.1907407407407407
1.958888888888889
1.998888888888889
2.4357407407407408
1.6001851851851852
1.8437037037037036
1.8509259259259259
1.7412962962962963
1.8772222222222221
1.8983333333333334
2.087222222222222
2.0572222222222223
1.9342592592592593
1.8172222222222223
1.9490740740740742
2.0137037037037038
1.8196296296296297
1.8387037037037037
1.6025925925925926
1.6131481481481482
1.795
1.7681481481481482
1.729074074074074
1.8112962962962964
1.4961111111111112
1.707962962962963
1.515
1.9538888888888888
1.9681481481481482
1.500925925925926
2.2675925925925924
1.7692592592592593
1.865925925925926
1.7264814814814815
2.0346296296296296
1.8225925925925925
1.9112962962962963
1.8316666666666668
1.5666666666666667
1.7542592592592592
2.0772222222222223
1.6401851851851852
1.8616666666666666
1.6803703703703703
1.5148148148148148
1.9024074074074073
1.8772222222222221
1.7216666666666667
1.5698148148148148
1.8848148148148147
1.8962962962962964
1.6222222222222222
1.4314814814814816
1.5509259259259258
1.8022222222222222
1.9959259259259259
1.6025925925925926
1.4894444444444443
1.7159259259259259
1.6705555555555556
1.8044444444444445
1.5296296296296297
1.3848148148148147
1.9683333333333333
1.808148148148148
1.7864814814814816
1.7633333333333334
1.6248148148148147
1.4505555555555556
1.574814814814815
1.7401851851851853
1.8512962962962962
1.6879629629629629
1.7312962962962963
1.443148148148148
1.854814814814815
1.6912962962962963
1.4142592592592593
1.597962962962963
1.5062962962962962
1.6605555555555556
1.4383333333333332
1.4396296296296296
1.540925925925926
1.5787037037037037
1.4622222222222223
1.522037037037037
1.5572222222222223
1.3475925925925927
1.7761111111111112
1.3827777777777779
1.4824074074074074
2.0342592592592594
1.2957407407407406
1.5218518518518518
1.6377777777777778
1.7016666666666667
1.4757407407407408
1.3262962962962963
1.5018518518518518
1.319074074074074
1.5951851851851853
1.472037037037037
1.6779629629629629
1.345925925925926
1.4214814814814816
1.653888888888889
1.3524074074074075
1.4359259259259258
1.6142592592592593
1.3927777777777777
1.485
1.2275925925925926
1.427037037037037
2.9905555555555554
1.461111111111111
1.6542592592592593
1.4496296296296296
1.5372222222222223
1.3916666666666666
1.4324074074074074
2.4562962962962964
1.3185185185185184
1.1307407407407408
1.3192592592592594
1.4444444444444444
1.4775925925925926
1.4525925925925927
1.2872222222222223
1.3311111111111111
1.3968518518518518
1.5353703703703703
1.3811111111111112
1.5203703703703704
1.4044444444444444
1.1685185185185185
1.2196296296296296
1.277962962962963
1.3242592592592592
1.2618518518518518
1.5735185185185185
1.4162962962962964
1.3507407407407408
1.3531481481481482
1.3833333333333333
1.1755555555555555
1.2755555555555556
1.3855555555555557
1.3351851851851853
1.181851851851852
1.2774074074074073
1.2451851851851852
1.244074074074074
1.3753703703703704
1.1812962962962963
1.0796296296296297
1.3029629629629629
1.1724074074074073
1.140925925925926
1.335
1.396111111111111
1.2216666666666667
1.3737037037037036
1.1698148148148149
1.233148148148148
1.461111111111111
1.255925925925926
1.1946296296296297
1.5509259259259258
1.326111111111111
1.2783333333333333
1.4546296296296297
1.3140740740740742
1.1431481481481482
1.5988888888888888
1.2205555555555556
1.3772222222222221
1.2662962962962963
1.0314814814814814
1.209074074074074
2.107037037037037
1.2446296296296295
1.4603703703703703
1.1859259259259258
1.2116666666666667
1.142962962962963
1.124074074074074
1.2468518518518519
1.2796296296296297
1.0616666666666668
1.2448148148148148
1.3811111111111112
1.5716666666666668
1.0874074074074074
1.1316666666666666
