20754
22277
25001
24901
27367
27100
24432
36466
24455
21746
23849
29347
25306
26465
28325
23543
31982
24001
31335
20447
26854
25805
20924
24606
23748
24586
19017
26819
22882
39375
22482
23132
20111
21646
21485
28828
22971
20126
31714
20226
21763
20351
18517
20250
21254
18833
26334
21570
18275
23963
20630
19719
19708
21206
18069
20754
20980
19027
20227
19481
20037
20053
18397
21774
18648
23691
20312
17872
22548
21571
22596
23530
18967
19163
20133
20293
20746
18187
17685
17634
25446
19820
17965
19367
17984
19960
30171
20774
20020
19109
18307
18860
16970
20126
18169
16851
22814
17522
18425
19536
20401
18413
17914
21813
17267
16230
18119
20746
15335
20847
18486
19432
15336
16244
19834
24904
19990
20327
16986
19027
20258
17190
13410
15760
17001
19403
16527
15647
17892
16448
17315
15277
15878
16821
14663
18086
16887
15109
16248
16421
20158
15300
14914
15568
18983
15927
16468
15985
16117
17652
15405
16182
15500
14516
14612
14235
15360
18826
15357
16554
15407
16360
16143
15310
15264
16300
14920
17023
14450
15861
13971
15278
14787
20422
15175
13465
12629
17489
15803
13487
15020
13525
15096
16846
14763
15211
15798
15875
13961
16139
16390
16595
13867
14648
15026
16303
13017
15353
19060
15399
14809
14073
16823
15852
15600
17988
13750
14154
14337
15420
16520
13063
13646
17529
13387
14768
13124
13195
15649
13932
17101
13253
13027
12212
19019
15096
15711
15044
13758
13826
12154
17311
12803
13604
13118
19307
11984
22017
13848
15866
15528
12489
11680
12978
14846
14033
10909
14796
13449
11605
12892
20866
15037
11727
11674
9629
13087
12907
11386
10493
11674
10605
9954
11054
11600
13182
9857
14491
13934
12726
13373
12503
12521
9481
9818
12072
13611
9580
11640
9347
11269
11584
8411
11384
11037
10551
10202
11478
10077
11189
10278
9871
10821
9980
11571
11322
9551
10954
10422
10821
10619
9429
9854
8056
9624
11830
10578
10794
13153
8641
9956
9995
9403
10137
10251
11271
11109
10445
9813
10525
10874
9826
9929
8654
8711
9693
9548
9337
9781
8079
9223
8181
10551
10628
8105
12245
9554
10076
9323
10987
9842
10321
9891
8460
9473
11217
8857
10053
9074
8180
10273
10137
9297
8477
10178
10240
8760
7730
8375
9732
10778
8654
8043
9266
9021
9744
8260
7478
10629
9764
9647
9522
8774
7833
8504
9397
9997
9115
9349
7793
10016
9133
7637
8629
8134
8967
7767
7774
8321
8525
7896
8219
8409
7277
9591
7467
8005
10985
6997
8218
8844
9189
7969
7162
8110
7123
8614
7949
9061
7268
7676
8931
7303
7754
8717
7521
8019
6629
7706
16149
7890
8933
7828
8301
7515
7735
13264
7120
6106
7124
7800
7979
7844
6951
7188
7543
8291
7458
8210
7584
6310
6586
6901
7151
6814
8497
7648
7294
7307
7470
6348
6888
7482
7210
6382
6898
6724
6718
7427
6379
5830
7036
6331
6161
7209
7539
6597
7418
6317
6659
7890
6782
6451
8375
7161
6903
7855
7096
6173
8634
6591
7437
6838
5570
6529
11378
6721
7886
6404
6543
6172
6070
6733
6910
5733
6722
7458
8487
5872
6111
