34460
25899
31939
26340
23269
21476
22090
31438
26954
25061
22786
21482
38911
34420
24421
24786
28023
29115
28654
30342
27184
22072
21277
21447
21197
23968
19476
20410
25134
27812
24102
29975
23066
23236
19936
32474
26972
18626
21984
22942
30550
22887
18747
28631
22044
24108
20097
31225
25559
21695
22220
21088
26360
29060
18361
22162
21314
20857
19722
18053
21745
19175
20662
24613
17343
20089
25595
22888
23627
23820
21832
19679
27946
24811
19757
18871
21385
17156
18331
19003
19757
24153
19602
20550
21231
17569
18172
17952
16667
18684
17269
18699
19258
14883
17023
16768
17628
20643
19454
19314
21066
18340
19229
24346
16754
19445
19851
20031
22057
17197
18047
19255
18118
20633
16932
17102
18689
15466
17606
17777
20929
16518
20695
18929
15036
15638
16839
16781
17634
18683
22436
18681
18979
17545
18163
18417
18105
18263
16490
15965
19367
17594
17967
17937
16369
17027
19490
16708
18675
16477
19329
14987
15784
16409
16784
16566
15474
16340
16837
15593
15837
15489
16852
14373
14000
18908
13970
15211
14899
14152
13114
15611
15206
15407
18481
16239
15896
14114
14979
14568
12946
13412
15182
13203
13348
13591
14150
12891
14135
19398
16291
16820
15969
13953
15354
14685
13035
12765
13425
13530
13608
14771
13452
17230
13846
12925
14124
12407
11898
13111
12284
14078
13600
14705
11527
14175
13620
13098
12969
13875
13492
12094
14198
11990
12836
11145
12682
11639
11307
12888
13909
14866
11570
12160
16564
12849
9792
12033
16975
11088
14305
11960
10754
13233
12517
11258
12307
11966
13550
10727
12240
10216
10516
12973
11174
13143
10073
13007
10347
10601
12370
11273
11248
10878
11601
12645
11717
10513
11817
13239
12904
9929
10264
11886
9849
12447
10699
10543
11243
10411
11015
11911
11103
11577
10222
10170
17980
11367
12542
13024
10200
11765
11666
10089
9706
10176
12801
10966
10566
9982
10210
12538
9871
9676
9848
10092
9504
10966
9735
10777
9825
10230
11102
9121
10769
9937
9717
10529
10792
10514
8511
10871
9316
11640
10327
10201
9823
10190
13478
11443
9751
9973
11034
10174
10088
9701
9069
9451
9807
8930
9039
8676
9127
8922
9046
8062
9071
9893
9972
9634
8334
8834
8737
9530
9272
9421
8932
9235
9939
8015
9905
8600
7759
9642
10624
9114
8015
9543
8157
8445
7765
8763
8159
7042
9966
8841
8175
11110
8782
10168
9001
8065
9767
8742
8516
9086
8261
8200
8395
8939
8180
9109
8843
9480
8223
7686
7175
6968
7185
7864
8855
7019
8097
9118
9494
9664
8540
7111
7081
8730
8756
7419
7958
8340
7340
8331
8746
8411
7833
6916
8312
9114
7194
8448
7007
8078
7610
8120
8535
9706
7345
6916
7375
8208
8430
8473
7557
7560
6545
8461
7969
8193
8829
6956
8501
7898
7099
8122
7783
6906
7347
7435
7351
7705
7197
6879
8556
7147
7144
7444
7636
7365
6939
10662
8921
8028
5974
6898
7003
7139
6147
6037
7328
6448
7081
7255
8030
6497
6946
6451
6457
6625
6380
8752
6638
7026
7296
6419
6602
6378
5528
7341
5691
6477
7070
6898
7175
6311
7025
5493
