-144093.0
-94972.0
-114006.0
-100738.0
-93016.0
-94631.0
-103495.0
-119810.0
-105112.0
-116277.0
-94004.0
-89519.0
-128416.0
-131359.0
-103371.0
-92142.0
-118537.0
-117321.0
-128314.0
-109205.0
-113304.0
-98747.0
-92702.0
-86397.0
-90923.0
-101556.0
-71835.0
-91283.0
-91747.0
-149654.0
-102064.0
-119358.0
-92061.0
-97019.0
-81772.0
-112044.0
-109811.0
-77505.0
-114347.0
-89555.0
-109527.0
-91093.0
-76468.0
-116917.0
-73734.0
-83753.0
-70269.0
-103278.0
-85319.0
-76434.0
-90348.0
-78853.0
-100832.0
-107832.0
-73192.0
-89869.0
-100269.0
-76739.0
-75959.0
-69409.0
-78491.0
-76880.0
-77418.0
-97367.0
-68269.0
-86305.0
-101459.0
-82397.0
-94432.0
-92296.0
-91922.0
-76801.0
-105451.0
-82242.0
-74945.0
-88512.0
-92071.0
-77154.0
-83847.0
-78456.0
-76533.0
-102489.0
-68050.0
-76006.0
-90062.0
-67625.0
-82775.0
-74173.0
-66576.0
-68849.0
-72825.0
-75128.0
-77168.0
-61261.0
-71355.0
-67656.0
-67205.0
-75259.0
-70695.0
-75558.0
-82271.0
-88722.0
-74671.0
-95058.0
-64987.0
-65320.0
-66085.0
-86294.0
-85486.0
-71095.0
-76948.0
-71405.0
-75927.0
-81522.0
-66106.0
-79327.0
-76807.0
-59710.0
-70410.0
-75636.0
-82256.0
-68194.0
-70369.0
-77268.0
-55292.0
-69194.0
-58257.0
-53013.0
-66263.0
-76485.0
-84695.0
-60810.0
-83936.0
-63301.0
-64148.0
-61816.0
-69830.0
-69998.0
-61836.0
-60454.0
-67098.0
-65416.0
-58935.0
-66614.0
-61987.0
-64906.0
-63959.0
-53263.0
-65502.0
-64904.0
-61908.0
-62913.0
-57579.0
-63649.0
-65305.0
-62008.0
-57020.0
-65633.0
-65250.0
-55279.0
-58572.0
-53026.0
-64488.0
-69172.0
-52862.0
-75956.0
-54509.0
-61934.0
-53284.0
-53460.0
-49129.0
-54920.0
-60550.0
-67091.0
-70119.0
-52620.0
-69123.0
-60701.0
-54339.0
-52749.0
-49810.0
-51658.0
-61845.0
-50479.0
-62973.0
-56888.0
-56768.0
-47785.0
-54100.0
-69643.0
-67073.0
-65111.0
-59634.0
-70910.0
-52647.0
-57370.0
-51680.0
-48813.0
-52983.0
-55277.0
-50339.0
-48799.0
-52781.0
-57671.0
-56653.0
-44554.0
-58643.0
-52953.0
-51690.0
-54721.0
-58590.0
-52509.0
-48774.0
-57623.0
-55184.0
-57737.0
-53028.0
-51450.0
-58095.0
-53543.0
-50772.0
-51233.0
-45322.0
-44245.0
-48434.0
-36434.0
-56601.0
-38946.0
-46139.0
-49306.0
-57424.0
-63878.0
-50646.0
-57352.0
-66207.0
-50171.0
-40936.0
-55276.0
-60468.0
-51849.0
-50125.0
-45166.0
-42912.0
-47379.0
-49457.0
-46139.0
-42508.0
-44550.0
-44284.0
-39363.0
-55380.0
-36279.0
-39557.0
-56649.0
-38368.0
-52939.0
-35500.0
-52869.0
-41760.0
-36945.0
-41953.0
-46923.0
-36388.0
-36761.0
-54628.0
-42878.0
-43986.0
-49080.0
-43179.0
-54179.0
-58587.0
-37286.0
-42352.0
-44563.0
-38738.0
-46191.0
-41168.0
-39726.0
-37866.0
-42353.0
-38630.0
-43665.0
-34768.0
-54100.0
-38557.0
-34189.0
-56969.0
-49269.0
-44340.0
-50175.0
-41024.0
-52284.0
-40023.0
-38509.0
-39598.0
-33572.0
-40618.0
-45226.0
-35588.0
-40185.0
-35334.0
-51722.0
-40457.0
-38889.0
-38845.0
-49244.0
-36935.0
-43217.0
-36452.0
-40034.0
-30960.0
-37771.0
-36759.0
-32122.0
-43468.0
-32315.0
-44670.0
-42698.0
-36048.0
-39404.0
-30132.0
-44292.0
-31008.0
-46175.0
-35246.0
-37981.0
-35474.0
-38879.0
-45204.0
-44819.0
-43957.0
-32145.0
-44555.0
-37200.0
-40630.0
-48007.0
-36957.0
-39494.0
-32211.0
-35327.0
-34155.0
-37267.0
-35830.0
-36865.0
-35536.0
-41324.0
-35732.0
-35771.0
-29640.0
-40278.0
-37018.0
-33216.0
-27931.0
-37626.0
-37104.0
-32516.0
-36304.0
-28759.0
-42752.0
-39262.0
-40214.0
-33212.0
-31930.0
-38034.0
-40632.0
-41442.0
-31163.0
-31322.0
-31602.0
-29771.0
-26689.0
-31864.0
-34075.0
-28621.0
-35841.0
-28433.0
-24584.0
-45772.0
-37228.0
-35878.0
-32469.0
-28827.0
-33067.0
-32113.0
-36221.0
-44740.0
-29229.0
-41360.0
-28215.0
-29290.0
-33789.0
-33939.0
-36324.0
-33842.0
-36259.0
-32087.0
-31604.0
-35778.0
-30052.0
-27360.0
-32262.0
-31816.0
-30008.0
-38867.0
-30531.0
-31174.0
-32092.0
-27498.0
-23710.0
-27500.0
-31625.0
-26699.0
-26065.0
-29567.0
-28483.0
-30054.0
-37739.0
-25986.0
-32925.0
-34062.0
-34492.0
-27397.0
-27218.0
-29941.0
-25086.0
-28273.0
-30522.0
-32283.0
-37967.0
-32477.0
-25753.0
-28850.0
-24525.0
-30460.0
-29526.0
-28497.0
-30402.0
-24522.0
-23391.0
-31923.0
-29779.0
-28993.0
-29752.0
-25461.0
-29900.0
-31249.0
-28570.0
-40635.0
-22121.0
-23540.0
-31348.0
-25409.0
-27387.0
-24370.0
-29417.0
-21447.0
-30098.0
-27925.0
-26557.0
-31618.0
-26778.0
-26432.0
-21770.0
-36464.0
-30984.0
-35922.0
-18844.0
-23322.0
-25519.0
-24149.0
-23664.0
-26911.0
-35328.0
-21043.0
-29045.0
-23038.0
-29420.0
-23405.0
-21413.0
-42137.0
-23354.0
-28401.0
-22637.0
-35103.0
-24260.0
-28940.0
-32545.0
-29911.0
-23394.0
-19541.0
-19252.0
-32337.0
-23016.0
-27466.0
-23674.0
-25336.0
-25115.0
-28432.0
-26320.0
-21362.0
