-210563.0
-226366.0
-236531.0
-189194.0
-200617.0
-194569.0
-148421.0
-223284.0
-146629.0
-148010.0
-140035.0
-206628.0
-155162.0
-157636.0
-173805.0
-211222.0
-159474.0
-160628.0
-164419.0
-191651.0
-175999.0
-181020.0
-168166.0
-168172.0
-133286.0
-130486.0
-250260.0
-172706.0
-195137.0
-268744.0
-176288.0
-142730.0
-200408.0
-142465.0
-255748.0
-164682.0
-136187.0
-172994.0
-257738.0
-156230.0
-161947.0
-115965.0
-207076.0
-144210.0
-177657.0
-120777.0
-161236.0
-176198.0
-161614.0
-173231.0
-128803.0
-166798.0
-140328.0
-127358.0
-173042.0
-151690.0
-159912.0
-111947.0
-141978.0
-134115.0
-132226.0
-142072.0
-134622.0
-184478.0
-155403.0
-148329.0
-195327.0
-148152.0
-159695.0
-129377.0
-162299.0
-136754.0
-137566.0
-208746.0
-126377.0
-253458.0
-144956.0
-164367.0
-150551.0
-140258.0
-130918.0
-115772.0
-141055.0
-178833.0
-125312.0
-122014.0
-190347.0
-159103.0
-133736.0
-138107.0
-144439.0
-111966.0
-134132.0
-125952.0
-133693.0
-112842.0
-142904.0
-153767.0
-129813.0
-171649.0
-147107.0
-140214.0
-137833.0
-151813.0
-139009.0
-131831.0
-152475.0
-136115.0
-147165.0
-152985.0
-156019.0
-133369.0
-92167.0
-133030.0
-127958.0
-149370.0
-160776.0
-141443.0
-142332.0
-127797.0
-158619.0
-154889.0
-110417.0
-121176.0
-115428.0
-122119.0
-113177.0
-158288.0
-124881.0
-144460.0
-143460.0
-160293.0
-137585.0
-130294.0
-148473.0
-131843.0
-131196.0
-137194.0
-166353.0
-166916.0
-100284.0
-146532.0
-177908.0
-125523.0
-155882.0
-104184.0
-101035.0
-113081.0
-174696.0
-118011.0
-111626.0
-140133.0
-111812.0
-175959.0
-101223.0
-115042.0
-149605.0
-129054.0
-117298.0
-193546.0
-159098.0
-142251.0
-173519.0
-168648.0
-132479.0
-139992.0
-136714.0
-122346.0
-137969.0
-150471.0
-133909.0
-106603.0
-107576.0
-123769.0
-119832.0
-135175.0
-171600.0
-163453.0
-124387.0
-114828.0
-133127.0
-100222.0
-111056.0
-104699.0
-144358.0
-168059.0
-157912.0
-137425.0
-123348.0
-154060.0
-103935.0
-117954.0
-121295.0
-124576.0
-108765.0
-130242.0
-131239.0
-138990.0
-175759.0
-129690.0
-111751.0
-91256.0
-187441.0
-135329.0
-167215.0
-144598.0
-104540.0
-143556.0
-126752.0
-126475.0
-164027.0
-149764.0
-108696.0
-111608.0
-116298.0
-122477.0
-124133.0
-127698.0
-137106.0
-131229.0
-134412.0
-115561.0
-106460.0
-124961.0
-111436.0
-126320.0
-151660.0
-115238.0
-129501.0
-137272.0
-112864.0
-154478.0
-138459.0
-118673.0
-142766.0
-120284.0
-128047.0
-127774.0
-110440.0
-130911.0
-140739.0
-126238.0
-117780.0
-149010.0
-117783.0
-139300.0
-103506.0
-126011.0
-122913.0
-126920.0
-112331.0
-190586.0
-155775.0
-150216.0
-132655.0
-128612.0
-139415.0
-145052.0
-97189.0
-82278.0
-110874.0
-152994.0
-139067.0
-91292.0
-111069.0
-133537.0
-109882.0
-131275.0
-141513.0
-148276.0
-116068.0
-121710.0
-145207.0
-110461.0
-144827.0
-178803.0
-136770.0
-134684.0
-129946.0
-113822.0
-103888.0
-96682.0
-103802.0
-113075.0
-128048.0
-80286.0
-93673.0
-105027.0
-105347.0
-137215.0
-105587.0
-94918.0
-127873.0
-91441.0
-132433.0
-166698.0
-191969.0
-170070.0
-127724.0
-110777.0
-102822.0
-118440.0
-155178.0
-90089.0
-128460.0
-116946.0
-99507.0
-123601.0
-110157.0
-112923.0
-131562.0
-113498.0
-117886.0
-145811.0
-148242.0
-164908.0
-144882.0
-123158.0
-153459.0
-132061.0
-128453.0
-134614.0
-181571.0
-114322.0
-124117.0
-161970.0
-103970.0
-133490.0
-125030.0
-134050.0
-105603.0
-111885.0
-112046.0
-158897.0
-139324.0
-125102.0
-122710.0
-128528.0
-142683.0
-148703.0
-113099.0
-169185.0
-126619.0
-160196.0
-130602.0
-173968.0
-114512.0
-112378.0
-131271.0
-123644.0
-142042.0
-171995.0
-138212.0
-140398.0
-195375.0
-123559.0
-106157.0
-128698.0
-152675.0
-112203.0
-109473.0
-130770.0
-130640.0
-169339.0
-110324.0
-156225.0
-161371.0
-141574.0
-150396.0
-145735.0
-115957.0
-166278.0
-148737.0
-110250.0
-128498.0
-123556.0
-119611.0
-145399.0
-124205.0
-147297.0
-107050.0
-154867.0
-146627.0
-141960.0
-179164.0
-129687.0
-182614.0
-170428.0
-157393.0
-113791.0
-156532.0
-115062.0
-108883.0
-134668.0
-226428.0
-156333.0
-204787.0
-225929.0
-188604.0
-157825.0
-202167.0
-247558.0
-175344.0
-184213.0
-93421.0
-120315.0
-124012.0
-181341.0
-146648.0
-153742.0
-188293.0
-209332.0
-188264.0
-151520.0
-179350.0
-189122.0
-225071.0
-131526.0
-165593.0
-130420.0
-121931.0
-158953.0
-124431.0
-163398.0
-127584.0
-129725.0
-162162.0
-147853.0
-144451.0
-181650.0
-180966.0
-289774.0
-208693.0
-270607.0
-343564.0
-299986.0
-210703.0
-198965.0
-147250.0
-223150.0
-212633.0
-150762.0
-153951.0
-149610.0
-108336.0
-118743.0
-143220.0
-174101.0
-177101.0
-168380.0
-196073.0
-210435.0
-312967.0
-286353.0
-181007.0
-224707.0
-212607.0
-205194.0
-194775.0
-174082.0
-658813.0
-352074.0
-189929.0
-161297.0
-208148.0
-175589.0
-245513.0
-242905.0
-208337.0
-382161.0
-232289.0
-272800.0
-223430.0
-199764.0
-207366.0
-174827.0
-271235.0
-168467.0
-226997.0
-318944.0
-248594.0
-507513.0
-357158.0
-194225.0
-246713.0
-159450.0
-163160.0
-175881.0
-152291.0
-144143.0
-126841.0
-216371.0
-212457.0
-268885.0
-207766.0
-179203.0
-227809.0
-353640.0
-336676.0
-399966.0
