267408
291910
290872
252072
271798
260501
216364
289653
204161
211995
201031
267491
217088
231348
242758
274665
224966
222548
215173
252107
247507
240786
235149
228809
187349
187539
316970
237760
257043
318455
245122
204913
263709
205949
308071
227972
191508
241508
340743
218852
225982
171241
278387
203463
253685
175842
231819
226895
223792
240355
193031
231718
198886
183143
240942
216370
225903
176790
202800
196522
184052
204885
190639
247807
224356
209154
269874
216060
212146
190788
223961
197175
200629
288434
184165
314819
211053
221079
214372
216010
192857
178339
199821
258327
192599
182362
259888
228217
207077
207269
213691
179307
195885
193282
202217
181531
207396
221298
189393
248358
206572
198387
199320
216254
199175
193158
219365
191391
209558
228161
218947
202281
144861
190450
185600
210108
233314
200902
206959
191196
224241
222721
170034
183674
178122
181525
172723
227964
192213
213913
206482
232747
208473
200577
221120
200473
203486
205636
238736
240670
157085
212197
242758
188609
216578
166062
156846
176106
242304
182558
172594
207636
170569
245262
155601
175772
203169
194111
179950
281190
226214
212764
250685
234688
198044
207592
203220
176303
196338
210538
198772
163965
163255
182398
175088
202862
243657
233553
180021
171288
189968
164188
175157
168138
211824
253057
224090
204781
182897
230126
158203
174103
175723
181634
161850
192414
183935
198264
230632
190492
169197
143247
262062
200700
232737
209225
162012
210627
196114
179549
225518
210431
166313
169412
176689
181934
185778
190425
210025
197963
197139
174378
157273
180716
170399
190054
218396
177823
191412
206087
174097
230828
208027
182445
217405
188950
186964
195577
177375
192227
206212
183841
177917
224302
183454
192667
155848
188046
183496
182310
170124
261681
229445
216779
201844
183419
208305
209311
145940
132239
178382
233038
209912
144989
169001
197556
166391
209141
212440
227028
177873
197022
219928
169848
210970
252778
197188
214575
190741
174212
170433
157982
166832
173258
198077
130553
149683
163180
165820
211511
171837
156244
196804
154066
191934
243395
273944
250572
191435
170249
158768
176803
214046
145258
193552
182146
159356
187112
176485
166772
205791
175925
189283
217169
216943
236393
223922
195979
229877
194379
197494
206278
263122
180804
200244
232512
159566
188889
195853
203279
166117
169196
169951
230064
199695
188693
188985
184063
195545
213617
174655
240598
181459
229389
193207
258934
183511
182396
199581
180743
216589
254043
206593
200529
255773
183162
161688
190783
216723
179021
171184
199965
195924
234661
165806
231315
242014
210691
236116
222634
187693
261551
229062
170241
193343
188032
179434
209752
182194
221718
167344
213790
218531
199326
255779
201060
271513
241921
246412
173615
237807
178309
171387
193639
296161
220349
261896
298238
262259
221709
274235
318802
244712
239551
147000
184620
178989
249041
210248
231389
267673
295178
274957
221565
261388
267568
294913
185312
247917
193990
192611
227846
188917
223252
193664
202663
231913
221489
216700
256847
243379
404965
297611
386731
444223
389133
287332
296405
221167
303716
287609
207681
219827
234831
171337
183842
206829
245382
244489
227076
267368
264536
405128
381604
252833
311213
302596
279070
265839
242033
713891
449202
271910
232239
291573
245486
338754
340530
299312
475862
320525
377855
298675
275159
284463
247780
341934
236537
303520
375097
322753
575700
434338
253583
321137
220429
231469
257881
223143
205983
183318
290329
290405
361740
277206
243760
312374
429436
428231
506186
