49.52
54.05740740740741
53.86518518518518
46.68
50.33296296296297
48.24092592592593
40.06740740740741
53.63944444444444
37.80759259259259
39.25833333333333
37.22796296296296
49.53537037037037
40.20148148148148
42.84222222222222
44.95518518518519
50.86388888888889
41.66037037037037
41.21259259259259
39.84685185185185
46.68648148148148
45.83462962962963
44.59
43.54611111111111
42.37203703703704
34.69425925925926
34.72944444444445
58.69814814814815
44.02962962962963
47.60055555555556
58.97314814814815
45.39296296296296
37.946851851851854
48.835
38.138703703703705
57.050185185185185
42.21703703703704
35.464444444444446
44.723703703703706
63.10055555555556
40.52814814814815
41.84851851851852
31.711296296296297
51.553148148148146
37.678333333333335
46.9787037037037
32.56333333333333
42.92944444444444
42.01759259259259
41.442962962962966
44.510185185185186
35.74648148148148
42.91074074074074
36.830740740740744
33.91537037037037
44.61888888888889
40.068518518518516
41.833888888888886
32.73888888888889
37.55555555555556
36.39296296296296
34.083703703703705
37.94166666666667
35.303518518518516
45.89018518518518
41.547407407407405
38.73222222222222
49.97666666666667
40.01111111111111
39.2862962962963
35.33111111111111
41.474259259259256
36.513888888888886
37.15351851851852
53.4137037037037
34.10462962962963
58.299814814814816
39.083888888888886
40.940555555555555
39.69851851851852
40.00185185185185
35.71425925925926
33.025740740740744
37.00388888888889
47.83833333333333
35.66648148148148
33.77074074074074
48.12740740740741
42.26240740740741
38.34759259259259
38.383148148148145
39.572407407407404
33.205
36.275
35.79296296296296
37.44759259259259
33.616851851851855
38.406666666666666
40.98111111111111
35.07277777777778
45.992222222222225
38.254074074074076
36.73833333333334
36.91111111111111
40.047037037037036
36.88425925925926
35.77
40.62314814814815
35.44277777777778
38.807037037037034
42.252037037037034
40.54574074074074
37.45944444444444
26.82611111111111
35.26851851851852
34.370370370370374
38.90888888888889
43.206296296296294
37.20407407407407
38.32574074074074
35.406666666666666
41.52611111111111
41.24462962962963
31.48777777777778
34.013703703703705
32.98555555555556
33.61574074074074
31.98574074074074
42.215555555555554
35.595
39.61351851851852
38.23740740740741
43.1012962962963
38.60611111111111
37.14388888888889
40.94814814814815
37.12462962962963
37.68259259259259
38.080740740740744
44.21037037037037
44.568518518518516
29.089814814814815
39.29574074074074
44.95518518518519
34.927592592592596
40.10703703703704
30.752222222222223
29.045555555555556
32.61222222222222
44.87111111111111
33.807037037037034
31.96185185185185
38.45111111111111
31.58685185185185
45.41888888888889
28.815
32.55037037037037
37.62388888888889
35.946481481481484
33.324074074074076
52.07222222222222
41.891481481481485
39.400740740740744
46.42314814814815
43.46074074074074
36.674814814814816
38.442962962962966
37.63333333333333
32.6487037037037
36.35888888888889
38.98851851851852
36.80962962962963
30.363888888888887
30.232407407407408
33.77740740740741
32.4237037037037
37.56703703703704
45.12166666666667
43.25055555555556
33.33722222222222
31.72
35.17925925925926
30.405185185185186
32.43648148148148
31.136666666666667
39.22666666666667
46.86240740740741
41.49814814814815
37.922407407407405
33.869814814814816
42.61592592592593
29.29685185185185
32.2412962962963
32.541296296296295
33.635925925925925
29.97222222222222
35.632222222222225
34.06203703703704
36.715555555555554
42.70962962962963
35.276296296296294
31.33277777777778
26.52722222222222
48.53
37.166666666666664
43.099444444444444
38.745370370370374
30.002222222222223
39.005
36.31740740740741
33.24981481481481
41.76259259259259
38.9687037037037
30.798703703703705
31.372592592592593
32.72018518518519
33.69148148148148
34.403333333333336
35.263888888888886
38.89351851851852
36.659814814814816
36.507222222222225
32.29222222222222
29.12462962962963
33.46592592592592
31.55537037037037
35.19518518518519
40.443703703703704
32.93018518518519
35.446666666666665
38.16425925925926
32.24018518518518
42.745925925925924
38.52351851851852
33.78611111111111
40.260185185185186
34.99074074074074
34.622962962962966
36.217962962962964
32.84722222222222
35.59759259259259
38.187407407407406
34.04462962962963
32.94759259259259
41.53740740740741
33.97296296296296
35.67907407407407
28.86074074074074
34.82333333333333
33.98074074074074
33.76111111111111
31.504444444444445
48.45944444444444
42.489814814814814
40.14425925925926
37.37851851851852
33.96648148148148
38.575
38.761296296296294
27.025925925925925
24.488703703703703
33.0337037037037
43.15518518518518
38.87259259259259
26.849814814814813
31.296481481481482
36.58444444444444
30.813148148148148
38.729814814814816
39.34074074074074
42.04222222222222
32.93944444444445
36.48555555555556
40.727407407407405
31.453333333333333
39.068518518518516
46.81074074074074
36.5162962962963
39.736111111111114
35.322407407407404
32.26148148148148
31.561666666666667
29.255925925925926
30.894814814814815
32.08481481481481
36.680925925925926
24.17648148148148
27.719074074074076
30.21851851851852
30.70740740740741
39.168703703703706
31.821666666666665
28.934074074074076
36.44518518518519
28.53074074074074
35.54333333333334
45.07314814814815
50.73037037037037
46.40222222222222
35.45092592592592
31.527592592592594
29.401481481481483
32.7412962962963
39.63814814814815
26.89962962962963
35.842962962962964
33.73074074074074
29.51037037037037
34.65037037037037
32.68240740740741
30.883703703703702
38.10944444444444
32.5787037037037
35.05240740740741
40.21648148148148
40.17462962962963
43.77648148148148
41.46703703703704
36.29240740740741
42.56981481481481
35.99611111111111
36.57296296296296
38.19962962962963
48.7262962962963
33.48222222222222
37.08222222222222
43.05777777777778
29.54925925925926
34.97944444444445
36.26907407407408
37.64425925925926
30.76240740740741
31.332592592592594
31.472407407407406
42.60444444444445
36.980555555555554
34.94314814814815
34.99722222222222
34.08574074074074
36.212037037037035
39.558703703703706
32.34351851851852
44.55518518518519
33.60351851851852
42.47944444444445
35.779074074074074
47.95074074074074
33.983518518518515
33.77703703703704
36.95944444444444
33.470925925925926
40.10907407407407
47.045
38.257962962962964
37.135
47.36537037037037
33.91888888888889
29.942222222222224
35.33018518518519
40.13388888888889
33.15203703703704
31.70074074074074
37.03055555555556
36.282222222222224
43.455740740740744
30.704814814814814
42.83611111111111
44.81740740740741
39.016851851851854
43.72518518518518
41.22851851851852
34.757962962962964
48.43537037037037
42.41888888888889
31.52611111111111
35.80425925925926
34.82074074074074
33.22851851851852
38.842962962962964
33.73962962962963
41.05888888888889
30.98962962962963
39.59074074074074
40.4687037037037
36.91222222222222
47.36648148148148
37.233333333333334
50.28018518518518
44.800185185185185
45.63185185185185
32.150925925925925
44.038333333333334
33.020185185185184
31.738333333333333
35.85907407407407
54.84462962962963
40.80537037037037
48.49925925925926
55.22925925925926
48.56648148148148
41.05722222222222
50.78425925925926
59.03740740740741
45.31703703703704
44.361296296296295
27.22222222222222
34.18888888888889
33.14611111111111
46.1187037037037
38.934814814814814
42.84981481481481
49.569074074074074
54.662592592592596
50.91796296296296
41.03055555555556
48.40518518518518
49.54962962962963
54.61351851851852
34.31703703703704
45.910555555555554
35.92407407407408
35.668703703703706
42.193703703703704
34.98462962962963
41.342962962962964
35.863703703703706
37.53018518518518
42.946851851851854
41.016481481481485
40.129629629629626
47.56425925925926
45.07018518518519
74.99351851851851
55.11314814814815
71.61685185185185
82.26351851851852
72.06166666666667
53.20962962962963
54.88981481481481
40.95685185185185
56.2437037037037
53.260925925925925
38.45944444444444
40.708703703703705
43.48722222222222
31.729074074074074
34.04481481481481
38.30166666666667
45.44111111111111
45.275740740740744
42.05111111111111
49.51259259259259
48.98814814814815
75.0237037037037
70.66740740740741
46.82092592592593
57.63203703703704
56.0362962962963
51.67962962962963
49.22944444444445
44.82092592592593
132.20203703703703
83.18555555555555
50.3537037037037
43.007222222222225
53.995
45.46037037037037
62.73222222222222
63.06111111111111
55.428148148148146
88.1225925925926
59.35648148148148
69.97314814814816
55.31018518518518
50.95537037037037
52.678333333333335
45.885185185185186
63.32111111111111
43.803148148148146
56.20740740740741
69.46240740740741
59.76907407407408
106.61111111111111
80.43296296296296
46.95981481481481
59.46981481481482
40.82018518518519
42.86462962962963
47.75574074074074
41.32277777777778
38.145
33.94777777777778
53.76462962962963
53.778703703703705
66.9888888888889
51.33444444444444
45.14074074074074
57.84703703703704
79.52518518518518
79.30203703703704
93.73814814814814
