387233
387831
401462
358947
489435
342283
359018
454208
470735
427480
454705
397088
472616
367236
430244
341773
445529
443564
405896
298270
379751
351607
408586
325917
398406
400375
427892
327161
416893
391547
383904
365899
410343
387331
456276
399950
377673
317950
413366
333336
496780
361819
462587
359317
304623
328639
496503
317907
435178
380062
304690
352091
433981
450381
344255
370525
298323
627874
444874
304366
448441
413650
386616
410450
411110
394026
411149
295130
412489
344886
533277
492620
308892
415399
339129
389965
388244
341560
365613
503930
374737
319913
349388
306282
343065
335301
317192
345384
390953
353721
301608
462138
419352
395422
360398
378827
524925
310579
286865
325588
361933
345795
348707
317892
369714
358138
332586
355101
334800
343391
336638
391945
243823
305768
379374
398860
462710
266300
354966
367347
275182
334110
287432
358145
325897
276356
344619
359424
405901
357867
330268
369579
391853
498013
311269
276735
306113
429015
401380
313167
439428
279521
374870
339792
290453
303652
317004
277794
383873
344392
387185
331129
356346
324957
267095
302858
295874
339646
350437
357053
305081
289929
344021
288495
336042
288772
323494
248153
336102
263177
326190
384631
432664
351249
355004
269347
350019
303336
358146
310322
267471
518384
301162
292709
265494
342983
327771
259050
310417
361691
348234
230417
248983
289591
359303
330795
391423
339130
382262
273334
371168
317229
299615
319548
299041
328062
356601
289734
274215
282368
329196
267531
262099
251743
346360
302393
239273
268699
244407
283399
239633
257409
304741
530235
363573
301220
350434
486278
237051
262646
239948
296861
314363
286016
285178
241798
300452
288183
292899
296660
243305
338258
237569
279215
362960
346956
230417
331502
303628
246846
292181
318490
275069
311643
269034
253068
241326
274747
261682
256317
253963
246758
294992
317276
333582
353731
253294
273019
344880
340807
251863
316147
328415
204657
245403
240666
273937
260604
242718
206644
274086
241692
214728
222548
304617
279118
263150
267101
348209
318356
287000
240567
267983
353058
271866
276696
245675
277147
231690
249181
276402
221398
277012
297585
244978
244901
271910
272453
265755
305608
253658
349365
327172
270396
273954
394897
236518
268477
216095
224358
177072
231752
366619
360100
276506
300263
230446
362469
271559
242985
210086
295600
247590
355018
286733
384914
394111
233193
228410
249859
328572
280149
259203
215690
247912
286153
346771
260992
288899
309438
339048
304587
268522
369146
320493
299065
294087
217231
251389
280209
271491
235481
341854
236687
223690
231743
235184
234114
337192
268026
237542
322884
292412
235992
282772
220968
293200
233881
361695
413081
264011
231245
233054
247192
300492
251801
282947
232596
208610
203316
197061
239288
200531
389336
334952
254736
248254
246246
262106
225390
228332
239816
244230
200810
225759
222567
268842
234413
245973
288054
252562
298830
313389
223969
239314
212980
228976
209860
260658
224098
275790
241545
253770
290944
288866
221605
278970
206443
226462
238141
219020
370862
386598
380206
280383
321444
224034
230607
182890
199726
239852
242178
294071
230564
212243
301273
235927
236182
217632
237513
377832
295977
223458
213658
228432
210049
244741
283490
287697
339483
266984
290631
270818
275320
313896
236877
248590
239525
191633
180480
220795
222813
257245
230765
226705
189710
224660
211184
219893
207711
242867
214325
231035
237001
237340
185873
201333
194977
200921
183167
222357
200579
227806
196766
208120
240624
216939
184385
180935
229684
222736
215434
227512
258665
317009
307865
285453
241431
217315
274242
310273
204133
199139
237906
228480
204074
202256
254832
233846
189068
208693
283844
222038
198362
224824
204299
199355
216666
221567
179092
194282
208435
209414
190610
233789
203640
200029
189900
186293
236477
246323
210226
216944
205179
215044
234374
251392
269393
232076
275547
294131
298389
417538
330525
258089
241917
207959
233943
194923
212379
242322
179778
205427
224073
211007
254698
227508
266346
266845
247555
210608
197495
207681
230941
209904
216375
204045
243377
218109
185654
176467
194163
192486
200657
265049
213362
182531
217458
218849
210389
194320
178437
207702
204375
189476
169717
212282
243560
246274
311937
216466
195625
199173
242344
200089
237994
181200
200542
180351
209362
218695
175077
199856
224137
206666
164748
243234
169630
207722
185690
177463
201129
186788
256865
219969
212233
218890
215046
227964
205853
210700
261403
217817
206673
201536
183045
182835
182060
180514
196656
180697
190606
207608
191533
185313
210531
199562
185868
183043
199346
201382
185739
201292
200747
209628
213846
226436
233018
267019
244114
239275
204036
181935
195249
194964
187031
203494
164179
197480
181077
201831
199353
232965
248302
195310
231393
200841
190087
182507
178217
191793
185918
175746
176360
213222
221289
188811
175485
216133
199343
202449
193460
195866
171014
181220
187748
202362
204673
215852
220632
213160
224132
172393
209991
168914
214359
168626
216943
151611
220623
195317
191746
206491
194386
206654
261339
146524
189551
193829
168924
236010
193245
219261
234095
219083
149821
187851
181872
179715
185624
195143
173517
170045
207382
191411
179541
177124
188466
237723
201396
312160
322446
225107
263034
165089
152621
211601
189404
182882
210139
187528
221668
238302
231641
269122
196886
230990
171147
200488
174048
185263
203644
190205
181597
239349
180099
195895
206753
196995
275968
219041
211160
238723
207964
220105
229118
217848
169206
213954
240727
253048
213939
200218
192344
201988
201574
219418
201942
197658
180210
200714
182734
227748
216040
169695
204986
226219
176923
188812
164649
198356
254748
202515
234236
186934
182063
178554
168151
213111
176442
242910
206811
199820
191566
210392
204792
163088
162064
162535
219384
211707
231015
753846
245722
280705
172420
226355
329388
285927
267116
272445
190352
199311
210917
238942
239156
314645
277054
321100
224921
223130
288926
310517
254468
307275
244119
279171
223776
245782
175704
290379
243511
221128
246714
299089
202693
207486
252130
170802
202690
239659
170639
245470
187194
162211
222599
198492
195194
287019
195455
226038
189207
329097
203186
205544
224193
228099
188686
198670
248046
216250
330270
221255
243219
169002
177138
167325
279925
329000
261978
252632
237701
296242
324756
262626
283132
686069
308365
234440
277616
199695
350076
195849
206170
283326
217174
250959
360267
312857
350439
264294
274800
192536
214739
170450
221938
184619
234691
234104
245588
339168
250705
212867
286621
276449
292679
233654
197859
218815
284740
236863
300372
281410
221935
322611
363425
325613
269709
226433
191612
169029
193359
251750
238358
310134
281148
215653
198682
220083
191640
245767
209909
214443
290717
181137
225259
206306
270512
223854
242154
228119
210577
256863
191962
221533
261054
321273
265239
190839
215043
213987
227663
231328
199044
209007
200676
218042
210262
190317
199281
185097
248891
180735
232102
200087
209854
218462
216081
333261
443109
325499
418136
367249
351673
194506
292755
311168
267162
304910
219542
257384
284933
282050
285354
237539
294430
243225
384861
275871
233915
243241
312078
228192
290933
258403
205095
222326
253240
216517
163091
197006
189862
202187
214320
248734
204820
219160
207557
251063
176628
255650
194803
211951
178102
221794
199420
167888
186409
219275
163766
281332
270895
214519
180181
181503
268495
242101
231527
199338
218369
179664
173404
156623
185798
174175
263804
248491
186777
236250
176856
191131
175475
165230
178980
154025
173908
177470
169427
162786
178166
188176
233452
218323
215575
246986
207686
250133
229116
283924
301055
222892
160441
159882
140164
191711
153539
202916
173431
139705
200204
208683
184598
158977
180883
186468
211070
165877
177294
155414
201529
155789
157233
228353
205684
291137
442772
194823
152713
228553
331855
335502
204680
174234
205381
163613
220494
212281
252856
175249
209262
214314
161159
286286
240831
294772
216637
181789
290150
215219
242222
202772
171602
182187
172945
165239
218457
332316
346379
297463
239625
180490
228362
260511
335216
308295
244182
169144
228452
207238
177309
180045
167622
181169
137179
175025
174997
204723
178555
149914
163147
175560
174679
144093
180766
137885
171680
251202
175863
196627
183276
192890
254624
242776
268988
212592
215671
337314
220711
152162
173693
183290
178128
181074
207837
205620
192986
161185
161360
165764
166476
156412
197641
171511
193285
283902
374834
309964
241384
193078
165644
192426
178858
222909
213715
196792
163119
176945
187861
167018
171096
198763
204315
202027
184211
199613
211039
183777
136740
179399
382560
273598
251453
258396
269212
236910
231272
192364
163992
183648
156989
142985
165948
179633
193535
206164
183384
231115
180864
215705
233419
256100
299626
186564
161146
279021
251087
197857
212168
220819
296429
193614
192869
266885
285389
332232
284722
399133
493450
320091
257973
280067
280613
257717
255786
214850
227965
270175
295014
183058
167926
182467
267181
299677
250172
310893
180385
273671
274216
192977
189765
225894
402467
427644
355713
384181
352849
459610
236076
165034
150026
171139
212941
255988
203671
225255
167516
151632
285044
193729
154042
