-297529.0
-238010.0
-275782.0
-226886.0
-380021.0
-230932.0
-240592.0
-348486.0
-334881.0
-300256.0
-316467.0
-285986.0
-353783.0
-260655.0
-302239.0
-244683.0
-341130.0
-312031.0
-282656.0
-164232.0
-256079.0
-211947.0
-311874.0
-224442.0
-252690.0
-300639.0
-284527.0
-217637.0
-319827.0
-265919.0
-258763.0
-244402.0
-280163.0
-242741.0
-325468.0
-294071.0
-252453.0
-207474.0
-275763.0
-237419.0
-364708.0
-237315.0
-331675.0
-248576.0
-193092.0
-214511.0
-357672.0
-177803.0
-306822.0
-244282.0
-190643.0
-220542.0
-316167.0
-328103.0
-231843.0
-229896.0
-190079.0
-494916.0
-322314.0
-184424.0
-335167.0
-296079.0
-279092.0
-309703.0
-284258.0
-257156.0
-269675.0
-189570.0
-277902.0
-222703.0
-414915.0
-356840.0
-204861.0
-278139.0
-200308.0
-258656.0
-227196.0
-203800.0
-257278.0
-337944.0
-232811.0
-181711.0
-228709.0
-187901.0
-223799.0
-207052.0
-189699.0
-230338.0
-262434.0
-242489.0
-183318.0
-326704.0
-254641.0
-283262.0
-242185.0
-215424.0
-388940.0
-181273.0
-183763.0
-193334.0
-249539.0
-214040.0
-191731.0
-191768.0
-256806.0
-230080.0
-215573.0
-221455.0
-207945.0
-240000.0
-188875.0
-252158.0
-140187.0
-181891.0
-231279.0
-263969.0
-293236.0
-156163.0
-210252.0
-228995.0
-153749.0
-190152.0
-172603.0
-236625.0
-211223.0
-162358.0
-223613.0
-230005.0
-256400.0
-250258.0
-203216.0
-237143.0
-242394.0
-336370.0
-181522.0
-156770.0
-172611.0
-276721.0
-270609.0
-202333.0
-305312.0
-172105.0
-235001.0
-187814.0
-182005.0
-177370.0
-187991.0
-150545.0
-293633.0
-230996.0
-296417.0
-209988.0
-233674.0
-211672.0
-145777.0
-174562.0
-171065.0
-204360.0
-218634.0
-202638.0
-171533.0
-164821.0
-216651.0
-187940.0
-197756.0
-177765.0
-200455.0
-139597.0
-202360.0
-144469.0
-216609.0
-251293.0
-297608.0
-217494.0
-224024.0
-163327.0
-218969.0
-184858.0
-237390.0
-209255.0
-160220.0
-364987.0
-185989.0
-186846.0
-177471.0
-193826.0
-197315.0
-125544.0
-185363.0
-221705.0
-215437.0
-111493.0
-131898.0
-178340.0
-225751.0
-192663.0
-247450.0
-200460.0
-261155.0
-154418.0
-247127.0
-203644.0
-176691.0
-193261.0
-180296.0
-221126.0
-247275.0
-178887.0
-159360.0
-168940.0
-224996.0
-161349.0
-135599.0
-148337.0
-216086.0
-178225.0
-144985.0
-153489.0
-146389.0
-166503.0
-115054.0
-136182.0
-186970.0
-394017.0
-227299.0
-186242.0
-221923.0
-382989.0
-118005.0
-137416.0
-119762.0
-170944.0
-180016.0
-161565.0
-170538.0
-133591.0
-200868.0
-178763.0
-164628.0
-172971.0
-121923.0
-194826.0
-116523.0
-157755.0
-224799.0
-224155.0
-132333.0
-197149.0
-184319.0
-141716.0
-174237.0
-208583.0
-145555.0
-188186.0
-146362.0
-132971.0
-122315.0
-147455.0
-131810.0
-135512.0
-127158.0
-125795.0
-182711.0
-198536.0
-223121.0
-220017.0
-134088.0
-139634.0
-216089.0
-217276.0
-139747.0
-175658.0
-183030.0
-105430.0
-128097.0
-123276.0
-153618.0
-139334.0
-118073.0
-111318.0
-136282.0
-120195.0
-98838.0
-111605.0
-183990.0
-162725.0
-145541.0
-145275.0
-223622.0
-187610.0
-160503.0
-127330.0
-143689.0
-216621.0
-157401.0
-153739.0
-140404.0
-173583.0
-123235.0
-140186.0
-166429.0
-119398.0
-150569.0
-202025.0
-127696.0
-119251.0
-169844.0
-163076.0
-151241.0
-194528.0
-145447.0
-265834.0
-219716.0
-161090.0
-172952.0
-271418.0
-130652.0
-167556.0
-108740.0
-118832.0
-93957.0
-140386.0
-276026.0
-252953.0
-175194.0
-165298.0
-133369.0
-245778.0
-150294.0
-141159.0
-119303.0
-192637.0
-149437.0
-250926.0
-181779.0
-275421.0
-272448.0
-130293.0
-122917.0
-133586.0
-223956.0
-150724.0
-139234.0
-113204.0
-131139.0
-170653.0
-218625.0
-149685.0
-159052.0
-194232.0
-206088.0
-200012.0
-156815.0
-265571.0
-207000.0
-212026.0
-190199.0
-129645.0
-151159.0
-164177.0
-144986.0
-139460.0
-203300.0
-122847.0
-121524.0
-126017.0
-124554.0
-133737.0
-234684.0
-144108.0
-130491.0
-172532.0
-163594.0
-122759.0
-150241.0
-118227.0
-160582.0
-134881.0
-224043.0
-262627.0
-155279.0
-130092.0
-127299.0
-135331.0
-174383.0
-143449.0
-175810.0
-142114.0
-99461.0
-107136.0
-100352.0
-127601.0
-104811.0
-250275.0
-206480.0
-141686.0
-129174.0
-128751.0
-149632.0
-110805.0
-103187.0
-134853.0
-117122.0
-94013.0
-112439.0
-108800.0
-138511.0
-132357.0
-131967.0
-169191.0
-136367.0
-164458.0
-200462.0
-120242.0
-131901.0
-106053.0
-123557.0
-115235.0
-154136.0
-131040.0
-167632.0
-133530.0
-147983.0
-169149.0
-167759.0
-114124.0
-161881.0
-108994.0
-118016.0
-109768.0
-119118.0
-240979.0
-272227.0
-242387.0
-155852.0
-178066.0
-127961.0
-124093.0
-96895.0
-99413.0
-134019.0
-125551.0
-163429.0
-119735.0
-102525.0
-193631.0
-130470.0
-130212.0
-112762.0
-129534.0
-258158.0
-183570.0
-107295.0
-109121.0
-114980.0
-107540.0
-135518.0
-155052.0
-192474.0
-227313.0
-158714.0
-184927.0
-154624.0
-162317.0
-196285.0
-126109.0
-137945.0
-119838.0
-86541.0
-88565.0
-121944.0
-110895.0
-145158.0
-131536.0
-124432.0
-90925.0
-111788.0
-105507.0
-105837.0
-100953.0
-128625.0
-110624.0
-129922.0
-135059.0
-123457.0
-99303.0
-92576.0
-88494.0
-103571.0
-91132.0
-120512.0
-103282.0
-111737.0
-95099.0
-106427.0
-141868.0
-116092.0
-83904.0
-87703.0
-129869.0
-113173.0
-114557.0
-120267.0
-147626.0
-197678.0
-182950.0
-169280.0
-131665.0
-109577.0
-164368.0
-194069.0
-94175.0
-96348.0
-132998.0
-111951.0
-104782.0
-112187.0
-129803.0
-125725.0
-88175.0
-105909.0
-167701.0
-112848.0
-101318.0
-113577.0
-108754.0
-106519.0
-107850.0
-117381.0
-79449.0
-95809.0
-107077.0
-98410.0
-89748.0
-122826.0
-97036.0
-100920.0
-93802.0
-82632.0
-131829.0
-116625.0
-106612.0
-113796.0
-92982.0
-108156.0
-129028.0
-133218.0
-148326.0
-121460.0
-155146.0
-188554.0
-200228.0
-275125.0
-244190.0
-167186.0
-127746.0
-105963.0
-135774.0
-111969.0
-106955.0
-136896.0
-87685.0
-114240.0
-118468.0
-111466.0
-145174.0
-129282.0
-162795.0
-152079.0
-117791.0
-107954.0
-93926.0
-100231.0
-121834.0
-109492.0
-101953.0
-99675.0
-127100.0
-111792.0
-89452.0
-79410.0
-92093.0
-82463.0
-97869.0
-134612.0
-115392.0
-84352.0
-110914.0
-117122.0
-108653.0
-101383.0
-82457.0
-107564.0
-84575.0
-86166.0
-79868.0
-104987.0
-125009.0
-131856.0
-202626.0
-99587.0
-95268.0
-96354.0
-129146.0
-104563.0
-133712.0
-89427.0
-96713.0
-94483.0
-100416.0
-116365.0
-80919.0
-96800.0
-119747.0
-107178.0
-81821.0
-130176.0
-76452.0
-93149.0
-88226.0
-89725.0
-105901.0
-88903.0
-157512.0
-124429.0
-118006.0
-124013.0
-106639.0
-115584.0
-112584.0
-118310.0
-153425.0
-106268.0
-107491.0
-104464.0
-77959.0
-95400.0
-100069.0
-85466.0
-95417.0
-92259.0
-83963.0
-103832.0
-86896.0
-87875.0
-92279.0
-102363.0
-97928.0
-85324.0
-103638.0
-107628.0
-80151.0
-97816.0
-99700.0
-109214.0
-109801.0
-104923.0
-128637.0
-156881.0
-129458.0
-143263.0
-107365.0
-83818.0
-86475.0
-100589.0
-89719.0
-112111.0
-76964.0
-95621.0
-75310.0
-92665.0
-87941.0
-115834.0
-119361.0
-92739.0
-115899.0
-95700.0
-93323.0
-89849.0
-80956.0
-95775.0
-92868.0
-84281.0
-81184.0
-100378.0
-105906.0
-92877.0
-91681.0
-120904.0
-104987.0
-98021.0
-93877.0
-89008.0
-89310.0
-76775.0
-83676.0
-89934.0
-103502.0
-115496.0
-124194.0
-98913.0
-117989.0
-83136.0
-98681.0
-77584.0
-113281.0
-73088.0
-104911.0
-60348.0
-112647.0
-93171.0
-87676.0
-113737.0
-98324.0
-103428.0
-140239.0
-56251.0
-92868.0
-89359.0
-74381.0
-130608.0
-84901.0
-116270.0
-130902.0
-126294.0
-75332.0
-86961.0
-94725.0
-87675.0
-80117.0
-100593.0
-67894.0
-83707.0
-95078.0
-98255.0
-80558.0
-78127.0
-88784.0
-128244.0
-101375.0
-172626.0
-187700.0
-119799.0
-139107.0
-72897.0
-69054.0
-100390.0
-84268.0
-75871.0
-105962.0
-90235.0
-121653.0
-130680.0
-116530.0
-146990.0
-97145.0
-133494.0
-75824.0
-95897.0
-74929.0
-82749.0
-107594.0
-91863.0
-89978.0
-125264.0
-75209.0
-86879.0
-99371.0
-94797.0
-173470.0
-107067.0
-109207.0
-117504.0
-114642.0
-108166.0
-123971.0
-124191.0
-82447.0
-105558.0
-155594.0
-158112.0
-102476.0
-89099.0
-96208.0
-103926.0
-96779.0
-120483.0
-103864.0
-107293.0
-90434.0
-102874.0
-94762.0
-111266.0
-121803.0
-88592.0
-106484.0
-117792.0
-81218.0
-78650.0
-68013.0
-88630.0
-124429.0
-95815.0
-126141.0
-98446.0
-83576.0
-77576.0
-78195.0
-98858.0
-78022.0
-116024.0
-95362.0
-86629.0
-89160.0
-98859.0
-104816.0
-74403.0
-71198.0
-73880.0
-116371.0
-117909.0
-112570.0
-573017.0
-125480.0
-159630.0
-86598.0
-122312.0
-211364.0
-173661.0
-154886.0
-152840.0
-97897.0
-102580.0
-115130.0
-130306.0
-125618.0
-170831.0
-152274.0
-188273.0
-112853.0
-124551.0
-194531.0
-189058.0
-158556.0
-184758.0
-140862.0
-171603.0
-130227.0
-142053.0
-85442.0
-194356.0
-129548.0
-130893.0
-152996.0
-199985.0
-107324.0
-100977.0
-137519.0
-86355.0
-118417.0
-143744.0
-81590.0
-130009.0
-105561.0
-74055.0
-124756.0
-91223.0
-105153.0
-171124.0
-86400.0
-109436.0
-105651.0
-205557.0
-119411.0
-112693.0
-118089.0
-119996.0
-102795.0
-103517.0
-151192.0
-129724.0
-215688.0
-110790.0
-128483.0
-75079.0
-81191.0
-76800.0
-175281.0
-219803.0
-149539.0
-122348.0
-122151.0
-162708.0
-181800.0
-134328.0
-155494.0
-467095.0
-179603.0
-133291.0
-156244.0
-103384.0
-192475.0
-90565.0
-106099.0
-164018.0
-119017.0
-123131.0
-199582.0
-160390.0
-186272.0
-134324.0
-154944.0
-88510.0
-110672.0
-82434.0
-136583.0
-98684.0
-130409.0
-145858.0
-124928.0
-198919.0
-136949.0
-123314.0
-184338.0
-167779.0
-206917.0
-140814.0
-99422.0
-135698.0
-177158.0
-133617.0
-192576.0
-182233.0
-112428.0
-206020.0
-259078.0
-228489.0
-166191.0
-137684.0
-93245.0
-82546.0
-88486.0
-143966.0
-143575.0
-202868.0
-186661.0
-112465.0
-99096.0
-112329.0
-89906.0
-130119.0
-115256.0
-110873.0
-158608.0
-89032.0
-110193.0
-99331.0
-134561.0
-111839.0
-120903.0
-130481.0
-107077.0
-133336.0
-96345.0
-122127.0
-136691.0
-214829.0
-142352.0
-89598.0
-108036.0
-108198.0
-126940.0
-126659.0
-108132.0
-101346.0
-92400.0
-107581.0
-110787.0
-100489.0
-98108.0
-88475.0
-136146.0
-83808.0
-102130.0
-88434.0
-109875.0
-107178.0
-104592.0
-214252.0
-282187.0
-199355.0
-284552.0
-255230.0
-229622.0
-98810.0
-175607.0
-183733.0
-152456.0
-190044.0
-117180.0
-141083.0
-178517.0
-173698.0
-185430.0
-149688.0
-184875.0
-140918.0
-222730.0
-169673.0
-126204.0
-127321.0
-200744.0
-117174.0
-164451.0
-154285.0
-113874.0
-112510.0
-130336.0
-106848.0
-70150.0
-82788.0
-87138.0
-94434.0
-102666.0
-129206.0
-91686.0
-104252.0
-91965.0
-123295.0
-82500.0
-129318.0
-86729.0
-101842.0
-80607.0
-117490.0
-101836.0
-81100.0
-75454.0
-112542.0
-75173.0
-148905.0
-137187.0
-109690.0
-83436.0
-89927.0
-134414.0
-120133.0
-125597.0
-100416.0
-116187.0
-96881.0
-75847.0
-66950.0
-87896.0
-75289.0
-136851.0
-123561.0
-78437.0
-112330.0
-78945.0
-83861.0
-69681.0
-76017.0
-92302.0
-69117.0
-73169.0
-85967.0
-69236.0
-68520.0
-83823.0
-90148.0
-124402.0
-100743.0
-110588.0
-148194.0
-111256.0
-143590.0
-103010.0
-169864.0
-201089.0
-110028.0
-78973.0
-62567.0
-57790.0
-91488.0
-69857.0
-103334.0
-82838.0
-57793.0
-95425.0
-102466.0
-91432.0
-76813.0
-79556.0
-91471.0
-107647.0
-74050.0
-82922.0
-62897.0
-96240.0
-66076.0
-65717.0
-127681.0
-116567.0
-184586.0
-317006.0
-97474.0
-74931.0
-128621.0
-219225.0
-198552.0
-113715.0
-77380.0
-104478.0
-72507.0
-115910.0
-116275.0
-133025.0
-88435.0
-109109.0
-120525.0
-68728.0
-153472.0
-138638.0
-168805.0
-111250.0
-85053.0
-166674.0
-122220.0
-136761.0
-105707.0
-71383.0
-75847.0
-78181.0
-67870.0
-122585.0
-190222.0
-198080.0
-158219.0
-108130.0
-83634.0
-142263.0
-161293.0
-209852.0
-205330.0
-169616.0
-70115.0
-110801.0
-102484.0
-83350.0
-83651.0
-74544.0
-87220.0
-53498.0
-73907.0
-80727.0
-92284.0
-72923.0
-59561.0
-69920.0
-74863.0
-78303.0
-57998.0
-85101.0
-58424.0
-79094.0
-144785.0
-95642.0
-93336.0
-87531.0
-94177.0
-127805.0
-120054.0
-139258.0
-106839.0
-101684.0
-174598.0
-94955.0
-63296.0
-66579.0
-80516.0
-82070.0
-87421.0
-116330.0
-113028.0
-108303.0
-71164.0
-76043.0
-87337.0
-81604.0
-68703.0
-90482.0
-74454.0
-93475.0
-162574.0
-238602.0
-197428.0
-133264.0
-94814.0
-79361.0
-89282.0
-78753.0
-111771.0
-107396.0
-96274.0
-83957.0
-81710.0
-88956.0
-77073.0
-78806.0
-101450.0
-96170.0
-107174.0
-95639.0
-107021.0
-114754.0
-85505.0
-56929.0
-80098.0
-225399.0
-147205.0
-130327.0
-137884.0
-137388.0
-104516.0
-121139.0
-101809.0
-68336.0
-90986.0
-59095.0
-60872.0
-74825.0
-99816.0
-92349.0
-109137.0
-97640.0
-118605.0
-88903.0
-113412.0
-128036.0
-135198.0
-182483.0
-97801.0
-74615.0
-141938.0
-133784.0
-95112.0
-102352.0
-112469.0
-176192.0
-98307.0
-97842.0
-169202.0
-170732.0
-211606.0
-163583.0
-232939.0
-343058.0
-205857.0
-152749.0
-164795.0
-178363.0
-157828.0
-163564.0
-109653.0
-109203.0
-131092.0
-133799.0
-79877.0
-83087.0
-86893.0
-164484.0
-170236.0
-124305.0
-158596.0
-85213.0
-134258.0
-137402.0
-93695.0
-100451.0
-116086.0
-238685.0
-252673.0
-208064.0
-213884.0
-180974.0
-264335.0
-123684.0
-66633.0
-59957.0
-75234.0
-122249.0
-133642.0
-94801.0
-106845.0
-71710.0
-70036.0
-161990.0
-93067.0
-75056.0
