71.70981481481482
71.82055555555556
74.34481481481481
66.47166666666666
90.6361111111111
63.385740740740744
66.48481481481481
84.11259259259259
87.17314814814814
79.16296296296296
84.20462962962964
73.53481481481481
87.52148148148149
68.00666666666666
79.67481481481481
63.291296296296295
82.50537037037037
82.14148148148148
75.16592592592593
55.23518518518519
70.32425925925926
65.1124074074074
75.66407407407408
60.355
73.77888888888889
74.14351851851852
79.23925925925926
60.58537037037037
77.2024074074074
72.5087037037037
71.09333333333333
67.75907407407408
75.98944444444444
71.72796296296296
84.49555555555555
74.06481481481481
69.93944444444445
58.879629629629626
76.54925925925926
61.72888888888889
91.9962962962963
67.00351851851852
85.66425925925925
66.54018518518518
56.41166666666667
60.85907407407407
91.945
58.87166666666667
80.58851851851851
70.38185185185185
56.42407407407408
65.20203703703703
80.36685185185185
83.40388888888889
63.75092592592593
68.61574074074075
55.245
116.27296296296296
82.38407407407408
56.364074074074075
83.04462962962963
76.60185185185185
71.59555555555555
76.00925925925925
76.13148148148149
72.96777777777778
76.1387037037037
54.653703703703705
76.38685185185186
63.867777777777775
98.755
91.22592592592592
57.202222222222225
76.92574074074074
62.80166666666667
72.21574074074074
71.89703703703704
63.25185185185185
67.70611111111111
93.32037037037037
69.39574074074073
59.24314814814815
64.70148148148148
56.71888888888889
63.53055555555556
62.092777777777776
58.739259259259256
63.96
72.3987037037037
65.5038888888889
55.85333333333333
85.58111111111111
77.65777777777778
73.2262962962963
66.74037037037037
70.15314814814815
97.20833333333333
57.51462962962963
53.12314814814815
60.294074074074075
67.02462962962963
64.03611111111111
64.57537037037036
58.86888888888889
68.46555555555555
66.32185185185185
61.59
65.75944444444444
62.0
63.59092592592592
62.34037037037037
72.5824074074074
45.15240740740741
56.623703703703704
70.25444444444445
73.86296296296297
85.68703703703704
49.31481481481482
65.73444444444445
68.02722222222222
50.95962962962963
61.87222222222222
53.22814814814815
66.32314814814815
60.3512962962963
51.17703703703704
63.818333333333335
66.56
75.16685185185185
66.27166666666666
61.16074074074074
68.44055555555556
72.56537037037037
92.22462962962963
57.642407407407404
51.24722222222222
56.687592592592594
79.44722222222222
74.32962962962964
57.99388888888889
81.37555555555555
51.76314814814815
69.42037037037036
62.92444444444445
53.787592592592596
56.23185185185185
58.70444444444445
51.443333333333335
71.08759259259259
63.776296296296294
71.70092592592593
61.32018518518519
65.99
60.17722222222222
49.462037037037035
56.08481481481481
54.79148148148148
62.89740740740741
64.89574074074073
66.12092592592593
56.49648148148148
53.690555555555555
63.70759259259259
53.425
62.23
53.4762962962963
59.9062962962963
45.95425925925926
62.24111111111111
48.73648148148148
60.40555555555556
71.22796296296296
80.12296296296296
65.04611111111112
65.74148148148149
49.879074074074076
64.81833333333333
56.17333333333333
66.32333333333334
57.46703703703704
49.531666666666666
95.99703703703703
55.77074074074074
54.20537037037037
49.16555555555556
63.51537037037037
60.69833333333333
47.97222222222222
57.48462962962963
66.97981481481482
64.48777777777778
42.66981481481481
46.107962962962965
53.62796296296296
66.53759259259259
61.25833333333333
72.48574074074074
62.80185185185185
70.78925925925925
50.617407407407406
68.73481481481481
58.74611111111111
55.48425925925926
59.175555555555555
55.37796296296296
60.75222222222222
66.03722222222223
53.654444444444444
50.78055555555556
52.29037037037037
60.96222222222222
49.54277777777778
48.53685185185185
46.61907407407407
64.14074074074074
55.998703703703704
44.309814814814814
49.75907407407407
45.260555555555555
52.48129629629629
44.376481481481484
47.66833333333334
56.43351851851852
98.19166666666666
67.32833333333333
55.78148148148148
64.89518518518518
90.05148148148149
43.89833333333333
48.63814814814815
44.434814814814814
54.974259259259256
58.21537037037037
52.96592592592592
52.81074074074074
44.77740740740741
55.63925925925926
53.367222222222225
54.24055555555555
54.93703703703704
45.056481481481484
62.64037037037037
43.99425925925926
51.70648148148148
67.21481481481482
64.25111111111111
42.66981481481481
61.38925925925926
56.227407407407405
45.71222222222222
54.107592592592596
58.97962962962963
50.9387037037037
57.711666666666666
49.82111111111111
46.864444444444445
44.69
50.879074074074076
48.45962962962963
47.46611111111111
47.03018518518518
45.69592592592593
54.62814814814815
58.754814814814814
61.77444444444444
65.50574074074073
46.9062962962963
50.559074074074076
63.86666666666667
63.11240740740741
46.6412962962963
58.54574074074074
60.81759259259259
37.89944444444444
45.445
44.56777777777778
50.72907407407408
48.26
44.94777777777778
38.267407407407404
50.75666666666667
44.757777777777775
39.76444444444444
41.21259259259259
56.410555555555554
51.68851851851852
48.73148148148148
49.46314814814815
64.48314814814815
58.95481481481482
53.148148148148145
44.54944444444445
49.626481481481484
65.38111111111111
50.345555555555556
51.24
45.495370370370374
51.32351851851852
42.90555555555556
46.14462962962963
51.18555555555555
40.99962962962963
51.29851851851852
55.108333333333334
45.3662962962963
45.352037037037036
50.3537037037037
50.45425925925926
49.21388888888889
56.59407407407407
46.973703703703706
64.69722222222222
60.587407407407404
50.07333333333333
50.73222222222222
73.12907407407407
43.79962962962963
49.717962962962964
40.01759259259259
41.547777777777775
32.791111111111114
42.91703703703703
67.8924074074074
66.68518518518519
51.20481481481482
55.60425925925926
42.675185185185185
67.12388888888889
50.2887037037037
44.99722222222222
38.90481481481481
54.74074074074074
45.85
65.74407407407408
53.098703703703706
71.28037037037036
72.98351851851852
43.18388888888889
42.29814814814815
46.270185185185184
60.846666666666664
51.879444444444445
48.00055555555556
39.94259259259259
45.90962962962963
52.9912962962963
64.21685185185186
48.33185185185185
53.49981481481481
57.303333333333335
62.78666666666667
56.405
49.7262962962963
68.36037037037038
59.35055555555556
55.382407407407406
54.46055555555556
40.22796296296296
46.553518518518516
51.89055555555556
50.27611111111111
43.607592592592596
63.306296296296296
43.830925925925925
41.42407407407408
42.91537037037037
43.552592592592596
43.35444444444445
62.442962962962966
49.63444444444445
43.989259259259256
59.79333333333334
54.15037037037037
43.702222222222225
52.36518518518518
40.92
54.2962962962963
43.3112962962963
66.98055555555555
76.49648148148148
48.89092592592593
42.82314814814815
43.15814814814815
45.776296296296294
55.64666666666667
46.629814814814814
52.397592592592595
43.07333333333333
38.63148148148148
37.65111111111111
36.492777777777775
44.312592592592594
37.13537037037037
72.09925925925926
62.02814814814815
47.17333333333333
45.97296296296296
45.60111111111111
48.538148148148146
41.73888888888889
42.2837037037037
44.41037037037037
45.227777777777774
37.18703703703704
41.80722222222222
41.21611111111111
49.785555555555554
43.409814814814816
45.550555555555555
53.343333333333334
46.77074074074074
55.33888888888889
58.035
41.47574074074074
44.31740740740741
39.44074074074074
42.40296296296296
38.86296296296296
48.27
41.49962962962963
51.07222222222222
44.730555555555554
46.99444444444445
53.87851851851852
53.4937037037037
41.037962962962965
51.66111111111111
38.230185185185185
41.937407407407406
44.10018518518518
40.55925925925926
68.67814814814815
71.59222222222222
70.40851851851852
51.922777777777775
59.526666666666664
41.48777777777778
42.705
33.86851851851852
36.986296296296295
44.41703703703703
44.84777777777778
54.45759259259259
42.697037037037035
39.30425925925926
55.791296296296295
43.690185185185186
43.73740740740741
40.30222222222222
43.98388888888889
69.96888888888888
54.81055555555555
41.38111111111111
39.566296296296294
42.30222222222222
38.897962962962964
45.322407407407404
52.49814814814815
53.27722222222222
62.867222222222225
49.44148148148148
53.82055555555556
50.15148148148148
50.98518518518519
58.12888888888889
43.86611111111111
46.035185185185185
44.35648148148148
35.48759259259259
33.422222222222224
40.887962962962966
41.26166666666666
47.637962962962966
42.73425925925926
41.98240740740741
35.13148148148148
41.6037037037037
39.108148148148146
40.720925925925926
38.465
44.97537037037037
39.68981481481482
42.78425925925926
43.889074074074074
43.95185185185185
34.42092592592593
37.28388888888889
36.10685185185185
37.20759259259259
33.91981481481481
41.17722222222222
37.14425925925926
42.1862962962963
36.43814814814815
38.54074074074074
44.56
40.17388888888889
34.14537037037037
33.50648148148148
42.53407407407408
41.24740740740741
39.895185185185184
42.13185185185185
47.900925925925925
58.70537037037037
57.01203703703704
52.861666666666665
44.70944444444444
40.24351851851852
50.785555555555554
57.45796296296297
37.80240740740741
36.87759259259259
44.056666666666665
42.31111111111111
37.79148148148148
37.45481481481482
47.19111111111111
43.30481481481481
35.01259259259259
38.64685185185185
52.5637037037037
41.11814814814815
36.7337037037037
41.63407407407407
37.83314814814815
36.91759259259259
40.123333333333335
41.03092592592593
33.16518518518519
35.97814814814815
38.599074074074075
38.78037037037037
35.29814814814815
43.294259259259256
37.71111111111111
37.04240740740741
35.166666666666664
34.498703703703704
43.79203703703703
45.61537037037037
38.93074074074074
40.174814814814816
37.99611111111111
39.82296296296296
43.40259259259259
46.55407407407407
49.88759259259259
42.977037037037036
51.02722222222222
54.4687037037037
55.257222222222225
77.32185185185185
61.208333333333336
47.794259259259256
44.79944444444445
38.510925925925925
43.32277777777778
36.09685185185185
39.32944444444445
44.87444444444444
33.29222222222222
38.04203703703703
41.495
39.07537037037037
47.166296296296295
42.13111111111111
49.32333333333333
49.41574074074074
45.84351851851852
39.001481481481484
36.57314814814815
38.45944444444444
42.766851851851854
38.87111111111111
40.06944444444444
37.78611111111111
45.06981481481481
40.39055555555556
34.38037037037037
32.67907407407407
35.95611111111111
35.64555555555555
37.1587037037037
49.08314814814815
39.51148148148148
33.80203703703704
40.27
40.52759259259259
38.96092592592593
35.98518518518519
33.04388888888889
38.46333333333333
37.84722222222222
35.08814814814815
31.429074074074073
39.31148148148148
45.1037037037037
45.60629629629629
57.76611111111111
40.0862962962963
36.226851851851855
36.88388888888889
44.87851851851852
37.053518518518516
44.07296296296296
33.55555555555556
37.13740740740741
33.39833333333333
38.77074074074074
40.49907407407407
32.42166666666667
37.01037037037037
41.50685185185185
38.27148148148148
30.50888888888889
45.04333333333334
31.41296296296296
38.46703703703704
34.38703703703704
32.86351851851852
37.24611111111111
34.59037037037037
47.56759259259259
40.735
39.30240740740741
40.535185185185185
39.82333333333333
42.215555555555554
38.120925925925924
39.01851851851852
48.40796296296296
40.336481481481485
38.272777777777776
37.321481481481484
33.897222222222226
33.858333333333334
33.714814814814815
33.428518518518516
36.41777777777778
33.462407407407404
35.297407407407405
38.44592592592593
35.46907407407407
34.31722222222222
38.98722222222222
36.955925925925925
34.42
33.89685185185185
36.915925925925926
37.29296296296296
34.39611111111111
37.276296296296294
37.17537037037037
38.82
39.60111111111111
41.93259259259259
43.15148148148148
49.44796296296296
45.206296296296294
44.31018518518518
37.784444444444446
33.69166666666667
36.157222222222224
36.10444444444445
34.63537037037037
37.684074074074076
30.403518518518517
36.57037037037037
33.53277777777778
37.37611111111111
36.91722222222222
43.141666666666666
45.98185185185185
36.16851851851852
42.85055555555556
37.19277777777778
35.2012962962963
33.79759259259259
33.00314814814815
35.51722222222222
34.42925925925926
32.54555555555555
32.65925925925926
39.48555555555556
40.97944444444445
34.965
32.49722222222222
40.02462962962963
36.91537037037037
37.49055555555555
35.82592592592592
36.27148148148148
31.66925925925926
33.55925925925926
34.76814814814815
37.474444444444444
37.90240740740741
39.97259259259259
40.85777777777778
39.474074074074075
41.50592592592593
31.924629629629628
38.88722222222222
31.28037037037037
39.69611111111111
31.227037037037036
40.17462962962963
28.07611111111111
40.85611111111111
36.16981481481481
35.50851851851852
38.239074074074075
35.99740740740741
38.26925925925926
48.39611111111111
27.134074074074075
35.102037037037036
35.89425925925926
31.282222222222224
43.705555555555556
35.78611111111111
40.60388888888889
43.35092592592593
40.57092592592593
27.744629629629628
34.78722222222222
33.68
33.28055555555556
34.37481481481481
36.13759259259259
32.132777777777775
31.489814814814814
38.404074074074074
35.446481481481484
33.248333333333335
32.80074074074074
34.90111111111111
44.022777777777776
37.29555555555555
57.80740740740741
59.71222222222222
41.68648148148148
48.71
30.57203703703704
28.263148148148147
39.18537037037037
35.074814814814815
33.867037037037036
38.91462962962963
34.727407407407405
41.04962962962963
44.13
42.89648148148148
49.837407407407404
36.46037037037037
42.775925925925925
31.69388888888889
37.12740740740741
32.23111111111111
34.30796296296296
37.711851851851854
35.22314814814815
33.629074074074076
44.32388888888889
33.35166666666667
36.27685185185185
38.287592592592596
36.480555555555554
51.105185185185185
40.56314814814815
39.1037037037037
44.20796296296297
38.51185185185185
40.760185185185186
42.42925925925926
40.34222222222222
31.334444444444443
39.62111111111111
44.57907407407407
46.86074074074074
39.61833333333333
37.07740740740741
35.61925925925926
37.40518518518518
37.32851851851852
40.632962962962964
37.39666666666667
36.60333333333333
33.37222222222222
37.169259259259256
33.83962962962963
42.175555555555555
40.007407407407406
31.425
37.96037037037037
41.892407407407404
32.76351851851852
34.965185185185184
30.490555555555556
36.732592592592596
47.175555555555555
37.50277777777778
43.377037037037034
34.617407407407406
33.71537037037037
33.065555555555555
31.139074074074074
39.465
32.67444444444445
44.983333333333334
38.29833333333333
37.00370370370371
35.47518518518518
38.961481481481485
37.92444444444445
30.20148148148148
30.01185185185185
30.099074074074075
40.626666666666665
39.205
42.78055555555556
139.60111111111112
45.504074074074076
51.98240740740741
31.92962962962963
41.91759259259259
60.99777777777778
52.949444444444445
49.46592592592592
50.452777777777776
35.25037037037037
36.909444444444446
39.058703703703706
44.248518518518516
44.288148148148146
58.26759259259259
51.306296296296296
59.46296296296296
41.65203703703704
41.32037037037037
53.504814814814814
57.50314814814815
47.123703703703704
56.90277777777778
45.20722222222222
51.69833333333333
41.44
45.51518518518518
32.53777777777778
53.77388888888889
45.09462962962963
40.94962962962963
45.687777777777775
55.38685185185185
37.53574074074074
38.42333333333333
46.69074074074074
31.63
37.535185185185185
44.3812962962963
31.599814814814813
45.45740740740741
34.66555555555556
30.039074074074072
41.22203703703704
36.757777777777775
36.14703703703704
53.151666666666664
36.19537037037037
41.85888888888889
35.038333333333334
60.943888888888885
37.627037037037034
38.0637037037037
41.51722222222222
42.24055555555555
34.94185185185185
36.79074074074074
45.934444444444445
40.0462962962963
61.16111111111111
40.97314814814815
45.04055555555556
31.296666666666667
32.803333333333335
30.98611111111111
51.83796296296296
60.925925925925924
48.51444444444444
46.7837037037037
44.01870370370371
54.85962962962963
60.14
48.63444444444445
52.43185185185185
127.04981481481481
57.10462962962963
43.41481481481482
51.41037037037037
36.980555555555554
64.82888888888888
36.26833333333333
38.17962962962963
52.467777777777776
40.21740740740741
46.47388888888889
66.7161111111111
57.93648148148148
64.89611111111111
48.943333333333335
50.888888888888886
35.65481481481481
39.766481481481485
31.564814814814813
41.09962962962963
34.1887037037037
43.4612962962963
43.35259259259259
45.47925925925926
62.80888888888889
46.42685185185185
39.41981481481481
53.077962962962964
51.19425925925926
54.199814814814815
43.26925925925926
36.64055555555556
40.5212962962963
52.72962962962963
43.86351851851852
55.62444444444444
52.11296296296296
41.099074074074075
59.742777777777775
67.30092592592592
60.2987037037037
49.94611111111111
41.932037037037034
35.4837037037037
31.301666666666666
35.80722222222222
46.620370370370374
44.14037037037037
57.43222222222222
52.06444444444445
39.93574074074074
36.79296296296296
40.75611111111111
35.48888888888889
45.51240740740741
38.87203703703704
39.711666666666666
53.836481481481485
33.54388888888889
41.71462962962963
38.20481481481482
50.09481481481482
41.45444444444445
44.843333333333334
42.24425925925926
38.99574074074074
47.56722222222222
35.54851851851852
41.02462962962963
48.343333333333334
59.495
49.11833333333333
35.340555555555554
39.82277777777778
39.62722222222222
42.159814814814816
42.83851851851852
36.86
38.705
37.16222222222222
40.37814814814815
38.937407407407406
35.24388888888889
36.903888888888886
34.27722222222222
46.09092592592592
33.46944444444444
42.98185185185185
37.053148148148146
38.86185185185185
40.455925925925925
40.015
61.715
82.05722222222222
60.27759259259259
77.4325925925926
68.00907407407408
65.12462962962962
36.01962962962963
54.21388888888889
57.623703703703704
49.474444444444444
56.464814814814815
40.65592592592593
47.6637037037037
52.76537037037037
52.23148148148148
52.843333333333334
43.988703703703706
54.52407407407407
45.041666666666664
71.27055555555556
51.08722222222222
43.31759259259259
45.04462962962963
57.79222222222222
42.257777777777775
53.876481481481484
47.852407407407405
37.980555555555554
41.17148148148148
46.8962962962963
40.09574074074074
30.202037037037037
36.482592592592596
35.15962962962963
37.44203703703704
39.68888888888889
46.06185185185185
37.92962962962963
40.58518518518518
38.43648148148148
46.49314814814815
32.708888888888886
47.342592592592595
36.07462962962963
39.25018518518519
32.98185185185185
41.07296296296296
36.92962962962963
31.09037037037037
34.520185185185184
40.60648148148148
30.327037037037037
52.09851851851852
50.16574074074074
39.72574074074074
33.366851851851855
33.611666666666665
49.721296296296295
44.83351851851852
42.87537037037037
36.91444444444444
40.4387037037037
33.27111111111111
32.11185185185185
29.00425925925926
34.407037037037036
32.254629629629626
48.85259259259259
46.016851851851854
34.58833333333333
43.75
32.75111111111111
35.39462962962963
32.495370370370374
30.598148148148148
33.144444444444446
28.52314814814815
32.20518518518519
32.864814814814814
31.37537037037037
30.145555555555557
32.9937037037037
34.84740740740741
43.23185185185185
40.43018518518519
39.9212962962963
45.73814814814815
38.46037037037037
46.32092592592593
42.42888888888889
52.57851851851852
55.75092592592593
41.276296296296294
29.711296296296297
29.607777777777777
25.956296296296298
35.502037037037034
28.43314814814815
37.57703703703704
32.116851851851855
25.871296296296297
37.074814814814815
38.645
34.184814814814814
29.440185185185186
33.49685185185185
34.53111111111111
39.087037037037035
30.717962962962964
32.83222222222222
28.78037037037037
37.32018518518519
28.849814814814813
29.11722222222222
42.287592592592596
38.08962962962963
53.91425925925926
81.99481481481482
36.07833333333333
28.280185185185186
42.32462962962963
61.45462962962963
62.13
37.903703703703705
32.26555555555556
38.03351851851852
30.298703703703705
40.83222222222222
39.3112962962963
46.825185185185184
32.45351851851852
38.75222222222222
39.687777777777775
29.84425925925926
53.01592592592593
44.598333333333336
54.587407407407404
40.11796296296296
33.66462962962963
53.73148148148148
39.85537037037037
44.85592592592592
37.55037037037037
31.778148148148148
33.73833333333334
32.02685185185185
30.599814814814813
40.455
61.54
64.14425925925926
55.08574074074074
44.375
33.42407407407408
42.28925925925926
48.242777777777775
62.07703703703704
57.09166666666667
45.21888888888889
31.32296296296296
42.305925925925926
38.37740740740741
32.835
33.34166666666667
31.04111111111111
33.549814814814816
25.403518518518517
32.41203703703704
32.406851851851854
37.91166666666667
33.06574074074074
27.76185185185185
30.212407407407408
32.51111111111111
32.34796296296296
26.683888888888887
33.47518518518518
25.534259259259258
31.79259259259259
46.51888888888889
32.56722222222222
36.41240740740741
33.94
35.72037037037037
47.15259259259259
44.95851851851852
49.812592592592594
39.36888888888889
39.93907407407407
62.465555555555554
40.87240740740741
28.178148148148146
32.16537037037037
33.94259259259259
32.986666666666665
33.532222222222224
38.48833333333334
38.077777777777776
35.73814814814815
29.849074074074075
29.881481481481483
30.69703703703704
30.82888888888889
28.965185185185184
36.60018518518518
31.761296296296297
35.79351851851852
52.574444444444445
69.4137037037037
57.400740740740744
44.70074074074074
35.755185185185184
30.674814814814816
35.63444444444445
33.12185185185185
41.279444444444444
39.57685185185185
36.442962962962966
30.20722222222222
32.76759259259259
34.78907407407407
30.929259259259258
31.684444444444445
36.80796296296296
37.83611111111111
37.41240740740741
34.11314814814815
36.96537037037037
39.081296296296294
34.03277777777778
25.322222222222223
33.22203703703704
70.84444444444445
50.666296296296295
46.56537037037037
47.85111111111111
49.85407407407408
43.87222222222222
42.828148148148145
35.622962962962966
30.36888888888889
34.00888888888889
29.07203703703704
26.478703703703705
30.73111111111111
33.26537037037037
35.839814814814815
38.178518518518516
33.96
42.79907407407408
33.49333333333333
39.94537037037037
43.22574074074074
47.425925925925924
55.486296296296295
34.54888888888889
29.841851851851853
51.67055555555555
46.49759259259259
36.64018518518518
39.29037037037037
40.892407407407404
54.89425925925926
35.85444444444445
35.71648148148148
49.42314814814815
52.84981481481481
61.52444444444444
52.7262962962963
73.91351851851852
91.37962962962963
59.27611111111111
47.772777777777776
51.864259259259256
51.96537037037037
47.72537037037037
47.367777777777775
39.78703703703704
42.21574074074074
50.032407407407405
54.632222222222225
33.89962962962963
31.097407407407406
33.79018518518519
49.47796296296296
55.49574074074074
46.328148148148145
57.57277777777778
33.40462962962963
50.67981481481481
50.78074074074074
35.73648148148148
35.141666666666666
41.83222222222222
74.53092592592593
79.19333333333333
65.87277777777778
71.14462962962963
65.3424074074074
85.11296296296297
43.717777777777776
30.561851851851852
27.782592592592593
31.69240740740741
39.43351851851852
47.40518518518518
37.71685185185185
41.71388888888889
31.02148148148148
28.08
52.78592592592592
35.87574074074074
28.526296296296298
