-312987.0
-268816.0
-415159.0
-205402.0
-441209.0
-268175.0
-351311.0
-237013.0
-408802.0
-334855.0
-388713.0
-245673.0
-260927.0
-167423.75
-201567.0
-275980.0
-350016.0
-265507.0
-271208.0
-226465.0
-241794.0
-198345.0
-363059.0
-273373.75
-461831.0
-195401.0
-217020.0
-297211.0
-162142.0
-325261.0
-269059.0
-437883.0
-345755.0
-204304.0
-232515.0
-211503.0
-349617.0
-280211.0
-320518.5
-239897.0
-233394.0
-159000.0
-175698.0
-340857.0
-288603.0
-204776.0
-346257.0
-226711.0
-441881.0
-255911.0
-233393.0
-330270.0
-247927.0
-181367.0
-256731.0
-225296.0
-210133.0
-189385.0
-307279.0
-221137.0
-168981.0
-220975.0
-217727.0
-231788.0
-242182.0
-288435.0
-224099.0
-252681.0
-230825.0
-167371.0
-283810.25
-231326.0
-136833.0
-170786.0
-249837.0
-267969.0
-133646.0
-228310.0
-148319.0
-141200.0
-208587.0
-265389.0
-282974.0
-158159.0
-203787.0
-167536.0
-240753.0
-252134.5
-227078.0
-201072.0
-154254.0
-165142.0
-177808.0
-146224.75
-212194.0
-170954.0
-173043.0
-145493.0
-137937.0
-190805.0
-145686.0
-174623.0
-156711.0
-121731.0
-129310.25
-139543.0
-187317.0
-132157.0
-265675.0
-119632.0
-187876.0
-141833.0
-109517.0
-154301.0
-108742.0
-229633.25
-204577.25
-221277.0
-215127.0
-131031.0
-163348.25
-222581.0
-255156.0
-127878.0
-169865.0
-149008.0
-186778.0
-191511.0
-193136.0
-115894.0
-156060.0
-130765.0
-168122.0
-197814.0
-152120.0
-157356.0
-167182.0
-131303.0
-209528.0
-197260.0
-208425.0
-155127.0
-173497.0
-236180.5
-139915.0
-137647.0
-226253.0
-163042.0
-173587.0
-162573.0
-129372.0
-180689.0
-129369.0
-127189.0
-116195.0
-164134.0
-169179.0
-155554.0
-171033.0
-98433.0
-148123.0
-165107.0
-132594.0
-178790.0
-134184.0
-137334.0
-124016.0
-128921.0
-156351.0
-208701.0
-157857.0
-160271.0
-134646.0
-153741.0
-129630.0
-136503.0
-222824.0
-148632.0
-126552.0
-142831.0
-163698.0
-174000.0
-182956.0
-134998.0
-115059.0
-127693.0
-121831.0
-164089.0
-155119.0
-167330.0
-207978.0
-194521.0
-149334.0
-150961.0
-155482.0
-131704.0
-164228.0
-203446.0
-197406.0
-206421.0
-129466.0
-135389.0
-123460.0
-127079.5
-154817.0
-131352.0
-106648.0
-164327.0
-113726.25
-134572.0
-116067.0
-118675.0
-136027.0
-154057.0
-99264.25
-164847.0
-114407.0
-142318.0
-177082.0
-117155.0
-110618.0
-131052.0
-106225.0
-178594.0
-95069.5
-124710.0
-145440.0
-117263.0
-130563.0
-106323.0
-107323.0
-112259.0
-114853.0
-133259.0
-110307.0
-120766.0
-141447.0
-111613.0
-199564.0
-134124.0
-137260.0
-151047.0
-123100.0
-118047.0
-208968.0
-102159.0
-100299.0
-92047.0
-127941.0
-106792.0
-119070.0
-117082.0
-114084.0
-123687.0
-153586.0
-125071.0
-110703.0
-122733.0
-116901.0
-107896.0
-140031.0
-108341.0
-108287.0
-93146.0
-98888.0
-85073.0
-151381.0
-150503.0
-141954.0
-121546.0
-100989.0
-113970.0
-89996.0
-114495.0
-103829.0
-95555.0
-112362.0
-123433.0
-93783.0
-123415.0
-142713.0
-118808.0
-137216.0
-131181.0
-146222.0
-139137.0
-109099.0
-129045.0
-97235.0
-128612.5
-146876.0
-115286.0
-116271.0
-109249.0
-123174.0
-98242.0
-110365.0
-101647.0
-76639.0
-90712.0
-87881.0
-131607.0
-108166.0
-76289.0
-85077.0
-118308.75
-121846.0
-122012.0
-127713.0
-91754.0
-96388.0
-116451.0
-99140.0
-91683.0
-130057.0
-78417.0
-81888.0
-114406.0
-101480.0
-102568.0
-86666.0
-119321.0
-83286.0
-107243.0
-82694.0
-124163.0
-107896.0
-102906.0
-119899.0
-102415.0
-115207.0
-95662.0
-106962.0
-78810.0
-129955.0
-127703.0
-82276.0
-93407.0
-96038.0
-106130.5
-101409.0
-94485.0
-99114.0
-79413.0
-76766.0
-97344.0
-122232.0
-89931.0
-110892.0
-87342.0
-137340.0
-106288.0
-108806.75
-131540.0
-120386.0
-93624.75
-88390.0
-83969.0
-133473.0
-71998.0
-90272.0
-94598.0
-94602.0
-89482.0
-96926.0
-119207.0
-116119.0
-132660.0
-118507.0
-88926.0
-86448.0
-124264.0
-84811.75
-88519.0
-75737.0
-93437.0
-84339.0
-94702.0
-78181.0
-86065.0
-86108.0
-83923.0
-82280.0
-104932.0
-124271.0
-85362.0
-87047.0
-92987.0
-80308.0
-91070.0
-80192.0
-86846.0
-84335.0
-83350.0
-73564.0
-93708.0
-89468.0
-90747.0
-173159.0
-111547.0
-169308.0
-92810.0
-99985.0
-71057.0
-84659.0
-82944.0
-90275.0
-146168.0
-110231.0
-106547.0
-103609.0
-94887.0
-76593.0
-100982.0
-82157.25
-76137.0
-84925.0
-98529.0
-113706.0
-95840.0
-84191.0
-85195.0
-93095.0
-74237.0
-86658.0
-83548.0
-82981.0
-72614.0
-93635.0
-89714.0
-71683.0
-73139.0
-71102.0
-100409.0
-78605.0
-92889.5
-84353.0
-84302.0
-77015.0
-74531.0
-93557.0
-96690.0
-92277.0
-73669.0
-87247.0
-72746.0
-73392.0
-83556.0
-92550.0
-76165.0
-79059.0
-66264.0
-79443.0
-80173.0
-61560.0
-92844.0
-91314.0
-73296.0
-74510.0
-77382.0
-63255.0
-84420.0
-85122.0
-78063.0
-81860.0
-70186.0
-68546.0
-80266.0
-63919.0
-71720.0
-79980.0
-67233.0
-101402.0
-90156.0
-72278.0
-73915.0
-81164.0
-64373.0
-142449.0
-99064.0
-105691.0
-89779.0
-77251.0
-72080.0
-90523.0
-78152.0
-80749.0
-75188.0
-84792.0
-68376.0
-69838.0
-75682.0
-75441.0
-74163.0
-80750.0
-78010.0
-78437.0
-73068.0
-60879.0
-60170.0
-69910.0
-60618.5
-62495.0
-70717.0
-74577.0
-75291.0
-74913.0
-93513.0
-65146.0
-81211.0
-76961.0
-72479.0
-60376.0
-96018.0
-62974.0
-64842.0
-57804.0
-66484.0
-76054.0
-70434.0
-100393.0
-60825.5
-64030.0
-71267.0
-57230.5
-83307.0
-76328.0
-77502.0
-83267.0
-73577.0
-60532.0
-67180.0
-74133.0
-83229.0
-66708.0
-65754.0
-115379.0
-80921.0
-61394.0
-106583.0
-73655.0
-81798.0
-77160.5
-57664.0
-65925.0
-77683.0
-53198.0
-78534.0
-63231.0
-75904.0
-65851.5
-75645.0
-64782.0
-62701.0
-64237.0
-58477.0
-49637.0
-64789.0
-59132.0
-60585.25
-61104.0
-74857.0
-78766.0
-68228.0
-75726.0
-63764.0
-64959.0
-61659.0
-65922.0
-59985.0
-59331.0
-65921.0
-57363.0
-55146.0
-58351.0
-66406.0
-56772.0
-64664.0
-56414.0
-52072.0
-51232.0
-69509.0
-62136.0
-56742.0
-60501.0
-69665.0
-60904.0
-54310.0
-58796.5
-66439.0
-59616.5
-56778.0
-59465.0
-62477.0
-52954.0
-71203.0
-83632.0
-51113.5
-82039.0
-63811.0
-62665.0
-57864.0
-68571.0
-71082.0
-55068.0
-62927.0
-59854.0
-60677.0
-65225.0
-56329.0
-56848.0
-69806.0
-76444.5
-68028.0
-50354.0
-58694.0
-75964.0
-53541.0
-49911.0
-55747.0
-56915.0
-63088.0
-74184.0
-60641.0
-56824.0
-114971.0
-86455.0
-55129.0
-61428.0
-76487.0
-42661.0
-59036.0
-59018.0
-72609.0
-54400.0
-67348.0
-66863.0
-59270.0
-57935.0
-63240.0
-58836.0
-54727.0
-47830.0
-51437.0
-48162.0
-48592.0
-99430.0
-70852.0
-55676.5
-65302.0
-91341.0
-96354.0
-68350.0
-52304.0
-51974.0
-53338.0
-90361.0
-51326.0
-61737.0
-66801.0
-55545.0
-50573.0
-61799.5
-59124.0
-62513.0
-52485.0
-51946.25
-51031.0
-66627.0
-67545.0
-56004.0
-58442.0
-54540.0
-48749.5
-79749.0
-57970.0
-62731.0
-62797.0
-66377.0
-48785.0
-45682.0
-52047.0
-51761.0
-53185.0
-57686.0
-60658.0
-56709.0
-45134.0
-62738.0
-76312.0
-81071.0
-67662.0
-55562.0
-50460.0
-58529.0
-65177.0
-55730.0
-63016.0
-54024.0
-62825.0
-55313.0
-49757.0
-48456.0
-47219.0
-56850.0
-60436.0
-90607.5
-54539.0
-44056.0
-43459.0
-48007.0
-57813.0
-75099.0
-64218.0
-46087.0
-46523.0
-86749.0
-48165.0
-61643.5
-58798.0
-58097.0
-51051.0
-53407.0
-60863.0
-64476.0
-56832.0
-49600.0
-57973.0
-45908.0
-41140.0
-51774.0
-60925.0
-56204.0
-53027.0
-60440.0
-63234.0
-51196.0
-72175.0
-56032.0
-45825.0
-43144.0
-63780.0
-41610.0
-45996.0
-42858.0
-45807.0
-44779.0
-51715.0
-62214.0
-48059.0
-50542.0
-48211.0
-62605.0
-43751.0
-46993.0
-47288.0
-46522.0
-48022.0
-55397.0
-41546.0
-57867.0
-54684.0
-54775.0
-43697.0
-54739.0
-55193.0
-42856.0
-45488.0
-49171.0
-44389.0
-40613.0
-39350.0
-59668.0
-43451.0
-54212.0
-52279.0
-41910.0
-45992.0
-46739.0
-68058.0
-54957.0
-49395.0
-50038.0
-46813.0
-40752.25
-51863.0
-49776.0
-50008.0
-39676.0
-41190.0
-40390.0
-48567.0
-57857.0
-45991.0
-50611.0
-33889.0
-42611.0
-45936.0
-40453.0
-42079.0
-48200.0
-65572.0
-53340.0
-44407.0
-41044.0
-42529.0
-54601.0
-65352.5
-50292.0
-39155.0
-45494.0
-52419.0
-38804.0
-44316.0
-42560.0
-43892.0
-40109.0
-42494.0
-39636.0
-46641.0
-41686.0
-59851.0
-55302.0
-40374.0
-34013.0
-45319.0
-48013.0
-43897.0
-37952.0
-48057.0
-49662.0
-40987.0
-62307.0
-44074.0
-41733.0
-45050.0
-50101.0
-41959.0
-44379.5
-60610.0
-45197.0
-42971.0
-52700.0
-56882.0
-46807.0
-37749.0
-40376.0
-52887.0
-39294.0
-39855.0
-48536.0
-47870.0
-40036.0
-47152.0
-37647.0
-44149.0
-39266.0
-52921.0
-41351.0
-48547.0
-52563.5
-48044.0
-58781.0
-40322.0
-38840.0
-45400.0
-52649.0
-47724.0
-43286.0
-53811.0
-58924.0
-39675.0
-48245.0
-42624.0
-47012.25
-48981.0
-44881.0
-34078.0
-31823.0
-39872.0
-46092.0
-63342.0
-43475.0
-51180.0
-43112.0
-48434.0
-37694.0
-43115.0
-51577.0
-34686.0
-39239.0
-39991.0
-58192.0
-35004.0
-49666.0
-36570.0
-35050.0
-40689.0
-76690.75
-36733.0
-46495.0
-44685.0
-45333.0
-37478.0
-35314.0
-36586.0
-45556.0
-47345.0
-30329.0
-58843.0
-46943.0
-55415.0
-42739.0
-37112.0
-47652.0
-43374.0
-40941.25
-50974.0
-34411.25
-43824.0
-47222.25
-46052.0
-48420.0
-38466.0
-34476.0
-41491.0
-38555.0
-40115.0
-37108.0
-34840.0
-43883.0
-50068.0
-45470.0
-44876.0
-33441.0
-35384.0
-35833.0
-42887.0
-44242.0
-37982.0
-36989.0
-40551.75
-31768.0
-36428.0
-43087.0
-38528.0
-35912.0
-46489.0
-56415.0
-41603.0
-38136.0
-37322.0
-41677.0
-48039.0
-44569.25
-64128.75
-41355.0
-41744.0
-33338.0
-37793.0
-39725.5
-39159.0
-46501.0
-39033.0
-36900.0
-35031.0
-37886.0
-46029.0
-40262.0
-33909.0
-43609.0
-56482.0
-40820.0
-41719.0
-34947.0
-39320.0
-33500.0
-37923.0
-28731.0
-44366.0
-31615.0
-52319.0
-34131.0
-41347.0
-33294.0
-27756.0
-39039.0
-74391.0
-45975.0
-47717.0
-49741.0
-49514.0
-47264.0
-38233.0
-47432.0
-45111.0
-46840.75
-43110.0
-44237.0
-45825.25
