392615
388456
534413
346784
537260
376806
476509
350561
524605
461964
532149
356095
373969
305064
333744
405992
508143
373799
412656
363133
336585
293018
463523
401269
587643
334307
354653
423703
283027
468441
397824
536897
492624
334910
352541
330842
460461
421963
434267
349117
390416
269490
283163
479447
417693
328148
479718
366617
590831
382110
332499
456760
358664
297545
394616
360490
342672
291790
409193
352083
273203
342216
343145
345294
332735
417594
352561
400305
378360
275556
418058
370817
253967
280189
386034
383138
261496
335575
271079
249336
331600
418223
405091
293066
336369
281545
340399
341404
327489
322520
265683
281968
306618
253077
339211
282858
284929
255198
256715
318917
250507
302736
284146
242065
236785
262164
271293
252641
384885
232219
281140
255982
204096
277498
224830
390550
332263
329426
328877
235982
288185
327057
380004
255811
297338
245603
291054
293685
335338
225761
282664
249799
295938
324803
270073
287663
270575
244676
325915
309173
321312
269605
273095
345012
235528
225276
343172
286646
301870
283071
241908
288138
245392
234404
214569
276215
287914
248683
290695
207309
263896
269107
253658
287206
244579
246172
225843
234693
267488
331206
262312
279477
240016
277845
252702
262721
330703
259914
245636
237517
288886
291939
316321
237026
222993
235525
211490
291211
267498
320753
317410
334991
279667
260437
285383
258177
301827
342050
327959
332058
243969
227155
238039
230114
262541
245120
189989
294198
217907
250622
209067
225793
241614
279040
194090
290011
206665
235650
286327
223720
203179
255602
204237
313653
194322
241139
262321
223039
251610
216888
205798
222817
205210
261309
232357
225431
250754
229264
333531
252810
256808
256267
237833
231456
315625
210210
206789
199507
237920
214661
240832
223769
227516
236746
249902
211452
217600
235115
226733
205603
234944
226022
207253
193130
212114
197280
257018
240580
249564
228878
204708
229149
182076
228876
202834
215666
206979
243557
199781
235942
238370
224510
228863
240259
238268
248290
201323
231005
190512
236419
233881
218000
228862
214822
242418
192580
211786
216483
170123
196310
196342
233928
214730
173761
180747
220143
219095
225889
238638
190080
204312
225759
211300
194496
246698
177095
180332
210886
208395
222221
186178
216862
174961
215524
170707
232744
198250
209883
218212
201876
224703
204444
215127
180728
218091
239661
182810
202826
202283
202622
218165
203978
193046
175573
177633
190930
247335
191658
198616
179987
241469
210486
212171
233379
221084
189644
194339
194757
246973
172236
198079
189421
195192
183294
190487
238356
227694
239336
232755
191808
185587
229879
201116
182748
167996
198948
191018
193639
177287
191103
197102
193555
185802
210606
226696
184253
192472
182532
176470
194659
172234
184341
181423
178219
169303
197655
194773
194665
270941
218201
264228
191365
206855
168028
181812
191238
191739
242089
202852
222461
201268
195199
167823
207728
183905
172503
185759
206719
211100
182503
173760
191575
196184
177871
183953
184899
173906
157520
194599
185415
160549
166295
166024
197732
169478
196022
184679
183421
175433
171177
186003
202891
187027
161722
186444
155949
170706
166618
183494
172447
175717
154947
173036
184689
158367
195820
198861
161925
172500
176309
147656
183379
176671
181724
179315
163713
159704
177853
160424
163594
179312
156363
201524
188063
178723
172539
182237
158362
243493
197708
203387
188395
167832
151689
203491
177567
183347
166532
183308
164951
159937
163089
169352
165567
174841
167354
166907
162147
151111
136615
158078
147530
167305
155180
159698
178244
165327
198330
150375
169416
166090
174937
145076
189322
153444
156690
147190
156772
184094
155855
196473
141598
153652
171226
154438
179301
166330
171473
194604
170764
142002
159257
165008
169211
158945
148309
201906
165902
146184
198947
170271
186455
173631
148988
150093
164305
141111
174975
150224
174479
152603
169742
168591
153260
161463
149945
141547
158207
151664
145189
157198
158220
162588
151828
169906
152933
160385
142548
166800
144015
153766
150985
152885
156469
144686
150437
148916
157904
152949
144803
143536
165000
157416
143068
169614
167968
149562
147197
147661
150933
153351
150421
152328
153955
142552
153514
171604
144310
170405
158675
148314
153714
157101
176740
146209
145004
153551
144090
155256
146358
135990
147537
171724
159824
138464
150627
169811
147619
147907
141414
152225
146388
168515
153314
146109
229409
182357
147399
160992
162810
121971
154992
158197
172698
155744
157269
156077
143410
150317
151757
137242
145777
139220
132533
129242
130344
195257
163783
142493
152353
200566
197121
162321
144228
150617
156123
183972
142432
159710
153105
143120
140329
145653
142683
148541
145155
138410
131629
150623
166564
142285
143582
151006
129863
161967
148613
155950
161243
159275
127187
140346
136927
132401
128663
150604
146457
149880
133969
151502
175230
169407
155946
141642
132804
141692
156179
147939
159803
154483
148906
159310
145444
137423
135799
148606
151367
180526
142744
122903
138954
133399
142234
155001
152523
139204
133292
196459
130907
158925
146316
140666
136709
137316
143857
147579
139208
140150
139138
129920
120253
143759
160748
140610
136846
148235
151231
141936
142541
148210
138112
127749
142898
127757
139058
124515
126412
124515
130601
145713
126006
136209
126325
148966
127570
131918
124776
132146
126803
145621
126037
141461
142577
149769
134091
136096
143939
130459
132111
143680
128186
134130
130284
142504
129711
145369
144132
124075
127127
133542
159281
136871
135110
130667
127600
126280
134157
136036
131663
125065
132690
119144
128960
147628
125865
134894
110541
126130
127427
136963
127027
139370
147328
148666
121465
127263
117137
147288
149013
137500
120232
134652
141155
130853
135035
133700
130251
120929
120046
121950
135859
121226
146850
128741
138104
122278
124451
132111
124090
109589
134353
125646
116178
148991
129834
127244
138819
139025
114613
129868
148206
124096
129855
129979
151378
124892
122381
121765
135456
124175
120598
142265
135812
122989
124822
112069
130537
123659
134561
120091
127881
152480
135240
159935
115866
120363
136936
135610
129027
126327
145687
141974
123646
133531
125003
132213
125166
121787
106787
110487
119562
132367
146946
122119
137623
123736
124467
117654
124389
138978
118660
124482
119471
140918
112523
135327
115078
119622
119195
162238
115111
121345
130902
125892
116008
118133
111572
123709
120918
111369
148854
129114
133662
123646
127774
127970
116139
122111
134350
103334
126974
142256
123424
128433
122969
117720
135559
118537
113624
112336
121271
130143
138422
126880
129102
114552
115367
116890
128273
120719
116233
114558
126384
113584
113712
118883
118081
118937
128626
133919
126935
120408
113877
121061
125934
131947
131838
126476
126441
111994
120059
111569
121867
130159
120810
121320
115769
115406
125998
124215
120881
114413
143220
124259
119438
116400
126254
114925
114350
100836
134869
110476
139976
104109
125489
114788
98139
117686
176241
124124
129013
131955
123937
132514
114398
130935
128352
130515
128551
119665
117836
