72.70648148148148
71.93629629629629
98.96537037037037
64.21925925925926
99.49259259259259
69.77888888888889
88.24240740740741
64.9187037037037
97.14907407407408
85.54888888888888
98.54611111111112
65.94351851851852
69.25351851851852
56.49333333333333
61.80444444444444
75.1837037037037
94.10055555555556
69.22203703703704
76.41777777777777
67.24685185185186
62.330555555555556
54.26259259259259
85.83759259259259
74.30907407407408
108.82277777777777
61.9087037037037
65.67648148148149
78.46351851851851
52.41240740740741
86.74833333333333
73.67111111111112
99.42537037037037
91.22666666666667
62.02037037037037
65.28537037037037
61.267037037037035
85.27055555555556
78.14129629629629
80.41981481481481
64.6512962962963
72.29925925925926
49.90555555555556
52.437592592592594
88.78648148148149
77.35055555555556
60.76814814814815
88.83666666666667
67.89203703703704
109.41314814814815
70.7611111111111
61.57388888888889
84.58518518518518
66.41925925925926
55.10092592592593
73.07703703703703
66.75740740740741
63.45777777777778
54.035185185185185
75.77648148148148
65.20055555555555
50.593148148148146
63.373333333333335
63.54537037037037
63.943333333333335
61.617592592592594
77.33222222222223
65.28907407407408
74.13055555555556
70.06666666666666
51.028888888888886
77.41814814814815
68.66981481481481
47.03092592592593
51.88685185185185
71.48777777777778
70.95148148148148
48.425185185185185
62.14351851851852
50.199814814814815
46.17333333333333
61.407407407407405
77.4487037037037
75.01685185185185
54.27148148148148
62.29055555555556
52.137962962962966
63.03685185185185
63.22296296296296
60.64611111111111
59.72592592592593
49.20055555555555
52.2162962962963
56.78111111111111
46.86611111111111
62.81685185185185
52.38111111111111
52.76462962962963
47.25888888888889
47.53981481481482
59.058703703703706
46.39018518518518
56.062222222222225
52.61962962962963
44.82685185185185
43.849074074074075
48.54888888888889
50.239444444444445
46.78537037037037
71.275
43.00351851851852
52.06296296296296
47.404074074074074
37.79555555555555
51.38851851851852
41.635185185185186
72.32407407407408
61.53018518518518
61.004814814814814
60.90314814814815
43.70037037037037
53.367592592592594
60.56611111111111
70.3711111111111
47.37240740740741
55.062592592592594
45.48203703703704
53.89888888888889
54.38611111111111
62.09962962962963
41.80759259259259
52.34518518518519
46.25907407407407
54.803333333333335
60.1487037037037
50.01351851851852
53.27092592592592
50.10648148148148
45.31037037037037
60.35462962962963
57.25425925925926
59.50222222222222
49.92685185185185
50.57314814814815
63.89111111111111
43.6162962962963
41.717777777777776
63.55037037037037
53.08259259259259
55.90185185185185
52.42055555555555
44.797777777777775
53.35888888888889
45.442962962962966
43.40814814814815
39.735
51.150925925925925
53.31740740740741
46.05240740740741
53.83240740740741
38.39055555555556
48.86962962962963
49.83462962962963
46.973703703703706
53.1862962962963
45.29240740740741
45.587407407407404
41.82277777777778
43.461666666666666
49.534814814814816
61.33444444444444
48.5762962962963
51.755
44.447407407407404
51.452777777777776
46.79666666666667
48.65203703703704
61.2412962962963
48.132222222222225
45.48814814814815
43.98462962962963
53.49740740740741
54.062777777777775
58.577962962962964
43.89370370370371
41.295
43.61574074074074
39.16481481481482
53.927962962962965
49.53666666666667
59.3987037037037
58.77962962962963
62.03537037037037
51.79018518518519
48.22907407407408
52.848703703703706
47.81055555555555
55.89388888888889
63.342592592592595
60.733148148148146
61.492222222222225
45.17944444444444
42.06574074074074
44.081296296296294
42.613703703703706
48.6187037037037
45.39259259259259
35.18314814814815
54.48111111111111
40.35314814814815
46.41148148148148
38.71611111111111
41.81351851851852
44.74333333333333
51.67407407407408
35.94259259259259
53.705740740740744
38.2712962962963
43.638888888888886
53.02351851851852
41.42962962962963
37.62574074074074
47.333703703703705
37.821666666666665
58.083888888888886
35.98555555555556
44.65537037037037
48.577962962962964
41.303518518518516
46.59444444444444
40.16444444444444
38.11074074074074
41.26240740740741
38.00185185185185
48.39055555555556
43.029074074074074
41.74648148148148
46.43592592592593
42.456296296296294
61.765
46.81666666666667
47.557037037037034
47.45685185185185
44.04314814814815
42.86222222222222
58.449074074074076
38.92777777777778
38.294259259259256
36.94574074074074
44.05925925925926
39.752037037037034
44.59851851851852
41.4387037037037
42.132592592592594
43.84185185185185
46.27814814814815
39.15777777777778
40.2962962962963
43.53981481481482
41.98759259259259
38.07462962962963
43.508148148148145
41.85592592592592
38.380185185185184
35.76481481481481
39.28037037037037
36.53333333333333
47.595925925925926
44.55185185185185
46.215555555555554
42.38481481481482
37.90888888888889
42.435
33.717777777777776
42.38444444444445
37.56185185185185
39.93814814814815
38.32944444444445
45.10314814814815
36.99648148148148
43.692962962962966
44.14259259259259
41.57592592592592
42.38203703703704
44.492407407407406
44.123703703703704
45.97962962962963
37.282037037037036
42.778703703703705
35.28
43.7812962962963
43.3112962962963
40.370370370370374
42.38185185185185
39.781851851851854
44.89222222222222
35.662962962962965
39.21962962962963
40.089444444444446
31.50425925925926
36.3537037037037
36.35962962962963
43.32
39.76481481481481
32.177962962962965
33.471666666666664
40.76722222222222
40.57314814814815
41.831296296296294
44.19222222222222
35.2
37.83555555555556
41.80722222222222
39.129629629629626
36.01777777777778
45.684814814814814
32.79537037037037
33.394814814814815
39.052962962962965
38.59166666666667
41.15203703703704
34.477407407407405
40.15962962962963
32.40018518518519
39.91185185185185
31.612407407407407
43.10074074074074
36.71296296296296
38.867222222222225
40.40962962962963
37.38444444444445
41.611666666666665
37.86
39.83833333333333
33.468148148148146
40.38722222222222
44.38166666666667
33.8537037037037
37.56037037037037
37.45981481481481
37.522592592592595
40.400925925925925
37.7737037037037
35.74925925925926
32.51351851851852
32.895
35.35740740740741
45.80277777777778
35.492222222222225
36.78074074074074
33.330925925925925
44.71648148148148
38.97888888888889
39.290925925925926
43.218333333333334
40.94148148148148
35.11925925925926
35.988703703703706
36.06611111111111
45.73574074074074
31.895555555555557
36.681296296296296
35.077962962962964
36.14666666666667
33.943333333333335
35.27537037037037
44.14
42.16555555555556
44.321481481481484
43.102777777777774
35.52
34.36796296296296
42.57018518518519
37.2437037037037
33.84222222222222
31.11037037037037
36.84222222222222
35.373703703703704
35.85907407407407
32.830925925925925
35.38944444444444
36.50037037037037
35.84351851851852
34.40777777777778
39.00111111111111
41.98074074074074
34.120925925925924
35.64296296296296
33.80222222222222
32.67962962962963
36.04796296296296
31.895185185185184
34.13722222222222
33.59685185185185
33.00351851851852
31.35240740740741
36.602777777777774
36.069074074074074
36.04907407407408
50.17425925925926
40.40759259259259
48.931111111111115
35.43796296296296
38.306481481481484
31.116296296296298
33.66888888888889
35.41444444444444
35.507222222222225
44.831296296296294
37.565185185185186
41.196481481481484
37.27185185185185
36.147962962962964
31.078333333333333
38.468148148148146
34.056481481481484
31.945
34.39981481481482
38.2812962962963
39.092592592592595
33.796851851851855
32.17777777777778
35.476851851851855
36.33037037037037
32.93907407407407
34.06537037037037
34.24055555555555
32.20481481481482
29.17037037037037
36.03685185185185
34.33611111111111
29.731296296296296
30.79537037037037
30.745185185185186
36.617037037037036
31.384814814814813
36.30037037037037
34.199814814814815
33.96685185185185
32.48759259259259
31.699444444444445
34.445
37.572407407407404
34.63462962962963
29.94851851851852
34.526666666666664
28.879444444444445
31.612222222222222
30.855185185185185
33.98037037037037
31.93462962962963
32.54018518518519
28.69388888888889
32.043703703703706
34.20166666666667
29.327222222222222
36.262962962962966
36.82611111111111
29.98611111111111
31.944444444444443
32.64981481481482
27.343703703703703
33.959074074074074
32.71685185185185
33.65259259259259
33.20648148148148
30.317222222222224
29.574814814814815
32.93574074074074
29.708148148148148
30.295185185185186
33.205925925925925
28.95611111111111
37.31925925925926
34.82648148148148
33.09685185185185
31.951666666666668
33.74759259259259
29.326296296296295
45.0912962962963
36.61259259259259
37.66425925925926
34.887962962962966
31.08
28.090555555555557
37.68351851851852
32.882777777777775
33.953148148148145
30.839259259259258
33.94592592592593
30.546481481481482
29.617962962962963
30.201666666666668
31.36148148148148
30.660555555555554
32.37796296296296
30.991481481481483
30.908703703703704
30.02722222222222
27.98351851851852
25.299074074074074
29.273703703703703
27.32037037037037
30.982407407407408
28.737037037037037
29.573703703703703
33.008148148148145
30.61611111111111
36.727777777777774
27.84722222222222
31.373333333333335
30.757407407407406
32.39574074074074
26.865925925925925
35.05962962962963
28.415555555555557
29.016666666666666
27.257407407407406
29.03185185185185
34.09148148148148
28.862037037037037
36.38388888888889
26.221851851851852
28.454074074074075
31.708518518518517
28.59962962962963
33.20388888888889
30.80185185185185
31.75425925925926
36.03777777777778
31.622962962962962
26.296666666666667
29.492037037037036
30.557037037037038
31.33537037037037
29.43425925925926
27.46462962962963
37.39
30.722592592592594
27.07111111111111
36.84203703703704
31.531666666666666
34.528703703703705
32.153888888888886
27.59037037037037
27.795
30.42685185185185
26.131666666666668
32.40277777777778
27.81925925925926
32.31092592592593
28.259814814814813
31.433703703703703
31.220555555555556
28.381481481481483
29.900555555555556
27.767592592592592
26.212407407407408
29.297592592592594
28.085925925925928
26.88685185185185
29.11074074074074
29.3
30.108888888888888
28.116296296296298
31.464074074074073
28.320925925925927
29.700925925925926
26.397777777777776
30.88888888888889
26.669444444444444
28.475185185185186
27.960185185185185
28.312037037037037
28.97574074074074
26.793703703703702
27.858703703703704
27.577037037037037
29.241481481481483
28.323888888888888
26.81537037037037
26.58074074074074
30.555555555555557
29.15111111111111
26.494074074074074
31.41
31.105185185185185
27.696666666666665
27.258703703703702
27.34462962962963
27.950555555555557
28.398333333333333
27.855740740740742
28.20888888888889
28.510185185185186
26.398518518518518
28.42851851851852
31.778518518518517
26.724074074074075
31.55648148148148
29.38425925925926
27.465555555555557
28.465555555555557
29.092777777777776
32.72962962962963
27.07574074074074
26.852592592592593
28.43537037037037
26.683333333333334
28.75111111111111
27.10333333333333
25.183333333333334
27.321666666666665
31.80074074074074
29.597037037037037
25.64148148148148
27.89388888888889
31.44648148148148
27.33685185185185
27.390185185185185
26.18777777777778
28.189814814814813
27.108888888888888
31.206481481481482
28.39148148148148
27.057222222222222
42.483148148148146
33.769814814814815
27.29611111111111
29.813333333333333
30.15
22.587222222222223
28.702222222222222
29.29574074074074
31.98111111111111
28.84148148148148
29.12388888888889
28.903148148148148
26.557407407407407
27.83648148148148
28.103148148148147
25.415185185185184
26.99574074074074
25.78148148148148
24.54314814814815
23.933703703703703
24.137777777777778
36.1587037037037
30.330185185185186
26.387592592592593
28.21351851851852
37.141851851851854
36.50388888888889
30.059444444444445
26.70888888888889
27.89203703703704
28.911666666666665
34.068888888888885
26.376296296296296
29.575925925925926
28.352777777777778
26.503703703703703
25.986851851851853
26.97277777777778
26.422777777777778
27.50759259259259
26.880555555555556
25.631481481481483
24.375740740740742
27.89314814814815
30.845185185185183
26.349074074074075
26.589259259259258
27.964074074074073
24.048703703703705
29.99388888888889
27.520925925925926
28.87962962962963
29.859814814814815
29.49537037037037
23.553148148148146
25.99
25.35685185185185
24.518703703703704
23.82648148148148
27.88962962962963
27.121666666666666
27.755555555555556
24.809074074074076
28.055925925925926
32.45
31.371666666666666
28.878888888888888
26.23
24.593333333333334
26.23925925925926
28.922037037037036
27.39611111111111
29.59314814814815
28.60796296296296
27.575185185185184
29.501851851851853
26.934074074074076
25.448703703703703
25.147962962962964
27.51962962962963
28.030925925925924
33.43074074074074
26.434074074074076
22.759814814814813
25.732222222222223
24.703518518518518
26.33962962962963
28.70388888888889
28.245
25.778518518518517
24.683703703703703
36.3812962962963
24.242037037037036
29.430555555555557
27.095555555555556
26.04925925925926
25.316481481481482
25.42888888888889
26.640185185185185
27.329444444444444
25.77925925925926
25.953703703703702
25.766296296296296
24.05925925925926
22.269074074074073
26.622037037037035
29.76814814814815
26.038888888888888
25.341851851851853
27.450925925925926
28.00574074074074
26.284444444444443
26.39648148148148
27.446296296296296
25.576296296296295
23.657222222222224
26.462592592592593
23.658703703703704
25.75148148148148
23.058333333333334
23.40962962962963
23.058333333333334
24.18537037037037
26.983888888888888
23.334444444444443
25.22388888888889
23.39351851851852
27.586296296296297
23.624074074074073
24.429259259259258
23.106666666666666
24.471481481481483
23.48203703703704
26.966851851851853
23.340185185185184
26.19648148148148
26.403148148148148
27.735
24.831666666666667
25.202962962962964
26.65537037037037
24.159074074074073
24.465
26.607407407407408
23.73814814814815
24.83888888888889
24.126666666666665
26.38962962962963
24.020555555555557
26.920185185185186
26.691111111111113
22.97685185185185
23.542037037037037
24.73
29.49648148148148
25.346481481481483
25.02037037037037
24.197592592592592
23.62962962962963
23.385185185185186
24.843888888888888
25.19185185185185
24.382037037037037
23.160185185185185
24.572222222222223
22.063703703703705
23.881481481481483
27.33851851851852
23.308333333333334
24.98037037037037
20.470555555555556
23.357407407407408
23.597592592592594
25.363518518518518
23.523518518518518
25.80925925925926
27.282962962962962
27.53074074074074
22.493518518518517
23.567222222222224
21.692037037037036
27.275555555555556
27.595
25.462962962962962
22.265185185185185
24.935555555555556
26.139814814814816
24.23203703703704
25.006481481481483
24.75925925925926
24.120555555555555
22.394259259259258
22.230740740740742
22.583333333333332
25.159074074074073
22.44925925925926
27.194444444444443
23.840925925925927
25.574814814814815
22.644074074074073
23.046481481481482
24.465
22.97962962962963
20.29425925925926
24.880185185185184
23.267777777777777
21.514444444444443
27.590925925925927
24.043333333333333
23.563703703703705
25.70722222222222
25.74537037037037
21.22462962962963
24.049629629629628
27.445555555555554
22.980740740740742
24.04722222222222
24.070185185185185
28.032962962962962
23.12814814814815
22.66314814814815
22.549074074074074
25.084444444444443
22.99537037037037
22.332962962962963
26.34537037037037
25.15037037037037
22.77574074074074
23.115185185185187
20.75351851851852
24.17351851851852
22.899814814814814
24.918703703703702
22.239074074074075
23.68166666666667
28.237037037037037
25.044444444444444
29.617592592592594
21.456666666666667
22.289444444444445
25.35851851851852
25.112962962962964
23.89388888888889
23.39388888888889
26.979074074074074
26.291481481481483
22.897407407407407
24.727962962962962
23.148703703703703
24.483888888888888
23.17888888888889
22.553148148148146
19.77537037037037
20.460555555555555
22.141111111111112
24.51240740740741
27.212222222222223
22.61462962962963
25.48574074074074
22.914074074074072
23.049444444444443
21.787777777777777
23.035
25.736666666666668
21.974074074074075
23.052222222222223
22.124259259259258
26.095925925925926
20.837592592592593
25.060555555555556
21.31074074074074
22.15222222222222
22.07314814814815
30.044074074074075
21.31685185185185
22.471296296296295
24.24111111111111
23.313333333333333
21.48296296296296
21.87648148148148
20.66148148148148
22.909074074074073
22.392222222222223
20.62388888888889
27.565555555555555
23.91
24.752222222222223
22.897407407407407
23.661851851851853
23.69814814814815
21.50722222222222
22.61314814814815
24.87962962962963
19.135925925925925
23.513703703703705
26.343703703703703
22.856296296296296
23.78388888888889
22.772037037037038
21.8
25.10351851851852
21.951296296296295
21.041481481481483
20.80296296296296
22.457592592592594
24.100555555555555
25.633703703703702
23.496296296296297
23.907777777777778
21.213333333333335
21.36425925925926
21.646296296296295
23.75425925925926
22.35537037037037
21.52462962962963
21.214444444444446
23.404444444444444
21.034074074074073
21.057777777777776
22.01537037037037
21.86685185185185
22.02537037037037
23.81962962962963
24.799814814814816
23.506481481481483
22.297777777777778
21.088333333333335
22.418703703703702
23.32111111111111
24.43462962962963
24.414444444444445
23.421481481481482
23.415
20.73962962962963
22.23314814814815
20.660925925925927
22.567962962962962
24.10351851851852
22.372222222222224
22.466666666666665
21.438703703703705
21.37148148148148
23.332962962962963
23.002777777777776
22.38537037037037
21.187592592592594
26.522222222222222
23.010925925925925
22.118148148148148
21.555555555555557
23.380370370370372
21.28240740740741
21.175925925925927
18.673333333333332
24.97574074074074
20.458518518518517
25.921481481481482
19.279444444444444
23.238703703703703
21.257037037037037
18.17388888888889
21.793703703703702
32.63722222222222
22.985925925925926
23.891296296296296
24.43611111111111
22.951296296296295
24.53962962962963
21.184814814814814
24.247222222222224
23.76888888888889
24.169444444444444
23.80574074074074
22.160185185185185
21.82148148148148
