94945
97971
99104
96160
91474
97908
91010
92503
87216
92945
91457
91980
93069
91562
93555
90930
92703
91518
91809
97919
89192
94816
94727
95405
91559
90454
95041
90389
92286
90449
94246
96038
92587
94255
99199
96725
97566
92618
91184
96005
96823
100452
94685
93858
99040
98051
95305
92297
89548
90611
91112
95667
91880
96018
92115
98001
98311
91235
89188
96243
95416
93628
94031
90288
90609
96329
95001
91874
95993
93099
94849
90027
92284
92190
90753
92738
98052
96372
94218
92544
92026
92755
94179
88782
92828
93523
95376
91177
92056
96968
90472
99236
92500
99490
95935
95842
91656
94043
99242
93095
