-72177.0
-75322.0
-75439.0
-72747.0
-70578.0
-76072.0
-70241.0
-70968.0
-67815.0
-71566.0
-71566.0
-71606.0
-72667.0
-72337.0
-72063.0
-70150.0
-72547.0
-71399.0
-71426.0
-74835.0
-69725.0
-74302.0
-68800.0
-73567.0
-71283.0
-70769.0
-73740.0
-70639.0
-72115.0
-69937.0
-73542.0
-73753.0
-71354.0
-74020.0
-75304.0
-72262.0
-74123.0
-73011.0
-71710.0
-71004.0
-74256.0
-77378.0
-72639.0
-72609.0
-77203.0
-74467.0
-73655.0
-71278.0
-68907.0
-70367.0
-70352.0
-74303.0
-70905.0
-73141.0
-67620.0
-76112.0
-72518.0
-71509.0
-68792.0
-73422.0
-70175.0
-71705.0
-72726.0
-72115.0
-70309.0
-74977.0
-73744.0
-72116.0
-73779.0
-71583.0
-73065.0
-70605.0
-71789.0
-71320.0
-70817.0
-73663.0
-76241.0
-74749.0
-73963.0
-72234.0
-69244.0
-72960.0
-74034.0
-68383.0
-71442.0
-69841.0
-71956.0
-69804.0
-71404.0
-76095.0
-69592.0
-75782.0
-72400.0
-74644.0
-74179.0
-74962.0
-71240.0
-72141.0
-72072.0
-73060.0
