17.58240740740741
18.142777777777777
18.352592592592593
17.807407407407407
16.93962962962963
18.13111111111111
16.853703703703705
17.130185185185184
16.15111111111111
17.21203703703704
16.936481481481483
17.033333333333335
17.235
16.955925925925925
17.325
16.83888888888889
17.16722222222222
16.947777777777777
17.001666666666665
18.13314814814815
16.51703703703704
17.558518518518518
17.542037037037037
17.66759259259259
16.95537037037037
16.750740740740742
17.600185185185186
16.738703703703703
17.09
16.749814814814815
17.452962962962964
17.784814814814816
17.14574074074074
17.45462962962963
18.370185185185186
17.912037037037038
18.067777777777778
17.151481481481483
16.885925925925925
17.778703703703705
17.930185185185184
18.602222222222224
17.534259259259258
17.38111111111111
18.340740740740742
18.157592592592593
17.649074074074075
17.092037037037038
16.582962962962963
16.779814814814817
16.872592592592593
17.71611111111111
17.014814814814816
17.781111111111112
17.058333333333334
18.148333333333333
18.20574074074074
16.89537037037037
16.516296296296296
17.822777777777777
17.66962962962963
17.33851851851852
17.41314814814815
16.72
16.779444444444444
17.838703703703704
17.592777777777776
17.013703703703705
17.776481481481483
17.240555555555556
17.56462962962963
16.671666666666667
17.08962962962963
17.072222222222223
16.80611111111111
17.173703703703705
18.157777777777778
17.846666666666668
17.447777777777777
17.137777777777778
17.041851851851852
17.17685185185185
17.440555555555555
16.441111111111113
17.19037037037037
17.319074074074074
17.662222222222223
16.88462962962963
17.04740740740741
17.957037037037036
16.754074074074072
18.377037037037038
17.12962962962963
18.424074074074074
17.76574074074074
17.74851851851852
16.973333333333333
17.415370370370372
18.37814814814815
17.239814814814814
