10.088333333333333
6.481481481481482
6.6214814814814815
6.095555555555555
8.531481481481482
8.013703703703703
6.86962962962963
6.797592592592593
6.196481481481482
7.96425925925926
7.532592592592593
7.868148148148149
6.712962962962963
13.246481481481482
7.342407407407407
6.5579629629629625
9.10574074074074
6.062222222222222
6.859444444444445
7.525925925925926
6.510925925925926
9.972962962962963
8.65462962962963
8.893333333333333
8.972592592592592
9.65611111111111
9.575555555555555
8.984814814814815
9.881481481481481
9.757407407407408
10.997592592592593
9.112592592592593
24.47222222222222
7.739259259259259
17.037407407407407
28.129814814814814
20.867962962962963
9.310185185185185
12.173333333333334
16.71962962962963
13.01388888888889
10.807222222222222
10.948148148148148
9.298518518518518
30.71648148148148
23.125740740740742
27.384444444444444
15.118703703703703
41.83425925925926
10.155555555555555
22.009444444444444
17.227592592592593
31.828333333333333
54.30240740740741
24.991481481481483
73.13555555555556
39.89055555555556
18.960925925925928
43.97222222222222
11.302407407407408
33.32
65.01037037037037
28.80925925925926
79.05296296296297
98.75592592592592
23.748703703703704
52.30129629629629
117.24592592592593
95.48574074074074
165.57518518518518
40.77092592592592
34.99648148148148
73.0338888888889
62.43351851851852
29.835
96.16574074074074
119.95018518518519
172.16814814814813
111.9612962962963
137.45907407407407
116.57981481481481
267.94166666666666
313.5003703703704
280.45574074074074
68.3237037037037
164.12351851851852
166.27907407407406
305.9037037037037
255.73777777777778
190.68666666666667
219.57222222222222
193.47555555555556
229.50185185185185
326.2994444444444
243.4437037037037
276.4259259259259
300.7174074074074
554.0785185185185
666.4466666666667
618.4607407407408
