-351517.0
-114540.0
-113559.0
-104877.0
-213383.0
-177823.0
-140830.0
-123660.0
-116686.0
-182198.0
-198816.0
-173713.0
-134658.0
-823811.0
-176163.0
-140746.0
-312065.0
-139659.0
-179219.0
-149281.0
-122008.0
-401092.0
-273828.0
-265255.0
-267584.0
-271170.0
-298737.0
-321864.0
-314195.0
-360563.0
-480706.0
-261537.0
-2114912.0
-193926.0
-1155649.0
-2416226.0
-2038305.0
-308469.0
-601808.0
-873219.0
-578012.0
-499851.0
-475612.0
-345784.0
-2345638.0
-1582356.0
-1897493.0
-587807.0
-4216272.0
-350075.0
-2014784.0
-1143266.0
-4017694.0
-7768195.0
-2092125.0
-16008144.0
-5160205.0
-1473287.0
-6808577.0
-534801.0
-4268163.0
-15807683.0
-2711116.0
-15326935.0
-20391783.0
-1935339.0
-10932960.0
-40432756.0
-19711271.0
-48981766.0
-5421849.0
-3993086.0
-21428499.0
-14907658.0
-3910241.0
-40182009.0
-31055618.0
-111300093.0
-49378021.0
-69056012.0
-49557380.0
-145592851.0
-190787994.0
-185798016.0
-15039747.0
-99652786.0
-96362706.0
-188761858.0
-190989355.0
-117505836.0
-166923135.0
-138664472.0
-173400366.0
-321497119.0
-183280936.0
-240404740.0
-263448724.0
-535978354.0
-720562345.0
-628097224.0
