54477
35000
35756
32916
46070
43274
37096
36707
33461
43007
40676
42488
36250
71531
39649
35413
49171
32736
37041
40640
35159
53854
46735
48024
48452
52143
51708
48518
53360
52690
59387
49208
132150
41792
92002
151901
112687
50275
65736
90286
70275
58359
59120
50212
165869
124879
147876
81641
225905
54840
118851
93029
171873
293233
134954
394932
215409
102389
237450
61033
179928
351056
155570
426886
533282
128243
282427
633128
515623
894106
220163
188981
394383
337141
161109
519295
647731
929708
604591
742279
629531
1446885
1692902
1514461
368948
886267
897907
1651880
1380984
1029708
1185690
1044768
1239310
1762017
1314596
1492700
1623874
2992024
3598812
3339688
