-272800.0
-184841.0
-187742.0
-419861.0
-335393.0
-221832.0
-267353.0
-230897.0
-348524.0
-266207.0
-316906.0
-344056.0
-259696.0
-305150.0
-196748.0
-350323.0
-188058.0
-266326.0
-276073.0
-242823.0
-270504.0
-254021.0
-392932.0
-226679.0
-249430.0
-297687.0
-265537.0
-175450.0
-193649.0
-292010.0
-258065.0
-329463.0
-251717.0
-320283.0
-245697.0
-282783.0
-175210.0
-280425.0
-223291.0
-191601.0
-157631.0
-324569.0
-183450.0
-319575.0
-323829.0
-246648.0
-269294.0
-279107.0
-299394.0
-265117.0
-273207.0
-189987.0
-240349.0
-191657.0
-215141.0
-245874.0
-401221.0
-201444.0
-350377.0
-255534.0
-205934.0
-192534.0
-193216.0
-329832.0
-230581.0
-140034.0
-287606.0
-200150.0
-273277.0
-282765.0
-147766.0
-407610.0
-193437.0
-225887.0
-269453.0
-173173.0
-191089.0
-192022.0
-231449.0
-273554.0
-250369.0
-226472.0
-215146.0
-270495.0
-224064.0
-211796.0
-175543.0
-190075.0
-238645.0
-234685.0
-227920.0
-297449.0
-212619.0
-168497.0
-247240.0
-266042.0
-210862.0
-220361.0
-213100.0
-326260.0
-172411.0
-303101.0
-190488.0
-178078.0
-379824.0
-246950.0
-318873.0
-256114.0
-165363.0
-167496.0
-434119.0
-216825.0
-204053.0
-261476.0
-176218.0
-264266.0
-401482.0
-193258.0
-238743.0
-312836.0
-263768.0
-316755.0
-280386.0
-218987.0
-308047.0
-347963.0
-245263.0
-236938.0
-277441.0
-333968.0
-233149.0
-228462.0
-292274.0
-211318.0
-274987.0
-209092.0
-264163.0
-292372.0
-293660.0
-299297.0
-374640.0
-386604.0
-304887.0
-413433.0
-239493.0
-411872.0
-291876.0
-423305.0
-489698.0
-402017.0
-170501.0
-230248.0
-312009.0
-201903.0
-367235.0
-247611.0
-426435.0
-227018.0
-315197.0
-206633.0
-211113.0
-331830.0
-273398.0
-264651.0
-214556.0
-246167.0
-303850.0
-265848.0
-364363.0
-341289.0
-313589.0
-352970.0
-452035.0
-250101.0
-228587.0
-158172.0
-298991.0
-252734.0
-194150.0
-301923.0
-410519.0
-212107.0
-248118.0
-243040.0
-471784.0
-266732.0
-349817.0
-232899.0
-210574.0
-282678.0
-256164.0
-189094.0
-246421.0
-177192.0
-445835.0
-203149.0
-169315.0
-288297.0
-451687.0
-247347.0
-276373.0
-218817.0
-234607.0
-264003.0
-172266.0
-250191.0
-224996.0
-281343.0
-230846.0
-216615.0
-176663.0
-202556.0
-195573.0
-200366.0
-338181.0
-198769.0
-300680.0
-274860.0
-142471.0
-193965.0
-290324.0
-252151.0
-138480.0
-181496.0
-349669.0
-298264.0
-353997.0
-347867.0
-265136.0
-205758.0
-208962.0
-286518.0
-502254.0
-275179.0
-233354.0
-313750.0
-248032.0
-481324.0
-512972.0
-290598.0
-287473.0
-284462.0
-644199.0
-331598.0
-256220.0
-382402.0
-240111.0
-222830.0
-251939.0
-533629.0
-174139.0
-236762.0
-248323.0
-293421.0
-374010.0
-353917.0
-274708.0
-263966.0
-241235.0
-305550.0
-462594.0
-419753.0
-450763.0
-382248.0
-420430.0
-792648.0
-285126.0
-329309.0
-374450.0
-297168.0
-314600.0
-328713.0
-172591.0
-209503.0
-369980.0
-269764.0
-313822.0
-176067.0
-186237.0
-294831.0
-208950.0
-245971.0
-530173.0
-382091.0
-353159.0
-295639.0
-256104.0
-435138.0
-379606.0
-415241.0
-240548.0
-260970.0
-390219.0
-434843.0
-508540.0
-350980.0
-270017.0
-234198.0
-271565.0
-233976.0
-400858.0
-284645.0
-225024.0
-176536.0
-317262.0
-165565.0
-185264.0
-205088.0
-152306.0
-240239.0
-205456.0
-303178.0
-169985.0
-253973.0
-228280.0
-260484.0
-293346.0
-283422.0
-295934.0
-336923.0
-235306.0
-216849.0
-210174.0
-140661.0
-414519.0
-239403.0
-289246.0
-174349.0
-260829.0
-257840.0
-217072.0
-174802.0
-237215.0
-215960.0
-208087.0
-185058.0
-191289.0
-315256.0
-273289.0
-268172.0
-574335.0
-648610.0
-264241.0
-292400.0
-434082.0
-603877.0
-446401.0
-307036.0
-468701.0
-373736.0
-245843.0
-424079.0
-290364.0
-501102.0
-304033.0
-358981.0
-441725.0
-211399.0
-229054.0
-276592.0
-639599.0
-217401.0
-303279.0
-534400.0
-573245.0
-246769.0
-272731.0
-290510.0
-365736.0
-175368.0
-281919.0
-223192.0
-196826.0
-275888.0
-222609.0
-297017.0
-272209.0
-170171.0
-296829.0
-169171.0
-147298.0
-143766.0
-160578.0
-232730.0
-177018.0
-167358.0
-277504.0
-158006.0
-193062.0
-271670.0
-240483.0
-204179.0
-194894.0
-199952.0
-168201.0
-222268.0
-170310.0
-258297.0
-258757.0
-168177.0
-229274.0
-217384.0
-168330.0
-287835.0
-180564.0
-246670.0
-256138.0
-226669.0
-218110.0
-239408.0
-168030.0
-203945.0
-199542.0
-223242.0
-213111.0
-205922.0
-187449.0
-157871.0
-171199.0
-178754.0
-178179.0
-154203.0
-196034.0
-298593.0
-563980.0
-255850.0
-386731.0
-283896.0
-341848.0
-633539.0
-289708.0
-252954.0
-424918.0
-403425.0
-352251.0
-480707.0
-311976.0
-213969.0
-219520.0
-297474.0
-189191.0
-187473.0
-125662.0
-263851.0
-176281.0
-226401.0
-171473.0
-255837.0
-213332.0
-230576.0
-292022.0
-197455.0
-209828.0
-170065.0
-157429.0
-160292.0
-183395.0
-270822.0
-186502.0
-147740.0
-172520.0
-254170.0
-158499.0
-207346.0
-189382.0
-288334.0
-232886.0
-302288.0
-275360.0
-225079.0
-214399.0
-271263.0
-340136.0
-224201.0
-141036.0
-136609.0
-179223.0
-132508.0
-152373.0
-136496.0
-116066.0
-135351.0
-205912.0
-211071.0
-173671.0
-147512.0
-151783.0
-240036.0
-162618.0
-127821.0
-164620.0
-204779.0
-139828.0
-179194.0
-158360.0
-268241.0
-218908.0
-141656.0
-210159.0
-119562.0
-228751.0
-371071.0
-257315.0
-234048.0
-295843.0
-183987.0
-307745.0
-199277.0
-267563.0
-211788.0
-353419.0
-203245.0
-140700.0
-158280.0
-245611.0
-342294.0
-275631.0
-389137.0
-653521.0
-389579.0
-428555.0
-347582.0
-330578.0
-302100.0
-529933.0
-417499.0
-550075.0
-291952.0
-222588.0
-394070.0
-371210.0
-500149.0
-422030.0
-346635.0
-466724.0
-520337.0
-435189.0
-484031.0
-474162.0
-522168.0
-526291.0
-622884.0
-400103.0
-424408.0
-284560.0
-169031.0
-234060.0
-165934.0
-162872.0
-212282.0
-328270.0
-201045.0
-231973.0
-339476.0
-171934.0
-157553.0
-206541.0
-150794.0
-159157.0
-185265.0
-189480.0
-224304.0
-170927.0
-183080.0
-330142.0
-335303.0
-397613.0
-409985.0
-334638.0
-490249.0
-595157.0
-518262.0
-459827.0
-389458.0
-473286.0
-708618.0
-334820.0
-423865.0
-338794.0
-235200.0
-169224.0
-235179.0
-266763.0
-160585.0
-271341.0
-466551.0
-637324.0
-346258.0
-324457.0
-255705.0
-480614.0
-250680.0
-232149.0
-257920.0
-316555.0
-440852.0
-320726.0
-416643.0
-385851.0
-361028.0
-190200.0
-286376.0
-239716.0
-410498.0
-343515.0
-456120.0
-327023.0
-350036.0
-464589.0
-314426.0
-312046.0
-364356.0
-451045.0
-742088.0
-429981.0
-516495.0
-464624.0
-461002.0
-357078.0
-322203.0
-264889.0
-455346.0
-692316.0
-431696.0
-552954.0
-272585.0
-429751.0
-614382.0
-457374.0
-663690.0
-361050.0
-611428.0
-376280.0
-423222.0
-547500.0
-594265.0
-343153.0
-416542.0
-467286.0
-298417.0
-296318.0
-222432.0
-213626.0
-392825.0
-118063.0
-218189.0
-189054.0
-491146.0
-316087.0
-348335.0
-399996.0
-272588.0
-262842.0
-278805.0
-343559.0
-388757.0
-281966.0
-245114.0
-304226.0
-386633.0
-414847.0
-383459.0
-398457.0
-465021.0
-277894.0
-123311.0
-294747.0
-226112.0
-346167.0
-283050.0
-253003.0
-297522.0
-279290.0
-217623.0
-326539.0
-284744.0
-339313.0
-413411.0
-313485.0
-367055.0
-234140.0
-241965.0
-248606.0
-135183.0
-246246.0
-211686.0
-193523.0
-190716.0
-222391.0
-356229.0
-292042.0
-345881.0
-286756.0
-178611.0
-215231.0
-266858.0
-286770.0
-296787.0
-189487.0
-267771.0
-292031.0
-290778.0
-274878.0
-348361.0
-278955.0
-201298.0
-314207.0
-257660.0
-209771.0
-218525.0
-237963.0
-473326.0
-233483.0
-282640.0
-188171.0
-315071.0
-255024.0
-382638.0
-172583.0
-251478.0
-288368.0
-314941.0
-273725.0
-514739.0
-232928.0
-203014.0
-345545.0
-333977.0
-415955.0
-249821.0
-237253.0
-312399.0
-276537.0
-193321.0
-242967.0
-425211.0
-250838.0
-367123.0
-282150.0
-248737.0
-216752.0
-373319.0
-468886.0
-565341.0
-304126.0
-288486.0
-391023.0
-390175.0
-217568.0
-425065.0
-377459.0
-287697.0
-274841.0
-282104.0
-221477.0
-335478.0
-251772.0
-225469.0
-195250.0
-152185.0
-179511.0
-159870.0
-133063.0
-142923.0
-153370.0
-281940.0
-204133.0
-171653.0
-219520.0
-170426.0
-202286.0
-282217.0
-186512.0
-361610.0
-230416.0
-142952.0
-169069.0
-158951.0
-234755.0
-140964.0
-283834.0
-222364.0
-190455.0
-265841.0
-280690.0
-164196.0
-336461.0
-211686.0
-344108.0
-392340.0
-219150.0
-264644.0
-310818.0
-250665.0
-147753.0
-228149.0
-309034.0
-291723.0
-367790.0
-345036.0
-327662.0
-442106.0
-341103.0
-359268.0
-506995.0
-434327.0
-444932.0
-458387.0
-517820.0
-911791.0
-752765.0
-793207.0
-1024431.0
-357066.0
-338889.0
-607120.0
-435392.0
-136387.0
-200696.0
-235993.0
-191753.0
-214965.0
-254257.0
-347371.0
-487259.0
-719446.0
-535034.0
-413443.0
-197226.0
-273296.0
-393240.0
-323559.0
-274338.0
-370954.0
-295581.0
-171819.0
-258455.0
-176263.0
-166561.0
-226083.0
-235597.0
-193365.0
-213356.0
-234276.0
-238855.0
-328698.0
-422402.0
-438575.0
-270195.0
-217495.0
-373280.0
-299619.0
-339808.0
-530919.0
-364153.0
-676496.0
-412702.0
-557565.0
-355992.0
-307562.0
-422179.0
-322648.0
-370117.0
-319459.0
-670207.0
-548334.0
-304597.0
-514393.0
-553879.0
-346390.0
-331156.0
-511691.0
-193096.0
-219946.0
-378807.0
-652827.0
-472583.0
-839796.0
-788489.0
-621002.0
-479746.0
-903657.0
-551746.0
-577658.0
-576976.0
-523720.0
-674159.0
-475047.0
-560393.0
-817283.0
-696866.0
-529363.0
-524464.0
-307953.0
-290379.0
-306366.0
-245306.0
-362982.0
-534881.0
-662647.0
-662354.0
-822472.0
-607706.0
-432045.0
-214023.0
-180514.0
-270694.0
-285688.0
-296069.0
-427379.0
-368278.0
-727673.0
-393924.0
-351390.0
-307851.0
-340967.0
-449186.0
-305229.0
-364551.0
-274954.0
-343504.0
-243859.0
-281101.0
-294177.0
-282516.0
-253450.0
-394415.0
-292723.0
-257301.0
-276362.0
-240500.0
-412569.0
-208379.0
-223680.0
-196136.0
-300479.0
-231132.0
-278807.0
-333428.0
-258921.0
-360424.0
-244082.0
-298360.0
-274319.0
-197623.0
-192505.0
-266771.0
-235365.0
-274910.0
-213371.0
-289188.0
-258756.0
-177573.0
-259993.0
-195219.0
-301597.0
-218272.0
-353892.0
-273031.0
-210469.0
-452785.0
-529211.0
-486123.0
-405665.0
-414354.0
-289160.0
-247869.0
-188452.0
-131221.0
-157393.0
-227565.0
-166100.0
-273199.0
-167943.0
-268599.0
-305850.0
-294631.0
-585272.0
-693666.0
-805392.0
-1031956.0
-716106.0
-1322642.0
-684412.0
-885039.0
-825562.0
-822462.0
-461817.0
-275060.0
-539754.0
-553438.0
-614350.0
-785355.0
-746477.0
-651867.0
-419721.0
-357867.0
-667651.0
-366873.0
-500462.0
-498027.0
-529472.0
-633091.0
-507516.0
-616042.0
-652402.0
-800460.0
-483453.0
-458939.0
-526966.0
-505012.0
-424224.0
-519837.0
-382121.0
-454843.0
-538277.0
-335221.0
-456150.0
-385213.0
-382812.0
-331688.0
-312975.0
-321087.0
-190582.0
-335572.0
-238716.0
-247287.0
-358112.0
-400220.0
-245027.0
-392845.0
-238623.0
-272533.0
-174837.0
-331132.0
-193233.0
-190835.0
-264016.0
-267018.0
-178095.0
-293674.0
-309963.0
-432177.0
-334883.0
-362878.0
-407213.0
-334020.0
-393942.0
-536240.0
-606942.0
-1052225.0
-714109.0
-948608.0
-809644.0
-611348.0
-188682.0
-258834.0
-242987.0
-258552.0
-197130.0
-258607.0
-294126.0
-373528.0
-381193.0
-240721.0
-283833.0
-271669.0
-317301.0
-361900.0
-332231.0
-341692.0
-406885.0
-305146.0
-326001.0
-402473.0
-414409.0
-446957.0
-417096.0
-438458.0
-384507.0
-420432.0
-442124.0
-411057.0
-425566.0
-337274.0
-416489.0
-390402.0
-485133.0
-383414.0
-566977.0
-556285.0
-436607.0
-349369.0
-353963.0
-356675.0
-400946.0
-456151.0
-492357.0
-548930.0
-536020.0
-475822.0
-573678.0
-432392.0
-336385.0
-389142.0
-417996.0
-348654.0
-553203.0
-706364.0
-557240.0
-481872.0
-550240.0
-395689.0
-361421.0
-457028.0
-393712.0
-370141.0
-507940.0
-329759.0
-301795.0
-375259.0
-342153.0
-281203.0
-228285.0
-282065.0
-204085.0
-280935.0
-328731.0
-302383.0
-259088.0
-393665.0
-281983.0
-302270.0
-403093.0
-312631.0
-414739.0
-388753.0
-306439.0
-230911.0
-354689.0
-278828.0
-304600.0
-292478.0
-340152.0
-287667.0
-317215.0
-495480.0
-465229.0
-429449.0
-735180.0
-536811.0
-574819.0
-528478.0
-567818.0
-619394.0
-608485.0
-456667.0
-644796.0
-416269.0
-424794.0
-421232.0
-405385.0
-518637.0
-583320.0
-432519.0
-473137.0
-479854.0
-461801.0
-373742.0
-402718.0
-303287.0
-428669.0
-426105.0
-424283.0
-479825.0
-522687.0
-389546.0
-428252.0
-429677.0
-326281.0
-293368.0
-418113.0
-307557.0
-384355.0
-383414.0
-374154.0
-343312.0
-294885.0
-287722.0
-595839.0
-1077996.0
-1846787.0
-1637584.0
-1432871.0
-1082121.0
-955767.0
-926618.0
-787121.0
-774166.0
-666386.0
-513047.0
-374947.0
-499625.0
-377309.0
-400284.0
-473395.0
-570030.0
-472669.0
-418034.0
-493495.0
-515812.0
-600927.0
-469492.0
-556735.0
-430088.0
-424845.0
-493633.0
-470894.0
-446964.0
-555062.0
-519421.0
-513490.0
-457356.0
-535338.0
-489315.0
-335259.0
-419667.0
-293902.0
-393144.0
-343092.0
-386012.0
-319202.0
-443073.0
-457626.0
-358579.0
-384736.0
-436411.0
-325269.0
-437000.0
-427953.0
-274306.0
-452178.0
-446051.0
-333938.0
-315067.0
-468590.0
-464862.0
-534077.0
-454679.0
-313035.0
