70.45962962962963
57.328148148148145
59.77703703703704
98.75777777777778
94.42648148148149
66.28425925925926
66.59166666666667
64.90666666666667
88.98277777777778
68.67981481481482
81.18962962962964
84.4811111111111
67.59722222222223
83.27425925925925
56.25222222222222
85.37296296296296
56.194074074074074
77.70277777777778
73.88444444444444
69.34796296296297
76.2862962962963
68.64851851851851
96.02740740740741
63.822407407407404
64.44314814814815
71.24259259259259
71.94907407407408
57.41148148148148
59.321851851851854
77.04092592592593
78.20425925925926
89.58166666666666
70.77592592592593
83.51055555555556
70.89148148148148
79.42537037037037
55.172777777777775
76.27555555555556
62.24351851851852
56.038148148148146
51.64833333333333
82.1588888888889
56.3137037037037
81.38111111111111
80.90666666666667
67.26055555555556
73.58759259259259
76.80148148148149
73.75407407407407
76.41074074074074
74.965
56.23481481481482
72.18962962962964
58.663518518518515
61.55203703703704
71.92425925925926
97.87685185185185
60.74759259259259
86.5862962962963
68.62166666666667
60.00240740740741
54.72203703703704
58.85296296296296
91.51981481481481
67.05037037037037
49.510925925925925
69.86685185185185
59.13407407407407
72.8637037037037
73.16962962962963
49.16814814814815
95.27944444444445
59.080555555555556
66.3212962962963
74.69537037037037
53.282407407407405
58.227222222222224
55.11666666666667
65.80407407407408
69.72814814814815
73.68351851851853
60.834074074074074
65.31092592592593
78.33314814814815
68.18777777777778
60.17648148148148
54.659814814814816
60.10407407407408
70.95222222222222
64.57407407407408
63.42962962962963
78.80185185185185
61.9112962962963
50.26555555555556
71.79851851851852
69.93203703703703
63.373333333333335
63.95537037037037
60.641666666666666
86.8561111111111
53.91
81.65703703703704
58.550185185185185
56.845555555555556
90.95074074074074
64.64759259259259
87.70388888888888
66.60574074074074
54.482962962962965
53.00259259259259
103.72611111111111
61.262962962962966
57.67
65.64703703703704
52.26277777777778
66.45962962962963
91.94944444444444
60.51166666666666
67.33685185185185
78.0111111111111
65.58518518518518
84.02518518518518
82.44444444444444
64.07351851851851
81.66203703703704
87.26203703703703
68.08518518518518
71.93111111111111
76.69611111111111
89.75018518518519
64.68703703703704
69.96833333333333
82.68944444444445
63.709074074074074
81.4487037037037
62.69111111111111
77.04981481481481
84.68611111111112
76.32037037037037
83.58537037037037
94.01314814814815
99.25777777777778
81.18407407407408
96.62240740740741
65.77481481481482
102.3774074074074
80.15
103.81462962962964
121.18462962962963
104.02148148148149
56.26481481481481
72.1362962962963
79.39111111111112
61.53111111111111
95.09296296296296
66.76425925925926
109.20444444444445
69.05555555555556
84.91648148148148
60.33462962962963
65.7862962962963
86.2262962962963
73.81222222222222
73.88574074074074
62.00333333333333
73.37314814814815
90.2388888888889
82.24833333333333
96.57944444444445
89.31092592592593
81.22296296296297
92.46648148148148
118.70185185185186
72.36314814814814
67.32074074074075
49.97203703703704
82.63925925925926
71.06962962962963
62.220925925925926
80.89203703703704
99.32888888888888
64.33148148148148
75.44185185185185
72.09592592592593
119.84425925925926
75.84166666666667
93.80796296296296
65.82722222222222
62.58888888888889
82.03518518518518
70.23944444444444
62.062592592592594
77.7538888888889
57.65314814814815
118.08722222222222
58.38351851851852
49.62407407407407
78.04148148148148
105.22037037037038
76.085
76.3324074074074
64.32611111111112
70.28814814814815
77.18870370370371
55.711851851851854
70.15444444444445
64.57814814814814
75.22037037037038
71.18055555555556
66.42648148148149
56.41722222222222
61.83555555555556
63.38166666666667
58.76425925925926
85.73388888888888
64.88944444444445
81.41018518518518
78.45333333333333
47.49314814814815
60.18814814814815
80.25851851851851
67.73814814814814
45.788333333333334
57.44796296296296
88.97148148148148
74.43722222222222
85.42907407407408
85.12574074074074
68.08907407407408
59.349259259259256
60.96907407407407
73.80703703703703
117.465
71.30722222222222
61.42962962962963
80.05259259259259
70.11666666666666
120.61962962962963
125.66814814814815
82.8362962962963
79.58314814814815
71.00888888888889
144.13814814814816
81.24740740740741
68.2824074074074
92.17074074074074
63.867777777777775
65.61092592592593
71.77444444444444
124.30481481481482
52.800185185185185
66.10055555555556
70.08833333333334
79.82018518518518
88.4088888888889
89.17981481481482
74.7262962962963
74.64648148148149
67.41851851851852
77.56685185185185
104.78018518518519
97.30481481481482
99.80481481481482
85.58351851851852
99.40537037037036
162.02703703703705
75.35666666666667
85.21166666666667
93.7975925925926
78.44685185185185
81.29166666666667
78.71314814814815
49.14037037037037
61.596666666666664
89.44388888888889
76.65925925925926
81.79870370370371
57.73092592592592
57.581296296296294
79.18611111111112
64.79222222222222
73.1525925925926
130.05462962962963
109.19185185185185
93.84851851851852
79.29074074074074
73.91037037037037
105.48851851851852
102.45018518518519
109.17944444444444
72.95333333333333
76.81555555555556
105.45611111111111
108.57703703703703
132.6475925925926
93.25092592592593
76.70962962962963
67.32407407407408
81.4262962962963
70.58703703703704
115.14074074074074
84.25462962962963
69.63925925925926
54.431296296296296
92.30425925925925
59.05148148148148
56.84759259259259
64.19222222222223
52.135
71.54240740740741
67.85425925925927
91.62518518518519
56.43055555555556
72.42981481481482
71.37648148148148
81.85444444444444
84.55185185185185
82.10703703703703
83.7824074074074
97.19185185185185
69.86925925925927
67.64703703703704
65.92851851851852
48.01722222222222
112.99722222222222
72.00462962962963
85.50351851851852
53.64851851851852
77.98222222222222
71.8037037037037
65.71037037037037
52.725
63.75648148148148
63.46111111111111
60.46222222222222
56.910555555555554
57.97537037037037
85.13074074074073
74.85259259259259
70.71166666666667
133.9711111111111
152.09796296296295
70.94907407407408
81.21851851851852
109.91833333333334
133.01981481481482
108.2237037037037
86.8275925925926
109.90296296296296
96.29981481481481
70.86333333333333
111.0411111111111
80.82074074074075
118.93037037037037
80.2887037037037
92.51851851851852
108.75685185185185
60.68240740740741
68.25925925925925
79.32018518518518
160.09574074074075
64.2838888888889
84.07074074074075
142.53925925925927
134.40796296296296
75.53370370370371
76.08203703703704
79.19092592592592
89.4962962962963
54.24
71.58166666666666
68.31370370370371
63.19592592592593
77.32944444444445
68.52833333333334
79.53055555555555
72.92370370370371
49.83611111111111
77.28370370370371
54.63944444444444
48.760740740740744
49.38
51.04481481481481
65.5987037037037
57.02388888888889
55.43074074074074
84.76481481481481
52.29851851851852
63.69574074074074
81.6975925925926
72.10092592592592
63.040925925925926
60.01037037037037
66.5474074074074
56.681296296296296
67.86259259259259
57.62407407407407
77.08351851851852
71.81333333333333
57.407222222222224
67.91055555555556
65.54574074074074
55.40833333333333
82.76425925925926
54.111666666666665
75.75722222222223
75.74222222222222
69.10574074074074
66.71037037037037
75.79425925925926
53.92055555555555
69.96037037037037
61.08203703703704
71.08518518518518
64.83648148148148
64.01925925925926
60.80481481481481
53.06759259259259
54.2112962962963
55.91185185185185
56.03537037037037
49.29018518518519
60.324074074074076
82.44703703703703
132.75314814814814
69.27296296296296
97.7512962962963
72.03888888888889
91.23092592592593
147.46462962962963
71.5674074074074
68.30740740740741
110.14148148148148
98.00314814814814
94.47296296296297
113.85
86.82037037037037
67.21222222222222
64.14425925925926
82.29851851851852
56.433703703703706
57.78351851851852
42.92407407407408
78.37425925925926
59.15296296296296
67.15907407407407
58.288518518518515
65.84462962962964
63.09092592592592
62.28537037037037
74.81462962962964
58.882222222222225
59.557037037037034
56.611296296296295
49.29462962962963
54.516851851851854
59.6887037037037
80.29703703703704
57.92685185185185
48.583333333333336
52.91481481481482
81.53018518518519
52.39055555555556
67.72907407407408
61.95055555555555
78.165
68.685
79.44074074074074
75.36277777777778
64.81944444444444
64.73351851851852
74.76759259259259
100.3062962962963
66.95685185185185
47.446481481481484
46.10055555555556
55.596666666666664
45.82703703703704
49.38388888888889
44.89907407407407
42.76870370370371
45.77703703703704
59.9912962962963
69.00425925925926
55.31111111111111
45.721666666666664
51.163148148148146
71.2925925925926
50.77037037037037
43.54944444444445
50.303703703703704
62.89703703703704
45.92388888888889
59.67611111111111
51.267037037037035
72.47351851851852
66.65981481481481
45.510740740740744
61.876666666666665
41.01148148148148
71.62759259259259
103.60203703703704
73.78555555555556
71.91777777777777
84.59314814814815
58.961851851851854
82.76537037037038
65.61277777777778
79.78740740740741
64.6525925925926
97.2824074074074
63.37685185185185
47.87166666666667
51.60074074074074
71.03462962962963
89.59685185185185
88.2825925925926
108.68518518518519
168.66574074074074
105.16944444444445
110.83111111111111
91.85777777777778
92.72648148148149
83.56370370370371
137.49592592592592
102.82203703703703
141.37666666666667
83.51203703703703
68.83592592592592
104.17777777777778
95.68111111111111
121.0474074074074
107.82333333333334
90.0862962962963
120.97444444444444
130.39203703703703
110.77185185185185
115.7262962962963
123.16814814814815
119.06444444444445
133.0001851851852
144.53333333333333
106.53833333333333
107.35277777777777
78.79611111111112
50.52537037037037
66.31685185185185
50.459074074074074
53.775
60.54481481481481
92.13962962962962
61.35055555555556
77.32703703703703
90.13962962962962
53.61314814814815
50.25037037037037
63.321481481481484
48.965185185185184
51.37462962962963
57.09759259259259
57.41648148148148
63.66407407407407
53.93666666666667
54.43425925925926
78.54518518518519
80.01074074074074
89.58888888888889
100.0087037037037
85.09425925925926
115.22944444444444
130.50703703703704
119.54703703703704
102.6287037037037
95.85574074074074
118.8387037037037
161.27759259259258
85.89981481481482
107.21314814814815
83.29555555555555
65.52833333333334
52.73185185185185
64.14148148148148
73.2024074074074
48.132407407407406
75.76722222222222
114.725
155.49944444444444
92.35851851851852
83.4161111111111
74.73814814814814
129.1237037037037
71.5237037037037
69.81
78.85092592592592
88.42444444444445
111.39759259259259
91.23314814814815
105.03129629629629
97.14
97.64111111111112
63.18537037037037
79.40425925925926
69.17314814814814
104.14555555555556
92.9175925925926
119.17037037037036
96.99814814814815
98.54222222222222
119.36740740740741
85.09037037037037
88.46425925925926
94.31370370370371
126.6588888888889
171.70962962962963
111.63148148148149
132.99722222222223
128.5724074074074
119.39333333333333
106.33092592592592
88.21351851851851
76.44185185185185
125.16388888888889
168.00574074074075
111.43592592592593
139.5601851851852
78.26851851851852
106.18703703703704
141.58944444444444
111.68666666666667
151.4001851851852
99.73518518518519
154.2587037037037
99.42185185185186
117.43388888888889
132.04314814814813
138.60981481481483
85.91333333333333
105.87703703703704
110.06962962962963
81.55277777777778
78.75259259259259
67.9637037037037
65.01777777777778
102.50166666666667
41.54333333333334
69.49666666666667
58.18055555555556
126.38537037037037
92.16944444444445
97.94351851851852
117.36074074074074
81.51185185185186
73.16388888888889
83.91333333333333
94.39444444444445
108.3387037037037
88.49925925925926
77.96296296296296
91.92166666666667
108.6287037037037
118.53203703703704
107.55259259259259
111.72759259259259
129.92777777777778
84.55018518518519
42.26444444444444
81.01018518518518
63.64425925925926
84.265
79.635
69.6262962962963
78.71166666666667
75.02981481481481
61.91111111111111
87.69037037037037
79.73666666666666
91.01351851851852
97.86444444444444
83.06277777777778
85.08351851851852
67.59037037037037
67.45425925925926
68.7088888888889
45.9387037037037
69.94074074074074
67.30055555555556
56.64962962962963
60.51611111111111
66.51148148148148
92.45333333333333
88.45666666666666
97.95203703703703
88.82203703703703
57.59685185185185
70.53407407407407
79.21537037037037
86.06129629629629
90.03370370370371
64.77777777777777
81.49685185185186
91.23833333333333
86.46333333333334
82.52444444444444
105.33740740740741
88.41888888888889
61.35166666666667
89.6574074074074
74.03185185185185
67.09722222222223
73.45185185185186
73.65037037037037
132.2685185185185
75.65444444444445
84.35925925925926
57.05888888888889
90.44907407407408
76.02833333333334
104.83314814814815
56.53685185185185
70.91666666666667
82.21333333333334
90.0987037037037
85.94037037037037
133.25592592592594
72.14740740740741
57.91851851851852
96.44314814814815
87.69185185185185
111.24314814814815
73.01296296296296
65.10833333333333
85.54388888888889
75.8488888888889
61.99
69.88648148148148
108.99203703703704
74.9737037037037
93.55018518518519
75.52777777777777
70.06555555555556
67.59944444444444
94.95759259259259
113.14351851851852
134.82722222222222
77.80981481481481
79.31425925925926
98.42222222222222
98.32962962962964
64.07907407407407
108.38648148148148
92.61851851851851
78.01055555555556
78.77888888888889
76.60722222222222
60.776296296296294
94.1774074074074
72.71703703703703
66.36055555555555
58.33185185185185
47.90814814814815
51.11555555555555
52.33796296296296
41.78666666666667
44.84796296296296
53.435
79.2925925925926
62.09240740740741
52.85740740740741
63.278333333333336
54.9362962962963
60.56314814814815
81.77851851851852
57.15907407407408
88.08666666666667
69.11148148148148
45.02166666666667
55.282407407407405
52.26444444444444
72.32888888888888
46.14981481481482
75.17388888888888
62.96962962962963
58.254629629629626
69.81074074074074
71.79574074074074
49.714814814814815
81.50537037037037
57.852222222222224
80.97333333333333
90.95296296296296
56.87722222222222
65.23648148148148
74.94092592592592
66.85407407407408
44.06962962962963
59.66962962962963
73.98055555555555
76.9737037037037
97.69592592592592
92.70962962962963
79.81944444444444
108.12240740740741
88.275
82.35907407407407
117.89833333333333
100.10222222222222
99.94703703703703
102.19796296296296
122.51592592592593
197.91722222222222
165.09351851851852
176.605
218.91907407407408
100.79685185185186
88.16296296296296
132.52481481481482
103.09388888888888
45.879444444444445
64.84074074074074
63.53018518518518
58.489259259259256
60.15888888888889
67.43981481481481
88.78314814814814
109.495
157.5214814814815
119.28888888888889
98.95037037037036
58.80166666666667
69.47666666666667
94.34037037037037
84.27351851851851
72.07296296296296
93.51018518518518
78.02
54.78407407407408
77.29574074074074
54.900740740740744
55.87796296296296
63.93462962962963
61.57685185185185
56.81537037037037
65.48092592592593
72.12666666666667
69.33537037037037
93.36166666666666
116.68148148148148
112.10277777777777
79.31296296296296
58.578148148148145
98.18
84.85314814814815
89.145
120.27314814814815
97.25555555555556
148.3487037037037
98.40574074074074
134.92037037037036
97.87537037037038
89.12444444444445
114.10666666666667
96.36740740740741
101.80703703703703
96.26314814814815
171.2238888888889
144.95185185185184
92.04592592592593
133.10555555555555
143.56259259259258
104.5024074074074
105.31592592592592
140.92777777777778
59.97666666666667
72.24111111111111
110.5324074074074
170.99370370370372
126.3474074074074
200.8111111111111
197.9362962962963
157.42981481481482
134.21685185185186
222.63333333333333
149.84833333333333
155.99666666666667
151.53296296296296
145.84925925925927
179.3738888888889
137.23685185185184
150.11296296296297
211.28907407407408
184.0962962962963
141.8098148148148
151.97148148148148
96.58740740740741
84.14351851851852
79.93648148148148
69.02462962962963
92.67666666666666
132.4512962962963
162.28666666666666
162.03796296296295
186.1848148148148
154.43685185185186
105.82018518518518
62.346111111111114
52.34388888888889
81.86425925925926
79.97722222222222
81.08592592592592
110.13796296296296
101.7262962962963
172.23703703703703
103.54203703703703
100.35666666666667
87.42370370370371
91.92833333333333
116.65555555555555
83.08037037037037
98.51962962962963
81.47166666666666
92.84333333333333
70.03296296296297
80.3962962962963
85.33611111111111
79.61333333333333
71.60425925925927
104.92314814814814
83.88851851851852
75.4738888888889
78.97518518518518
72.07462962962963
112.42648148148149
65.65629629629629
70.6724074074074
64.03333333333333
86.88333333333334
76.00851851851851
86.1061111111111
98.14722222222223
78.43981481481481
103.48129629629629
75.05555555555556
84.41537037037037
74.02888888888889
61.947407407407404
59.028703703703705
75.07333333333334
66.19833333333334
78.28370370370371
63.32259259259259
76.83074074074074
71.74537037037037
53.629814814814814
74.30537037037037
63.13962962962963
81.22185185185185
68.55796296296296
91.90722222222222
76.83777777777777
64.86296296296297
113.39907407407408
132.4185185185185
118.04592592592593
103.05555555555556
111.12796296296297
76.93870370370371
71.0474074074074
58.693333333333335
45.519444444444446
51.317962962962966
63.99962962962963
53.369814814814816
78.88666666666667
52.97074074074074
72.82537037037036
89.80148148148149
80.64222222222222
142.37814814814814
171.37166666666667
195.85888888888888
234.98777777777778
166.52370370370372
285.4281481481481
170.18944444444443
201.9137037037037
189.69796296296298
183.0085185185185
114.14074074074074
75.19148148148147
129.77925925925925
132.38777777777779
144.2898148148148
178.56592592592594
171.76555555555555
155.62574074074075
108.34759259259259
93.7025925925926
165.975
100.64203703703704
120.12037037037037
124.34666666666666
136.6762962962963
176.74944444444444
126.41388888888889
150.6137037037037
165.12648148148148
197.22796296296298
131.2587037037037
125.08666666666667
143.8325925925926
144.89925925925925
116.18870370370371
133.07907407407407
108.37444444444445
125.19296296296297
148.17092592592593
93.13481481481482
113.63851851851852
96.48370370370371
97.16666666666667
87.445
81.23666666666666
79.47888888888889
52.48092592592592
86.84222222222222
62.34962962962963
68.6987037037037
87.80203703703704
93.91481481481482
67.46203703703704
95.46666666666667
63.07111111111111
73.28888888888889
50.83240740740741
91.09944444444444
54.76240740740741
56.888333333333335
75.14296296296297
74.53611111111111
57.017037037037035
82.75574074074073
89.76574074074074
116.31888888888889
99.40166666666667
100.47222222222223
119.08074074074074
96.62481481481481
103.31333333333333
138.59685185185185
158.91907407407408
252.9925925925926
180.1801851851852
220.4024074074074
204.9737037037037
153.1638888888889
59.63203703703704
74.9888888888889
69.56666666666666
76.82814814814814
57.133148148148145
69.29685185185186
80.46055555555556
97.96444444444444
99.33703703703704
67.28685185185185
79.20796296296297
76.26777777777778
86.08055555555555
94.73055555555555
90.70203703703703
91.48981481481482
107.00185185185185
83.59481481481481
93.24166666666666
113.235
122.82166666666667
115.6462962962963
114.50814814814815
118.85537037037037
105.97574074074075
107.67129629629629
114.205
105.52851851851852
112.06537037037037
92.44648148148148
110.03685185185185
104.19
118.61981481481482
99.53666666666666
132.7935185185185
133.90333333333334
111.04074074074074
94.24685185185186
91.90851851851852
94.96574074074074
105.5475925925926
121.045
134.96333333333334
140.21462962962963
136.0124074074074
126.93481481481481
150.21037037037038
114.7737037037037
92.03
104.63555555555556
111.97296296296297
98.87814814814814
132.01481481481483
165.82666666666665
131.82333333333332
117.8812962962963
132.72462962962962
96.78277777777778
91.69018518518519
106.59722222222223
103.49722222222222
96.49055555555556
118.81796296296297
90.17574074074074
85.23574074074074
103.28203703703704
89.71240740740741
83.46537037037037
68.37148148148148
78.895
57.93462962962963
75.7024074074074
88.45537037037037
78.36851851851851
69.52425925925925
101.71944444444445
76.71314814814815
76.75666666666666
98.94388888888889
77.38907407407407
100.30888888888889
94.87907407407407
80.89018518518519
65.8338888888889
95.30333333333333
77.4762962962963
81.75796296296296
78.31666666666666
91.92592592592592
78.63666666666667
84.1875925925926
123.7437037037037
123.32
106.36425925925926
171.36574074074073
127.29870370370371
137.40203703703705
125.33296296296297
133.41092592592594
144.67962962962963
147.23944444444444
111.68425925925926
149.35537037037037
103.43981481481481
108.34814814814816
110.43018518518518
99.96629629629629
117.73055555555555
131.45592592592592
103.71851851851852
106.73814814814814
119.30037037037037
116.96722222222222
99.15685185185185
107.01462962962962
74.72259259259259
103.67407407407407
104.04574074074074
102.12037037037037
115.05351851851852
120.5862962962963
97.07981481481481
106.16148148148149
115.12462962962962
84.89759259259259
78.51203703703703
112.59203703703703
83.96981481481481
99.96
104.30462962962963
99.98240740740741
93.56981481481482
84.36611111111111
79.3312962962963
143.72833333333332
236.24648148148148
389.8666666666667
342.9509259259259
313.77462962962966
243.42
220.8737037037037
213.72814814814814
192.8951851851852
194.8885185185185
172.53666666666666
134.67833333333334
107.27259259259259
133.0388888888889
110.26814814814814
113.66833333333334
124.25074074074074
154.77166666666668
125.40148148148148
106.775
121.95648148148148
126.5062962962963
142.2424074074074
112.82444444444444
134.80444444444444
107.29351851851852
103.38962962962962
119.6612962962963
128.98425925925926
123.92129629629629
139.82111111111112
141.7274074074074
136.9787037037037
120.64370370370371
135.40648148148148
120.5324074074074
84.95203703703703
104.0112962962963
76.77407407407408
100.41925925925926
91.80462962962963
96.60851851851852
86.26574074074074
112.18962962962964
111.96481481481482
95.595
98.61425925925926
109.34129629629629
81.36462962962963
103.32981481481481
104.86833333333334
74.8762962962963
114.93037037037037
117.48055555555555
83.54722222222222
81.05259259259259
111.21148148148148
113.2362962962963
133.59462962962962
111.67981481481482
80.54796296296297
