380482
309572
322796
533292
509903
357935
359595
350496
480507
370871
438424
456198
365025
449681
303762
461014
303448
419595
398976
374479
411946
370702
518548
344641
347993
384710
388525
310022
320338
416021
422303
483741
382190
450957
382814
428897
297933
411888
336115
302606
278901
443658
304094
439458
436896
363207
397373
414728
398272
412618
404811
303668
389824
316783
332381
388391
528535
328037
467566
370557
324013
295499
317806
494207
362072
267359
377281
319324
393464
395116
265508
514509
319035
358135
403355
287725
314427
297630
355342
376532
397891
328504
352679
422999
368214
324953
295163
324562
383142
348700
342520
425530
334321
271434
387712
377633
342216
345359
327465
469023
291114
440948
316171
306966
491134
349097
473601
359671
294208
286214
560121
330820
311418
354494
282219
358882
496527
326763
363619
421260
354160
453736
445200
345997
440975
471215
367660
388428
414159
484651
349310
377829
446523
344029
439823
338532
416069
457305
412130
451361
507671
535992
438394
521761
355184
552838
432810
560599
654397
561716
303830
389536
428712
332268
513502
360527
589704
372900
458549
325807
355246
465622
398586
398983
334818
396215
487290
444141
521529
482279
438604
499319
640990
390761
363532
269849
446252
383776
335993
436817
536376
347390
407386
389318
647159
409545
506563
355467
337980
442990
379293
335138
419871
311327
637671
315271
267970
421424
568190
410859
412195
347361
379556
416819
300844
378834
348722
406190
384375
358703
304653
333912
342261
317327
462963
350403
439615
423648
256463
325016
433396
365786
247257
310219
480446
401961
461317
459679
367681
320486
329233
398558
634311
385059
331720
432284
378630
651346
678608
447316
429749
383448
778346
438736
368725
497722
344886
354299
387582
671246
285121
356943
378477
431029
477408
481571
403522
403091
364060
418861
565813
525446
538946
462151
536789
874946
406926
460143
506507
423613
438975
425051
265358
332622
482997
413960
441713
311747
310939
427605
349878
395024
702295
589636
506782
428170
399116
569638
553231
589569
393948
414804
569463
586316
716297
503555
414232
363550
439702
381170
621760
454975
376052
293929
498443
318878
306977
346638
281529
386329
366413
494776
304725
391121
385433
442014
456580
443378
452425
524836
377294
365294
356014
259293
610185
388825
461719
289702
421104
387740
354836
284715
344285
342690
326496
307317
313067
459706
404204
381843
723444
821329
383125
438580
593559
718307
584408
468869
593476
520019
382662
599622
436432
642224
433559
499600
587287
327685
368600
428329
864517
347133
453982
769712
725803
407882
410843
427631
483280
292896
386541
368894
341258
417579
370053
429465
393788
269115
417332
295053
263308
266652
275642
354233
307929
299326
457730
282412
343957
441167
389345
340421
324056
359356
306079
366458
311170
416251
387792
309999
366717
353947
299205
446927
292203
409089
409008
373171
360236
409289
291171
377786
329843
383860
350117
345704
328346
286565
292741
301924
302591
266167
325750
445214
716867
374074
527857
389010
492647
796309
386464
368860
594764
529217
510154
614790
468830
362946
346379
444412
304742
312031
231790
423221
319426
362659
314758
355561
340691
336341
403999
317964
321608
305701
266191
294391
322319
433604
312805
262350
285740
440263
282909
365737
334533
422091
370899
428980
406959
350025
349561
403745
541654
361567
256211
248943
300222
247466
266673
242455
230951
247196
323953
372623
298680
246897
276281
384980
274160
235167
271640
339644
247989
322251
276842
391357
359963
245758
334134
221462
386789
559451
398442
388356
456803
318394
446933
354309
430852
349124
525325
342235
258507
278644
383587
483823
476726
586900
910795
567915
598488
496032
500723
451244
742478
555239
763434
450965
371714
562560
516678
653656
582246
486466
653262
704117
598168
624922
665108
642948
718201
780480
575307
579705
425499
272837
358111
272479
290385
326942
497554
331293
417566
486754
289511
271352
341936
264412
277423
308327
310049
343786
291258
293945
424144
432058
483780
540047
459509
622239
704738
645554
554195
517621
641729
870899
463859
578951
449796
353853
284752
346364
395293
259915
409143
619515
839697
498736
450447
403586
697268
386228
376974
425795
477492
601547
492659
567169
524556
527262
341201
428783
373535
562386
501755
643520
523790
532128
644584
459488
477707
509294
683958
927232
602810
718185
694291
644724
574187
476353
412786
675885
907231
601754
753625
422650
573410
764583
603108
817561
538570
832997
536878
634143
713033
748493
463932
571736
594376
440385
425264
367004
351096
553509
224334
375282
314175
682481
497715
528895
633748
440164
395085
453132
509730
585029
477896
421000
496377
586595
640073
580784
603329
701610
456571
228228
437455
343679
455031
430029
375982
425043
405161
334320
473528
430578
491473
528468
448539
459451
364988
364253
371028
248069
377680
363423
305908
326787
359162
499248
477666
528941
479639
311023
380884
427763
464731
486182
349800
440083
492687
466902
445632
568822
477462
331299
484150
399772
362325
396640
397712
714250
408534
455540
308118
488425
410553
566099
305299
382950
443952
486533
464078
719582
389596
312760
520793
473536
600713
394270
351585
461937
409584
334746
377387
588557
404858
505171
407850
378354
365037
512771
610975
728067
420173
428297
531480
530980
346027
585287
500140
421257
425406
413679
328192
508558
392672
358347
314992
258704
276024
282625
225648
242179
288549
428180
335299
285430
341703
296656
327041
441604
308659
475668
373202
243117
298525
282228
390576
249209
405939
340036
314575
376978
387697
268460
440129
312402
437256
491146
307137
352277
404681
361012
237976
322216
399495
415658
527558
500632
431025
583861
476685
444739
636651
540552
539714
551869
661586
1068753
891505
953667
1182163
544303
476080
715634
556707
247749
350140
343063
315842
324858
364175
479429
591273
850616
644160
534332
317529
375174
509438
455077
389194
504955
421308
295834
417397
296464
301741
345247
332515
306803
353597
389484
374411
504153
630080
605355
428290
316322
530172
458207
481383
649475
525180
801083
531391
728570
528527
481272
616176
520384
549758
519821
924609
782740
497048
718770
775238
564313
568706
761010
323874
390102
596875
923366
682276
1084380
1068856
850121
724771
1202220
809181
842382
818278
787586
968619
741079
810610
1140961
994120
765773
820646
521572
454375
431657
372733
500454
715237
876348
875005
1005398
833959
571429
336669
282657
442067
431877
437864
594745
549322
930080
559127
541926
472088
496413
629940
448634
532006
439947
501354
378178
434140
460815
429912
386663
566585
452998
407559
426466
389203
607103
354544
381631
345780
469170
410446
464973
529995
423575
558799
405300
455843
399756
334516
318755
405396
357471
422732
341942
414886
387425
289601
401249
340954
438598
370213
496299
414924
350260
612355
715060
637448
556500
600091
415469
383656
316944
245805
277117
345598
288197
425988
286042
393257
484928
435468
768842
925407
1057638
1268934
899228
1541312
919023
1090334
1024369
988246
616360
406034
700808
714894
779165
964256
927534
840379
585077
505994
896265
543467
648650
671472
738052
954447
682635
813314
891683
1065031
708797
675468
776696
782456
627419
718627
585222
676042
800123
502928
613648
521012
524700
472203
438678
429186
283397
468948
336688
370973
474131
507140
364295
515520
340584
395760
274495
491937
295717
307197
405772
402495
307892
446881
484735
628122
536769
542550
643036
521774
557892
748423
858163
1366160
972973
1190173
1106858
827085
322013
404940
375660
414872
308519
374203
434487
529008
536420
363349
427723
411846
464835
511545
489791
494045
577810
451412
503505
611469
663237
624490
618344
641819
572269
581425
616707
569854
605153
499211
594199
562626
640547
537498
717085
723078
599620
508933
496306
512815
569957
653643
728802
757159
734467
685448
811136
619778
496962
565032
604654
533942
712880
895464
711846
636559
716713
522627
495127
575625
558885
521049
641617
486949
460273
557723
484447
450713
369206
426033
312847
408793
477659
423190
375431
549285
414251
414486
534297
417901
541668
512347
436807
355503
514638
418372
441493
422910
496400
424638
454613
668216
665928
574367
925375
687413
741971
676798
720419
781270
795093
603095
806519
558575
585080
596323
539818
635745
709862
560080
576386
644222
631623
535447
577879
403502
559840
561847
551450
621289
651166
524231
573272
621673
458447
423965
607997
453437
539784
563245
539905
505277
455577
428389
776133
1275731
2105280
1851935
1694383
1314468
1192718
1154132
1041634
1052398
931698
727263
579272
718410
595448
613809
670954
835767
677168
576585
658565
683134
768109
609252
727944
579385
558304
646171
696515
669175
755034
765328
739685
651476
731195
650875
458741
561661
414580
542264
495745
521686
465835
605824
604610
516213
532517
590443
439369
557981
566289
404332
620624
634395
451155
437684
600542
611476
721411
603071
434959
