35836
35661
41089
51366
49343
59347
44472
47170
36783
45054
34111
66001
74237
37053
53329
58280
56458
92082
61328
37292
42223
52103
44581
41361
45691
36534
82758
33870
37562
40900
34468
69830
44256
110714
49942
57830
71506
143207
92482
130752
81704
69090
43480
83116
104894
77909
94709
109785
67051
56404
66212
154506
156985
72799
466990
117510
219031
150204
48548
343060
269387
582005
164568
127885
419938
620456
324827
141786
140820
155550
583192
665839
236606
482300
282569
339631
138397
730340
923429
762812
1465787
1364059
1860904
528774
1237835
892322
1230683
956009
1029387
1041244
1157443
1431539
1258531
1642156
1615626
1363267
2932997
3127521
3621858
3198044
