-21506029.0
-20751495.0
-24788530.0
-30783321.0
-29214264.0
-35456596.0
-27033359.0
-27824387.0
-20841638.0
-26294971.0
-20162520.0
-40252477.0
-45759850.0
-21409697.0
-32355994.0
-35001194.0
-33188655.0
-56803122.0
-37321338.0
-21649352.0
-26150456.0
-32013430.0
-30174156.0
-25077764.0
-28116597.0
-22132568.0
-50423308.0
-20820934.0
-21912796.0
-25080632.0
-20332746.0
-43707349.0
-27502342.0
-74120637.0
-30570418.0
-39277572.0
-44180419.0
-89124567.0
-59693902.0
-88331996.0
-52864928.0
-43667792.0
-26715920.0
-55447317.0
-70587769.0
-51367449.0
-61395592.0
-67741443.0
-41828513.0
-35217073.0
-43217178.0
-101563349.0
-99185919.0
-46141062.0
-385632088.0
-71936734.0
-165765490.0
-102844987.0
-31111262.0
-230406335.0
-203203250.0
-442366750.0
-120764648.0
-89065807.0
-303960549.0
-500431541.0
-218022626.0
-96352035.0
-93899084.0
-110321427.0
-481792039.0
-556550208.0
-165820265.0
-380942476.0
-205449625.0
-249628102.0
-96290419.0
-656176093.0
-929786910.0
-697270779.0
-1450394359.0
-1217402572.0
-1933636717.0
-448747379.0
-1329249805.0
-949937687.0
-1469404176.0
-954685030.0
-1027164955.0
-1109328876.0
-1312857807.0
-1657971219.0
-1357786121.0
-2087336837.0
-1982060529.0
-1582934122.0
-3640234322.0
-3996076004.0
-5188801627.0
-4170358785.0
