6.636296296296297
6.603888888888889
7.609074074074074
9.512222222222222
9.137592592592593
10.990185185185185
8.235555555555555
8.735185185185186
6.8116666666666665
8.343333333333334
6.316851851851852
12.222407407407408
13.747592592592593
6.861666666666666
9.87574074074074
10.792592592592593
10.455185185185185
17.052222222222223
11.357037037037037
6.905925925925926
7.8190740740740745
9.648703703703704
8.255740740740741
7.6594444444444445
8.461296296296297
6.765555555555555
15.325555555555555
6.272222222222222
6.955925925925926
7.574074074074074
6.382962962962963
12.931481481481482
8.195555555555556
20.502592592592592
9.248518518518518
10.709259259259259
13.241851851851852
26.519814814814815
17.126296296296296
24.213333333333335
15.13037037037037
12.794444444444444
8.051851851851852
15.391851851851852
19.424814814814816
14.427592592592593
17.538703703703703
20.330555555555556
12.416851851851852
10.445185185185185
12.261481481481482
28.612222222222222
29.071296296296296
13.481296296296296
86.47962962962963
21.761111111111113
40.5612962962963
27.815555555555555
8.990370370370371
63.52962962962963
49.88648148148148
107.7787037037037
30.475555555555555
23.682407407407407
77.76629629629629
114.89925925925925
60.15314814814815
26.256666666666668
26.07777777777778
28.805555555555557
107.99851851851852
123.30351851851852
43.815925925925924
89.31481481481481
52.327592592592595
62.89462962962963
25.629074074074072
135.24814814814815
171.00537037037037
141.26148148148147
271.44203703703704
252.6035185185185
344.61185185185184
97.92111111111112
229.2287037037037
165.24481481481482
227.90425925925925
177.0387037037037
190.62722222222223
192.82296296296298
214.3412962962963
265.0998148148148
233.0612962962963
304.102962962963
299.19
252.45685185185187
543.1475925925926
579.1705555555556
670.7144444444444
592.2303703703703
