-24342.0
-28831.0
-40642.0
-28857.0
-42341.0
-34795.0
-32029.0
-32713.0
-21823.0
-36521.0
-40209.0
-25624.0
-25276.0
-26429.0
-17830.0
-32459.0
-24548.0
-34296.0
-32931.0
-34208.0
-28836.0
-31809.0
-71326.0
-18028.0
-34172.0
-26847.0
-26778.0
-22073.0
-36911.0
-37069.0
-20507.0
-29194.0
-26463.0
-29047.0
-30702.0
-34658.0
-21797.0
-32176.0
-28530.0
-44805.0
-34330.0
-22362.0
-35916.0
-25771.0
-39920.0
-27799.0
-22824.0
-23794.0
-30107.0
-36421.0
-28355.0
-24394.0
-50405.0
-22521.0
-37084.0
-32641.0
-32766.0
-25396.0
-26594.0
-29019.0
-27627.0
-29683.0
-26253.0
-51812.0
-45685.0
-34904.0
-34099.0
-28893.0
-38978.0
-25068.0
-33324.0
-47277.0
-33709.0
-40307.0
-28257.0
-30403.0
-28641.0
-38328.0
-29088.0
-31765.0
-28045.0
-29485.0
-19512.0
-25389.0
-31013.0
-51998.0
-41832.0
-42930.0
-30635.0
-34845.0
-29460.0
-23502.0
-29891.0
-27932.0
-24139.0
-79061.0
-24645.0
-30596.0
-27728.0
-24150.0
