37493
41442
56432
42856
59058
49110
45939
46255
32889
52639
54595
37900
36910
38802
30517
46593
37466
49154
46930
48104
42178
45341
96145
29287
47515
39150
39652
33868
50310
51609
31288
44523
38498
41375
42627
55300
33918
44776
40158
67117
49097
34722
51559
39098
55579
40855
34789
35534
43610
50244
42000
36274
66908
34790
55101
45584
50775
38979
37628
42655
44213
43616
39118
65138
61343
49492
48311
43129
55395
37949
46829
63963
46385
57152
41192
43878
42131
52755
40651
45467
44158
41874
31833
38763
45380
77058
62690
60426
44828
47954
42827
36119
41776
43251
36885
107207
37259
44334
42657
35758
