6.943148148148148
7.674444444444444
10.45037037037037
7.936296296296296
10.936666666666667
9.094444444444445
8.507222222222222
8.565740740740742
6.0905555555555555
9.747962962962964
10.110185185185186
7.018518518518518
6.8351851851851855
7.185555555555555
5.651296296296296
8.628333333333334
6.938148148148148
9.102592592592593
8.690740740740742
8.908148148148149
7.810740740740741
8.396481481481482
17.80462962962963
5.423518518518518
8.799074074074074
7.25
7.342962962962963
6.271851851851852
9.316666666666666
9.557222222222222
5.794074074074074
8.245
7.12925925925926
7.662037037037037
7.893888888888889
10.24074074074074
6.2811111111111115
8.291851851851852
7.4366666666666665
12.429074074074075
9.092037037037038
6.43
9.547962962962963
7.24037037037037
10.292407407407408
7.565740740740741
6.442407407407408
6.58037037037037
8.075925925925926
9.304444444444444
7.777777777777778
6.717407407407407
12.39037037037037
6.442592592592592
10.203888888888889
8.441481481481482
9.402777777777779
7.218333333333334
6.968148148148148
7.899074074074074
8.187592592592592
8.077037037037037
7.244074074074074
12.062592592592592
11.359814814814815
9.165185185185186
8.94648148148148
7.986851851851852
10.258333333333333
7.027592592592592
8.672037037037038
11.845
8.589814814814815
10.583703703703703
7.628148148148148
8.125555555555556
7.802037037037037
9.769444444444444
7.527962962962963
8.419814814814815
8.177407407407408
7.754444444444444
5.895
7.178333333333334
8.403703703703703
14.27
11.60925925925926
11.19
8.301481481481481
8.88037037037037
7.9309259259259255
6.688703703703704
7.736296296296296
8.009444444444444
6.830555555555556
19.853148148148147
6.899814814814815
8.21
7.899444444444445
6.621851851851852
