10.73
11.230555555555556
10.743148148148148
11.41537037037037
11.723148148148148
11.388333333333334
11.413333333333334
11.35462962962963
11.386111111111111
10.631851851851852
11.575740740740741
11.385185185185184
11.977592592592593
10.582407407407407
10.930555555555555
10.726111111111111
11.325185185185186
10.497962962962964
11.058703703703705
10.293703703703704
11.702222222222222
10.822037037037036
10.764814814814814
11.687592592592592
11.926296296296297
10.302222222222222
11.212962962962964
12.130185185185185
11.398333333333333
11.26
12.09962962962963
11.562222222222223
11.917592592592593
11.310185185185185
11.975185185185186
11.58148148148148
12.361296296296297
10.908518518518518
11.681296296296296
11.825
11.459814814814814
11.612777777777778
10.997222222222222
10.904814814814815
11.926111111111112
12.429814814814815
10.849444444444444
10.980185185185185
11.625925925925927
10.589444444444444
