21.883703703703702
22.10611111111111
21.976296296296297
21.881296296296295
21.962222222222223
21.951666666666668
23.22740740740741
22.34888888888889
23.762037037037036
21.753333333333334
21.605925925925927
22.485925925925926
22.452037037037037
21.81388888888889
21.556851851851853
21.795
22.77166666666667
20.61925925925926
21.682222222222222
20.98203703703704
21.973333333333333
21.591296296296296
21.746111111111112
22.77537037037037
22.191111111111113
21.04537037037037
22.669074074074075
22.750185185185185
21.840555555555557
22.391666666666666
22.66037037037037
22.706481481481482
23.53611111111111
21.70277777777778
22.89814814814815
23.17222222222222
23.56537037037037
21.522222222222222
22.388703703703705
22.082592592592594
22.077222222222222
22.540185185185184
21.789074074074072
21.533703703703704
22.785185185185185
23.495925925925928
21.561851851851852
21.196666666666665
22.07888888888889
21.290925925925926
