-397779.0
-412887.0
-390901.0
-408109.0
-420912.0
-412073.0
-418180.0
-411296.0
-428428.0
-397469.0
-412708.0
-406412.0
-441684.0
-391314.0
-398808.0
-395888.0
-411820.0
-380983.0
-401458.0
-383997.0
-422737.0
-392101.0
-402272.0
-418782.0
-417345.0
-376110.0
-415122.0
-445975.0
-400762.0
-412523.0
-438035.0
-423721.0
-436196.0
-405593.0
-437247.0
-424961.0
-441887.0
-402682.0
-426569.0
-434468.0
-416522.0
-416239.0
-387963.0
-398133.0
-438059.0
-435808.0
-391496.0
-384045.0
-431662.0
-386414.0
