-392052.0
-408364.0
-420280.0
-387795.0
-366087.0
-394965.0
-433724.0
-407148.0
-434887.0
-400663.0
-367633.0
-403076.0
-389386.0
-391109.0
-398981.0
-397277.0
-412086.0
-367111.0
-402226.0
-376539.0
-378425.0
-387445.0
-398271.0
-409426.0
-392872.0
-392241.0
-410664.0
-401875.0
-384007.0
-408659.0
-397010.0
-421733.0
-436426.0
-388130.0
-408397.0
-432759.0
-416679.0
-403194.0
-404335.0
-389292.0
-394736.0
-399968.0
-394527.0
-393735.0
-411864.0
-411312.0
-390063.0
-381437.0
-385271.0
-394054.0
