11.153703703703703
10.875555555555556
11.233148148148148
10.465925925925927
10.239074074074074
10.563333333333333
11.814074074074075
10.994259259259259
12.375925925925927
11.121481481481482
10.030185185185186
11.10074074074074
10.474444444444444
11.231481481481481
10.626296296296296
11.068888888888889
11.44648148148148
10.121296296296297
10.623518518518518
10.688333333333333
10.27111111111111
10.76925925925926
10.981296296296296
11.087777777777777
10.264814814814814
10.743148148148148
11.456111111111111
10.62
10.442222222222222
11.131666666666666
10.56074074074074
11.14425925925926
11.618518518518519
10.392592592592592
10.922962962962963
11.59074074074074
11.204074074074073
10.613703703703704
10.707407407407407
10.257592592592593
10.617407407407407
10.927407407407408
10.791851851851852
10.62888888888889
10.859074074074075
11.06611111111111
10.712407407407408
10.216481481481482
10.452962962962962
10.701481481481482
