-789831.0
-821251.0
-811181.0
-795904.0
-786999.0
-807038.0
-851904.0
-818444.0
-863315.0
-798132.0
-780341.0
-809488.0
-831070.0
-782423.0
-797789.0
-793165.0
-823906.0
-748094.0
-803684.0
-760536.0
-801162.0
-779546.0
-800543.0
-828208.0
-810217.0
-768351.0
-825786.0
-847850.0
-784769.0
-821182.0
-835045.0
-845454.0
-872622.0
-793723.0
-845644.0
-857720.0
-858566.0
-805876.0
-830904.0
-823760.0
-811258.0
-816207.0
-782490.0
-791868.0
-849923.0
-847120.0
-781559.0
-765482.0
-816933.0
-780468.0
