37060
32185
38019
41275
41073
34386
40296
35395
50667
37480
35874
31239
47092
33098
40222
32519
34217
62133
49907
58176
34076
39984
51677
39776
47037
77706
44496
57673
38847
30812
68650
39656
37565
40804
56327
53951
110056
81797
82399
152929
68604
60583
59192
54871
69143
65883
97074
31299
30708
28568
33282
22147
35820
28365
76380
30896
38769
31654
39145
31418
30694
46802
30878
27521
41591
32352
43650
178512
35896
70801
63342
48218
39802
43153
66827
75296
40203
33151
43576
31113
87090
51228
75716
84875
64903
97298
106644
28470
257909
134174
145225
202503
163570
128103
175217
172709
289514
223232
1922759
1615142
