6.862962962962963
5.9601851851851855
7.040555555555556
7.643518518518518
7.606111111111111
6.3677777777777775
7.4622222222222225
6.55462962962963
9.382777777777777
6.940740740740741
6.6433333333333335
5.785
8.720740740740741
6.12925925925926
7.448518518518519
6.022037037037037
6.336481481481481
11.50611111111111
9.242037037037036
10.773333333333333
6.310370370370371
7.404444444444445
9.569814814814816
7.365925925925926
8.710555555555555
14.39
8.24
10.680185185185184
7.193888888888889
5.705925925925926
12.712962962962964
7.343703703703704
6.9564814814814815
7.5562962962962965
10.430925925925926
9.990925925925925
20.38074074074074
15.147592592592593
15.259074074074075
28.320185185185185
12.704444444444444
11.219074074074074
10.961481481481481
10.161296296296296
12.80425925925926
12.200555555555555
17.976666666666667
5.796111111111111
5.6866666666666665
5.29037037037037
6.163333333333333
4.101296296296296
6.633333333333334
5.252777777777778
14.144444444444444
5.721481481481481
7.179444444444444
5.861851851851852
7.249074074074074
5.818148148148148
5.684074074074074
8.667037037037037
5.718148148148148
5.096481481481481
7.702037037037037
5.9911111111111115
8.083333333333334
33.05777777777778
6.647407407407408
13.111296296296297
11.73
8.92925925925926
7.37074074074074
7.991296296296296
12.375370370370371
13.943703703703704
7.445
6.139074074074074
8.06962962962963
5.761666666666667
16.127777777777776
9.486666666666666
14.021481481481482
15.717592592592593
12.019074074074075
18.01814814814815
19.74888888888889
5.272222222222222
47.760925925925925
24.847037037037037
26.89351851851852
37.50055555555556
30.29074074074074
23.72277777777778
32.44759259259259
31.98314814814815
53.613703703703706
41.33925925925926
356.0664814814815
299.10037037037034
