-23758.0
-20880.0
-23466.0
-27973.0
-28248.0
-21822.0
-26974.0
-21682.0
-34216.0
-24678.0
-23177.0
-19771.0
-34015.0
-21355.0
-27007.0
-20755.0
-21619.0
-45388.0
-34736.0
-44057.0
-23047.0
-27121.0
-33278.0
-28017.0
-33731.0
-59937.0
-31765.0
-42646.0
-26802.0
-20394.0
-52220.0
-26790.0
-25793.0
-28003.0
-41174.0
-38696.0
-92564.0
-64280.0
-64123.0
-118122.0
-53515.0
-45634.0
-42090.0
-38173.0
-54271.0
-48701.0
-77905.0
-19455.0
-19241.0
-18249.0
-22206.0
-12534.0
-23490.0
-17024.0
-56338.0
-19481.0
-24912.0
-19660.0
-25728.0
-20103.0
-17232.0
-32829.0
-20294.0
-18090.0
-28380.0
-20748.0
-30802.0
-149960.0
-24233.0
-53448.0
-44405.0
-35348.0
-28219.0
-31098.0
-49554.0
-55852.0
-28099.0
-22696.0
-32149.0
-20152.0
-61558.0
-38588.0
-57728.0
-65619.0
-48651.0
-70414.0
-82840.0
-18200.0
-208438.0
-108837.0
-121340.0
-169888.0
-140352.0
-111414.0
-145270.0
-143007.0
-250853.0
-197572.0
-1869172.0
-1595904.0
