41700
40422
46974
47791
33218
33230
46159
32271
33250
33287
30057
33115
28849
37948
30410
33765
35712
37757
34105
29190
31408
30435
33006
34016
29381
30644
27191
26970
29661
29444
25350
27693
32057
26263
25596
30365
30391
23596
25833
39600
24409
22377
22360
20947
22558
22281
23171
24083
20952
20187
27453
23508
24444
25133
33315
20147
25290
19806
21189
20569
24038
21761
23526
23580
22368
18245
17008
20519
20495
22662
19500
18158
20842
17611
17049
18564
16851
27491
17549
22474
19187
15343
16339
22153
18032
24925
17898
19575
25303
15789
18929
17579
15470
17444
17353
17785
17463
15668
16998
14436
16047
18663
26248
16538
32926
27183
14591
19049
14849
15573
16268
15065
12842
15130
17792
13658
13741
14775
15650
13641
13557
12982
13250
13365
52714
15812
12531
13789
13726
12563
12982
16539
14829
11390
12055
11533
12711
12143
12412
12541
12126
12674
15655
12229
12063
11367
14798
13808
11937
18462
