-28901.0
-27816.0
-31508.0
-34071.0
-21492.0
-21025.0
-32586.0
-19929.0
-21274.0
-22015.0
-18908.0
-21449.0
-18429.0
-25987.0
-18423.0
-21695.0
-23918.0
-24897.0
-21887.0
-18131.0
-19380.0
-19254.0
-19678.0
-22605.0
-19030.0
-19275.0
-16460.0
-15330.0
-18238.0
-18094.0
-14834.0
-16472.0
-19825.0
-15885.0
-14478.0
-16904.0
-18811.0
-13580.0
-15653.0
-25568.0
-13316.0
-12198.0
-12381.0
-12144.0
-12733.0
-12242.0
-12751.0
-13425.0
-11447.0
-10450.0
-17194.0
-13928.0
-14324.0
-14336.0
-18811.0
-10506.0
-13652.0
-10503.0
-11239.0
-10473.0
-11610.0
-11140.0
-13312.0
-14046.0
-11740.0
-8676.0
-8070.0
-10381.0
-10745.0
-13062.0
-9577.0
-9124.0
-12373.0
-7725.0
-7905.0
-9398.0
-7756.0
-17665.0
-8283.0
-13631.0
-9147.0
-6805.0
-7940.0
-12770.0
-8734.0
-11576.0
-7571.0
-10078.0
-15612.0
-7827.0
-8594.0
-8616.0
-7206.0
-7957.0
-8606.0
-9043.0
-8012.0
-6651.0
-6549.0
-6763.0
-7466.0
-8269.0
-16828.0
-7728.0
-21832.0
-14893.0
-6192.0
-9673.0
-6531.0
-5727.0
-7787.0
-5646.0
-5392.0
-7199.0
-7745.0
-5410.0
-5714.0
-7144.0
-7262.0
-5634.0
-5178.0
-5567.0
-5024.0
-4451.0
-36623.0
-7912.0
-4787.0
-5111.0
-4587.0
-4545.0
-4802.0
-7304.0
-6287.0
-4002.0
-4560.0
-3690.0
-4458.0
-4053.0
-5070.0
-4515.0
-3854.0
-4382.0
-7676.0
-4181.0
-4068.0
-3329.0
-7285.0
-6193.0
-4275.0
-10235.0
