7.722222222222222
7.485555555555556
8.698888888888888
8.850185185185186
6.151481481481482
6.1537037037037035
8.547962962962963
5.976111111111111
6.157407407407407
6.164259259259259
5.566111111111111
6.132407407407407
5.342407407407407
7.0274074074074075
5.631481481481481
6.252777777777778
6.613333333333333
6.992037037037037
6.315740740740741
5.405555555555556
5.816296296296296
5.636111111111111
6.112222222222222
6.29925925925926
5.440925925925926
5.674814814814815
5.03537037037037
4.9944444444444445
5.4927777777777775
5.452592592592593
4.694444444444445
5.128333333333333
5.936481481481482
4.863518518518519
4.74
5.6231481481481485
5.627962962962963
4.36962962962963
4.783888888888889
7.333333333333333
4.520185185185185
4.143888888888889
4.140740740740741
3.879074074074074
4.177407407407407
4.126111111111111
4.290925925925926
4.4598148148148145
3.88
3.7383333333333333
5.083888888888889
4.3533333333333335
4.526666666666666
4.654259259259259
6.169444444444444
3.7309259259259258
4.683333333333334
3.667777777777778
3.923888888888889
3.8090740740740743
4.451481481481482
4.029814814814815
4.3566666666666665
4.366666666666666
4.142222222222222
3.3787037037037035
3.14962962962963
3.7998148148148148
3.7953703703703705
4.196666666666666
3.611111111111111
3.3625925925925926
3.8596296296296297
3.261296296296296
3.1572222222222224
3.437777777777778
3.1205555555555557
5.090925925925926
3.249814814814815
4.161851851851852
3.553148148148148
2.841296296296296
3.0257407407407406
4.102407407407408
3.339259259259259
4.6157407407407405
3.3144444444444443
3.625
4.685740740740741
2.923888888888889
3.5053703703703705
3.2553703703703705
2.8648148148148147
3.2303703703703706
3.2135185185185184
3.2935185185185185
3.233888888888889
2.9014814814814813
3.147777777777778
2.6733333333333333
2.9716666666666667
3.456111111111111
4.860740740740741
3.0625925925925928
6.097407407407408
5.033888888888889
2.7020370370370372
3.5275925925925926
2.749814814814815
2.883888888888889
3.0125925925925925
2.789814814814815
2.3781481481481483
2.801851851851852
3.294814814814815
2.529259259259259
2.54462962962963
2.736111111111111
2.8981481481481484
2.526111111111111
2.5105555555555554
2.404074074074074
2.4537037037037037
2.475
9.761851851851851
2.928148148148148
2.3205555555555555
2.5535185185185183
2.541851851851852
2.3264814814814816
2.404074074074074
3.062777777777778
2.746111111111111
2.109259259259259
2.2324074074074076
2.135740740740741
2.3538888888888887
2.2487037037037036
2.2985185185185184
2.3224074074074075
2.2455555555555557
2.3470370370370373
2.899074074074074
2.2646296296296295
2.233888888888889
2.105
2.7403703703703703
2.557037037037037
2.2105555555555556
3.418888888888889
