8.108703703703704
7.254444444444444
8.88962962962963
8.650185185185185
7.00537037037037
7.2935185185185185
6.837777777777778
10.301851851851852
6.30462962962963
5.979814814814815
6.468148148148148
7.227407407407408
7.510925925925926
6.892222222222222
8.036111111111111
7.591111111111111
8.432592592592593
8.147407407407407
6.674444444444444
5.803518518518518
6.919074074074074
6.258703703703704
8.961666666666666
5.159259259259259
8.28962962962963
5.538518518518519
6.043148148148148
8.34962962962963
6.803333333333334
8.370185185185186
7.347962962962963
6.8912962962962965
6.394074074074074
6.101851851851852
6.261481481481481
7.899814814814815
5.947777777777778
6.842037037037037
8.300925925925926
6.205925925925926
5.729444444444445
5.603888888888889
7.107222222222222
6.427962962962963
6.381111111111111
8.336851851851852
5.505
7.05462962962963
7.204074074074074
5.360185185185185
6.652592592592592
7.083148148148148
7.730555555555555
6.278333333333333
7.318518518518519
6.032407407407407
5.015555555555555
5.618703703703703
5.995
7.027962962962963
5.472407407407408
5.789259259259259
7.038518518518519
6.1846296296296295
5.311481481481482
6.027592592592592
10.347037037037037
10.65925925925926
5.492222222222222
8.121481481481482
4.662037037037037
5.683148148148148
4.870555555555556
6.57037037037037
4.54462962962963
5.0690740740740745
5.680740740740741
4.966296296296297
5.356296296296296
5.713518518518518
5.1664814814814815
5.4964814814814815
6.157407407407407
5.4151851851851855
6.168888888888889
5.6829629629629625
6.53
6.78537037037037
5.487962962962963
7.397037037037037
7.1338888888888885
5.057407407407408
5.57962962962963
5.230185185185185
5.840185185185185
6.267037037037037
4.99
5.438518518518518
5.118888888888889
7.316666666666666
5.7209259259259255
4.935925925925926
5.363518518518519
5.114814814814815
4.665555555555556
5.3190740740740745
6.151851851851852
5.012777777777778
6.111111111111111
4.497222222222222
4.7988888888888885
5.437407407407408
4.050740740740741
4.6433333333333335
5.157592592592593
4.929814814814815
4.6433333333333335
5.030555555555556
4.473148148148148
4.962592592592593
4.494814814814815
5.067962962962963
5.222222222222222
4.410555555555556
4.891851851851852
4.273518518518519
4.769259259259259
5.255740740740741
4.442407407407408
4.861111111111111
4.544444444444444
4.681481481481481
4.648148148148148
4.970185185185185
4.940925925925926
4.872407407407407
5.235185185185185
3.589074074074074
4.5092592592592595
4.2588888888888885
4.216296296296297
4.399629629629629
4.4218518518518515
4.7098148148148145
4.763703703703704
5.548333333333333
4.330925925925926
4.58074074074074
4.1809259259259255
5.866666666666666
4.5488888888888885
4.369074074074074
4.0707407407407405
6.381481481481481
5.148703703703704
4.912222222222222
4.832962962962963
4.519629629629629
4.320185185185185
4.36962962962963
4.155925925925926
4.945
4.057777777777778
4.348148148148148
3.723148148148148
4.04537037037037
4.841666666666667
3.633888888888889
4.173148148148148
4.724074074074074
4.569259259259259
3.9522222222222223
3.9809259259259258
4.888148148148148
4.104629629629629
4.410185185185185
3.8046296296296296
3.718703703703704
4.064814814814815
4.476481481481481
3.705925925925926
4.044814814814814
4.494814814814815
4.5398148148148145
4.220740740740741
4.272222222222222
3.6433333333333335
4.07537037037037
4.608333333333333
4.138333333333334
3.9935185185185187
4.248703703703704
3.777222222222222
3.2464814814814815
4.262037037037037
3.735925925925926
3.609259259259259
3.527037037037037
3.601111111111111
3.7733333333333334
3.691851851851852
4.04462962962963
3.9744444444444444
3.872777777777778
3.985
3.4455555555555555
3.724814814814815
3.6985185185185183
4.118148148148149
3.528703703703704
3.612962962962963
3.9905555555555554
3.497592592592593
3.758703703703704
4.480555555555555
3.040185185185185
3.0772222222222223
3.47
3.925
3.772962962962963
3.676111111111111
3.6
3.816851851851852
3.553703703703704
3.9837037037037035
4.434444444444445
5.161666666666667
3.3783333333333334
3.529074074074074
3.682777777777778
3.647962962962963
3.6725925925925926
3.2783333333333333
3.947037037037037
3.5237037037037036
3.2874074074074073
3.4225925925925926
2.962037037037037
3.4825925925925927
3.3801851851851854
3.351111111111111
3.8314814814814815
3.227592592592593
3.1803703703703703
3.2153703703703704
3.5462962962962963
3.34
3.0842592592592593
3.2468518518518517
3.655740740740741
3.193888888888889
3.232962962962963
2.988703703703704
3.475925925925926
3.387962962962963
3.243888888888889
3.3272222222222223
3.1233333333333335
3.4501851851851852
3.2418518518518518
3.5816666666666666
3.6283333333333334
3.895
3.33462962962963
3.111666666666667
3.4698148148148147
3.9412962962962963
3.7435185185185187
3.6305555555555555
3.1837037037037037
3.525185185185185
3.3177777777777777
3.105185185185185
3.2801851851851853
3.2866666666666666
3.2916666666666665
3.4792592592592593
3.136296296296296
3.265740740740741
2.882222222222222
3.22
3.082777777777778
3.724814814814815
2.9725925925925925
3.1187037037037038
3.107962962962963
3.375
3.3553703703703706
2.868888888888889
2.9805555555555556
3.0211111111111113
3.2885185185185186
2.9112962962962965
3.033333333333333
2.613703703703704
2.650925925925926
3.1144444444444446
3.2998148148148148
2.718703703703704
2.8633333333333333
3.0755555555555554
2.9318518518518517
3.2737037037037036
2.709074074074074
3.3983333333333334
2.902037037037037
2.9466666666666668
2.3975925925925927
2.7974074074074076
3.1885185185185185
2.7155555555555555
2.997592592592593
2.926111111111111
3.6874074074074072
2.937037037037037
2.766111111111111
3.0075925925925926
2.686111111111111
2.7398148148148147
2.6764814814814817
3.097777777777778
3.269814814814815
2.6155555555555554
2.6335185185185184
2.8094444444444444
2.866296296296296
2.6911111111111112
2.5681481481481483
3.181111111111111
2.9774074074074073
2.7801851851851853
2.622962962962963
2.6277777777777778
2.602592592592593
2.602777777777778
2.7824074074074074
2.6374074074074074
2.9103703703703703
3.1457407407407407
2.754814814814815
2.731851851851852
2.4003703703703705
2.8685185185185187
3.1074074074074076
2.7735185185185185
2.7983333333333333
2.8244444444444445
2.958148148148148
2.755
2.728148148148148
2.5327777777777776
2.5970370370370373
3.477037037037037
2.8464814814814816
3.0031481481481483
2.8235185185185183
2.515925925925926
3.1196296296296295
2.620185185185185
2.630925925925926
2.5285185185185184
2.4340740740740743
2.589814814814815
2.642962962962963
2.8244444444444445
2.968888888888889
2.379814814814815
2.1403703703703703
2.8022222222222224
2.3814814814814813
2.2444444444444445
2.5175925925925924
2.4914814814814816
2.43
2.9075925925925925
2.528888888888889
2.6151851851851853
2.474074074074074
2.9846296296296297
2.6975925925925925
2.8312962962962964
2.491111111111111
2.629259259259259
2.3718518518518517
2.5322222222222224
2.763148148148148
2.68537037037037
2.457777777777778
2.6375925925925925
2.657037037037037
2.5924074074074075
2.3224074074074075
2.480185185185185
2.2174074074074075
2.475925925925926
2.303888888888889
2.5724074074074075
3.0007407407407407
2.8605555555555555
2.191851851851852
2.484074074074074
2.3942592592592593
2.349074074074074
2.3692592592592594
2.515185185185185
5.474814814814815
3.019814814814815
2.624814814814815
2.757037037037037
3.2355555555555555
2.742777777777778
3.4824074074074076
2.6355555555555554
2.9366666666666665
3.061111111111111
2.7957407407407406
2.6287037037037035
2.4974074074074073
2.5903703703703704
2.912777777777778
2.739259259259259
3.181111111111111
2.7472222222222222
2.272777777777778
2.0894444444444447
2.558148148148148
3.2705555555555557
2.408333333333333
2.5835185185185185
2.3435185185185183
2.281851851851852
2.466111111111111
2.452777777777778
2.3183333333333334
2.277222222222222
2.1662962962962964
2.1796296296296296
2.0085185185185184
2.133888888888889
2.2472222222222222
2.1203703703703702
2.1622222222222223
2.183148148148148
2.527222222222222
13.285185185185185
2.525185185185185
2.8227777777777776
2.19
2.151111111111111
2.3603703703703705
2.550925925925926
2.111851851851852
2.1246296296296294
2.194074074074074
2.080925925925926
2.011296296296296
2.3225925925925925
2.223148148148148
2.225740740740741
2.195
2.4325925925925924
2.339814814814815
2.47
2.3714814814814815
2.0887037037037035
2.4783333333333335
2.366111111111111
1.927037037037037
2.2283333333333335
2.5188888888888887
2.618333333333333
2.1603703703703703
2.2116666666666664
2.1964814814814817
1.9098148148148149
1.8881481481481481
2.132037037037037
1.9383333333333332
2.3003703703703704
2.3716666666666666
2.399074074074074
2.078888888888889
2.3724074074074073
2.4498148148148147
2.5812962962962964
2.232037037037037
2.229814814814815
2.2401851851851853
2.43962962962963
2.5155555555555558
2.251851851851852
2.0105555555555554
2.350185185185185
2.1435185185185186
1.6546296296296297
1.9133333333333333
2.155925925925926
1.9572222222222222
1.9044444444444444
2.0705555555555555
