43787
39174
48004
46711
37829
39385
36924
55630
34045
32291
34928
39028
40559
37218
43395
40992
45536
43996
36042
31339
37363
33797
48393
27860
44764
29908
32633
45088
36738
45199
39679
37213
34528
32950
33812
42659
32118
36947
44825
33512
30939
30261
38379
34711
34458
45019
29727
38095
38902
28945
35924
38249
41745
33903
39520
32575
27084
30341
32373
37951
29551
31262
38008
33397
28682
32549
55874
57560
29658
43856
25175
30689
26301
35480
24541
27373
30676
26818
28924
30853
27899
29681
33250
29242
33312
30688
35262
36641
29635
39944
38523
27310
30130
28243
31537
33842
26946
29368
27642
39510
30893
26654
28963
27620
25194
28723
33220
27069
33000
24285
25914
29362
21874
25074
27851
26621
25074
27165
24155
26798
24272
27367
28200
23817
26416
23077
25754
28381
23989
26250
24540
25280
25100
26839
26681
26311
28270
19381
24350
22998
22768
23758
23878
25433
25724
29961
23387
24736
22577
31680
24564
23593
21982
34460
27803
26526
26098
24406
23329
23596
22442
26703
21912
23480
20105
21845
26145
19623
22535
25510
24674
21342
21497
26396
22165
23815
20545
20081
21950
24173
20012
21842
24272
24515
22792
23070
19674
22007
24885
22347
21565
22943
20397
17531
23015
20174
19490
19046
19446
20376
19936
21841
21462
20913
21519
18606
20114
19972
22238
19055
19510
21549
18887
20297
24195
16417
16617
18738
21195
20374
19851
19440
20611
19190
21512
23946
27873
18243
19057
19887
19699
19832
17703
21314
19028
17752
18482
15995
18806
18253
18096
20690
17429
17174
17363
19150
18036
16655
17533
19741
17247
17458
16139
18770
18295
17517
17967
16866
18631
17506
19341
19593
21033
18007
16803
18737
21283
20215
19605
17192
19036
17916
16768
17713
17748
17775
18788
16936
17635
15564
17388
16647
20114
16052
16841
16783
18225
18119
15492
16095
16314
17758
15721
16380
14114
14315
16818
17819
14681
15462
16608
15832
17678
14629
18351
15671
15912
12947
15106
17218
14664
16187
15801
19912
15860
14937
16241
14505
14795
14453
16728
17657
14124
14221
15171
15478
14532
13868
17178
16078
15013
14164
14190
14054
14055
15025
14242
15716
16987
14876
14752
12962
15490
16780
14977
15111
15252
15974
14877
14732
13677
14024
18776
15371
16217
15247
13586
16846
14149
14207
13654
13144
13985
14272
15252
16032
12851
11558
15132
12860
12120
13595
13454
13122
15701
13656
14122
13360
16117
14567
15289
13452
14198
12808
13674
14921
14501
13272
14243
14348
13999
12541
13393
11974
13370
12441
13891
16204
15447
11836
13414
12929
12685
12794
13582
29564
16307
14174
14888
17472
14811
18805
14232
15858
16530
15097
14195
13486
13988
15729
14792
17178
14835
12273
11283
13814
17661
13005
13951
12655
12322
13317
13245
12519
12297
11698
11770
10846
11523
12135
11450
11676
11789
13647
71740
13636
15243
11826
11616
12746
13775
11404
11473
11848
11237
10861
12542
12005
12019
11853
13136
12635
13338
12806
11279
13383
12777
10406
12033
13602
14139
11666
11943
11861
10313
10196
11513
10467
12422
12807
12955
11226
12811
13229
13939
12053
12041
12097
13174
13584
12160
10857
12691
11575
8935
10332
11642
10569
10284
11181
