-562
-588
-625
-631
-537
-531
-535
-736
-494
-495
-508
-579
-573
-497
-524
-582
-495
-541
-540
-447
-528
-515
-652
-460
-593
-443
-483
-625
-497
-628
-520
-524
-565
-434
-484
-483
-430
-480
-669
-483
-463
-451
-510
-524
-446
-568
-434
-503
-572
-386
-513
-579
-542
-493
-541
-469
-429
-487
-512
-558
-469
-495
-557
-488
-481
-515
-613
-683
-448
-592
-364
-467
-428
-490
-413
-436
-467
-428
-418
-436
-471
-442
-438
-444
-481
-437
-519
-529
-404
-512
-536
-413
-495
-454
-455
-515
-430
-419
-448
-447
-437
-394
-382
-459
-421
-469
-467
-421
-499
-408
-417
-439
-337
-363
-393
-390
-412
-399
-365
-374
-358
-402
-470
-382
-402
-397
-380
-460
-349
-411
-363
-401
-348
-434
-480
-440
-420
-367
-357
-379
-435
-392
-377
-421
-408
-440
-399
-419
-373
-467
-411
-386
-325
-420
-401
-453
-425
-448
-365
-380
-406
-418
-365
-371
-339
-333
-423
-358
-426
-459
-391
-382
-394
-441
-377
-427
-316
-357
-380
-410
-375
-392
-420
-421
-402
-421
-343
-364
-359
-349
-320
-370
-338
-318
-390
-343
-344
-375
-351
-339
-337
-375
-375
-312
-353
-347
-351
-302
-352
-321
-351
-357
-365
-336
-354
-314
-310
-355
-318
-334
-352
-373
-404
-302
-325
-368
-405
-311
-302
-321
-351
-367
-327
-377
-332
-283
-323
-289
-311
-342
-348
-374
-314
-321
-300
-328
-306
-297
-279
-295
-354
-324
-280
-323
-320
-328
-368
-296
-402
-320
-357
-343
-291
-311
-284
-285
-313
-283
-266
-276
-316
-344
-323
-303
-300
-280
-313
-294
-349
-307
-333
-257
-259
-291
-237
-266
-304
-257
-277
-296
-325
-324
-270
-319
-300
-280
-272
-241
-262
-267
-269
-282
-285
-287
-302
-264
-316
-275
-283
-285
-280
-301
-320
-285
-278
-243
-252
-256
-233
-266
-301
-348
-249
-251
-242
-287
-260
-254
-261
-236
-281
-258
-211
-275
-273
-286
-269
-274
-286
-259
-239
-224
-234
-272
-216
-284
-275
-238
-238
-265
-241
-293
-260
-259
-292
-225
-238
-233
-268
-260
-263
-238
-266
-232
-255
-254
-263
-247
-224
-228
-210
-233
-229
-256
-269
-292
-255
-231
-270
-228
-246
-226
-237
-220
-256
-212
-255
-227
-278
-239
-228
-210
-216
-244
-199
-238
-212
-213
-216
-233
-191
-199
-242
-239
-276
-379
-283
-237
-207
-240
-215
-236
-209
-246
-253
-240
-256
-242
-233
-221
-213
-225
-251
-183
-241
-236
-291
-227
-207
-212
-189
-208
-232
-193
-182
-237
-206
-205
-176
-228
-209
-213
-190
-186
-394
-266
-190
-212
-191
-196
-188
-211
-187
-212
-186
-217
-198
-197
-186
-205
-192
-188
-205
-203
-180
-182
-165
-196
-231
-240
-233
-207
-197
-226
-199
-161
-196
-177
-162
-149
-172
-208
-178
-211
-176
-221
-254
-211
-182
-171
-186
-189
-196
-189
-158
-165
-182
-177
-174
-162
