86.73666666666666
75.04425925925926
83.00222222222222
78.13537037037037
78.20555555555555
54.26962962962963
66.87462962962962
56.72574074074074
84.4012962962963
80.34722222222223
92.9674074074074
73.55574074074075
104.61203703703704
70.45277777777778
72.85703703703703
111.57296296296296
66.56055555555555
60.20648148148148
63.529074074074074
80.20111111111112
62.678148148148146
86.62296296296296
87.68555555555555
60.55444444444444
62.76148148148148
59.88703703703704
62.40555555555556
68.80962962962963
67.79481481481481
93.79944444444445
81.1687037037037
58.98240740740741
54.49722222222222
61.19148148148148
88.42166666666667
87.50611111111111
62.24740740740741
98.75074074074074
99.17185185185186
65.45111111111112
72.44925925925926
66.45555555555555
65.18518518518519
57.14962962962963
74.865
69.9724074074074
65.71888888888888
68.14111111111112
78.05703703703703
88.05277777777778
56.23222222222222
101.065
63.77648148148148
71.47148148148148
81.0012962962963
78.29981481481481
60.03592592592592
73.84074074074074
87.42888888888889
76.26925925925926
90.03944444444444
81.99222222222222
81.4675925925926
63.51888888888889
69.88203703703704
88.6962962962963
100.3787037037037
76.70814814814815
90.8174074074074
87.63425925925925
64.28277777777778
96.4374074074074
69.49925925925926
97.78296296296297
95.48074074074074
94.26981481481481
80.63240740740741
70.83703703703704
107.20074074074074
77.94462962962963
64.81962962962963
79.78481481481481
72.12574074074074
92.8411111111111
75.18166666666667
66.77925925925926
64.93203703703703
77.04611111111112
82.85574074074074
88.95203703703703
95.09481481481481
62.88203703703704
67.28777777777778
62.51814814814815
52.96277777777778
73.18666666666667
83.13148148148149
58.72037037037037
86.87203703703703
97.27574074074074
