468378
405239
448212
421931
422310
293056
361123
306319
455767
433875
502024
397201
564905
380445
393428
602494
359427
325115
343057
433086
338462
467764
473502
326994
338912
323390
336990
371572
366092
506517
438311
318505
294285
330434
477477
472533
336136
533254
535528
353436
391226
358860
352000
308608
404271
377851
354882
367962
421508
475485
303654
545751
344393
385946
437407
422819
324194
398740
472116
411854
486213
442758
439925
343002
377363
478960
542045
414224
490414
473225
347127
520762
375296
528028
515596
509057
435415
382520
578884
420901
350026
430838
389479
501342
405981
360608
350633
416049
447421
480341
513512
339563
363354
337598
285999
395208
448910
317090
469109
525289
