-366168.0
-272133.0
-329349.0
-277022.0
-287277.0
-181489.0
-251104.0
-179954.0
-320067.0
-308193.0
-355014.0
-265842.0
-421464.0
-275966.0
-271246.0
-468424.0
-237442.0
-225109.0
-210422.0
-316866.0
-237285.0
-330329.0
-335162.0
-229951.0
-220582.0
-203021.0
-212790.0
-258157.0
-233255.0
-396465.0
-306657.0
-216520.0
-208112.0
-196300.0
-389642.0
-376601.0
-217235.0
-383838.0
-357845.0
-254132.0
-269435.0
-246822.0
-225779.0
-179298.0
-287103.0
-268752.0
-216394.0
-250165.0
-272718.0
-361381.0
-200375.0
-395815.0
-237887.0
-234990.0
-292232.0
-275496.0
-204769.0
-252675.0
-323889.0
-276149.0
-355969.0
-311366.0
-311409.0
-218438.0
-255008.0
-313553.0
-438649.0
-317436.0
-307791.0
-393961.0
-228084.0
-396139.0
-249705.0
-423083.0
-353068.0
-354493.0
-300806.0
-248623.0
-484310.0
-315619.0
-255690.0
-317529.0
-254122.0
-352999.0
-317775.0
-242566.0
-213514.0
-342561.0
-296142.0
-340553.0
-353638.0
-221472.0
-260923.0
-222360.0
-179010.0
-317245.0
-329747.0
-197877.0
-361055.0
-417437.0
