-294761.0
-180622.0
-180634.0
-265056.0
-351824.0
-295045.0
-381281.0
-242413.0
-329313.0
-213659.0
-321690.0
-228995.0
-216489.0
-241225.0
-269089.0
-209636.0
-227862.0
-286403.0
-228293.0
-394570.0
-256157.0
-186733.0
-392625.0
-226080.0
-240401.0
-403142.0
-272929.0
-323085.0
-286439.0
-145021.0
-343140.0
-251239.0
-237469.0
-283783.0
-150434.0
-317981.0
-226528.0
-258277.0
-288803.0
-327963.0
-200382.0
-221852.0
-177096.0
-235510.0
-198385.0
-222549.0
-268883.0
-220629.0
-164761.0
-258639.0
-297466.0
-272505.0
-239200.0
-248597.0
-195158.0
-289807.0
-288037.0
-245119.0
-528458.0
-206419.0
-145464.0
-231829.0
-220074.0
-181939.0
-233777.0
-215627.0
-147030.0
-305883.0
-271018.0
-232469.0
-187811.0
-223080.0
-148202.0
-261716.0
-274390.0
-292784.0
-183056.0
-182938.0
-159718.0
-182707.0
-158828.0
-165112.0
-145435.0
-163667.0
-159683.0
-139912.0
-151703.0
-231177.0
-196880.0
-206729.0
-164659.0
-177938.0
-163451.0
-228239.0
-203995.0
-147543.0
-181849.0
-219433.0
-170804.0
-139648.0
-174714.0
-212868.0
-155937.0
-176900.0
-182529.0
-175644.0
-136965.0
-224211.0
-174293.0
-165068.0
-187437.0
-153935.0
-196144.0
-172939.0
-138249.0
-197009.0
-124130.0
-163471.0
-186315.0
-119321.0
-151298.0
-145038.0
-167764.0
-187382.0
-112714.0
-140291.0
-183182.0
-169864.0
-152544.0
-170353.0
-229040.0
-180840.0
-195658.0
-245218.0
-163451.0
-127479.0
-168908.0
-140175.0
-150834.0
-129227.0
-151695.0
-173940.0
-170099.0
-183711.0
-134996.0
-142750.0
-168395.0
-175533.0
-175066.0
-159242.0
-160322.0
-215846.0
-173263.0
-154040.0
-147017.0
-169581.0
-194064.0
-213841.0
-166551.0
-137746.0
-164234.0
-187178.0
-245194.0
-123770.0
-123098.0
-124051.0
-184680.0
-120840.0
-207642.0
-163116.0
-210180.0
-153324.0
-189838.0
-183883.0
-90867.0
-138032.0
-173852.0
-120169.0
-117352.0
-113141.0
-118910.0
-145080.0
-162667.0
-149769.0
-102693.0
-106747.0
-139132.0
-174359.0
-158067.0
-125970.0
-134370.0
-191983.0
-97084.0
-175903.0
-132921.0
-107094.0
-139744.0
-180652.0
-146498.0
-193067.0
-118824.0
-118810.0
-123679.0
-175804.0
-157703.0
-114884.0
-165040.0
-117320.0
-115633.0
-120539.0
-112549.0
-115509.0
-126297.0
-152306.0
-132854.0
-119843.0
-100903.0
-106001.0
-91221.0
-113092.0
-122438.0
-127463.0
-109354.0
-139884.0
-105794.0
-102648.0
-110508.0
-101008.0
-103159.0
-110821.0
-182769.0
-96771.0
-184789.0
-103457.0
-151211.0
-134525.0
-126394.0
-108677.0
-111557.0
-120028.0
-131134.0
-100069.0
-90290.0
-151848.0
-115856.0
-191295.0
-113252.0
-129896.0
-121342.0
-102363.0
-124451.0
-101317.0
-88777.0
-104628.0
-108394.0
-116671.0
-125430.0
-156633.0
-112392.0
-147812.0
-92760.0
-98733.0
-100303.0
-95015.0
-93554.0
-124290.0
-116710.0
-124808.0
-115863.0
-108050.0
-118593.0
-110418.0
-97644.0
-120302.0
-86891.0
-97746.0
-113351.0
-103304.0
-126176.0
-98454.0
-107830.0
-101133.0
-102804.0
-102146.0
-128366.0
-95531.0
-142327.0
-93484.0
-139282.0
-94515.0
-88979.0
-78118.0
-110094.0
-96491.0
-112410.0
-113730.0
-91662.0
-122844.0
-87532.0
-93844.0
-98970.0
-88728.0
-97589.0
-117341.0
-95834.0
-99695.0
-87477.0
-109694.0
-88752.0
-117471.0
-100166.0
-109332.0
-93427.0
-116994.0
-103415.0
-105111.0
-97154.0
-102490.0
-95107.0
-88445.0
-65119.0
-83121.0
-96304.0
-109487.0
-101957.0
-84922.0
-103054.0
-75917.0
-122154.0
-88926.0
-85878.0
-91918.0
-107635.0
-122964.0
-89938.0
-126903.0
-102394.0
-124475.0
-114785.0
-89709.0
-95715.0
-93606.0
-88405.0
-101752.0
-83239.0
-104556.0
-107020.0
-146475.0
-90355.0
-102092.0
-133238.0
-128187.0
-94662.0
-131949.0
-108039.0
-59276.0
-101633.0
-73276.0
-86951.0
-113149.0
-80785.0
-84469.0
-109649.0
-88078.0
-90318.0
-73333.0
-107873.0
-95012.0
-94974.0
-80945.0
-98297.0
-83717.0
-86273.0
-86511.0
-92496.0
-84389.0
-125819.0
-76001.0
-101046.0
-99205.0
-115203.0
-114356.0
-95910.0
-74351.0
-123672.0
-60316.0
-81269.0
-85601.0
-84802.0
-78810.0
-108376.0
-70354.0
-78672.0
-82622.0
-76315.0
-78241.0
-88009.0
-83134.0
-72328.0
-78256.0
-101084.0
-84106.0
-83673.0
-89552.0
-83835.0
-79703.0
-81284.0
-85067.0
-87039.0
-83008.0
-81281.0
-78151.0
-92191.0
-70240.0
-86276.0
-89516.0
-65132.0
-90823.0
-86725.0
-77528.0
-61830.0
-103531.0
-78961.0
-72843.0
-79978.0
-81206.0
-78388.0
-67001.0
-87155.0
-82440.0
-78672.0
-88550.0
-92781.0
-84035.0
-81670.0
-68000.0
-66073.0
-79463.0
-79590.0
-78122.0
-84472.0
-77628.0
-74920.0
-83480.0
-77795.0
-87815.0
-69727.0
-87134.0
-93149.0
-72123.0
-88211.0
-75276.0
-100957.0
-66988.0
-70568.0
-65182.0
-70384.0
-67562.0
-98531.0
-81962.0
-80665.0
-75397.0
-78484.0
-73616.0
-67944.0
-62171.0
-72613.0
-81739.0
-83672.0
-62219.0
-67155.0
-70509.0
-69115.0
-77590.0
-74596.0
-94552.0
-73775.0
-76738.0
-70616.0
-60191.0
-66942.0
-83366.0
-74299.0
-74420.0
-75341.0
-65529.0
-92544.0
-96963.0
-83894.0
-67293.0
-76367.0
-94178.0
-62823.0
-92249.0
-93389.0
-88241.0
-86265.0
-76869.0
-71156.0
-60146.0
-70682.0
-72912.0
-84364.0
-78448.0
-68421.0
-74411.0
-112834.0
-97886.0
-68861.0
-77242.0
-71951.0
-67904.0
-73817.0
-81555.0
-71131.0
-57907.0
-67106.0
-66444.0
-63033.0
-71107.0
-80453.0
-65347.0
-76543.0
-57053.0
-66299.0
-65910.0
-61131.0
-70483.0
-74328.0
-71791.0
-55613.0
-64236.0
-63984.0
-79972.0
-59124.0
-64484.0
-68549.0
-80039.0
-68048.0
-76670.0
-99254.0
-71907.0
-74061.0
-74999.0
-94139.0
-76713.0
-67138.0
-67659.0
-82481.0
-86818.0
-72261.0
-76639.0
-57678.0
-82251.0
-65701.0
-82054.0
-61063.0
-72483.0
-59361.0
-76849.0
-84739.0
-54444.0
-101487.0
-62266.0
-61148.0
-63749.0
-59717.0
-61362.0
-70582.0
-57306.0
-73303.0
-62606.0
-66076.0
-67882.0
-94751.0
-66556.0
-69352.0
-81685.0
-54332.0
-58403.0
-71556.0
-77805.0
-76422.0
-59736.0
-72631.0
-63590.0
-68099.0
-63967.0
-59556.0
-70218.0
-62704.0
-62335.0
-70206.0
-56507.0
-60950.0
-63035.0
-72446.0
-70634.0
-60558.0
-61415.0
-65039.0
-71625.0
-57824.0
-65816.0
-52887.0
-56629.0
-56434.0
-61672.0
-68818.0
-54488.0
-72844.0
-51240.0
-58649.0
-63884.0
-57109.0
-60410.0
-69603.0
-74595.0
-57448.0
-57097.0
-59027.0
-73316.0
-56418.0
-61688.0
-71553.0
-61687.0
-55741.0
-59317.0
-63061.0
-65682.0
-49933.0
-60035.0
-46884.0
-57446.0
-57837.0
-50368.0
-49584.0
-56260.0
-63491.0
-56635.0
-53317.0
-54453.0
-50034.0
-61386.0
-55462.0
-52417.0
-46843.0
-47376.0
-51289.0
-51851.0
-52615.0
-61669.0
-66824.0
-58531.0
-49238.0
-52344.0
-51744.0
-46534.0
-47976.0
-62157.0
-52185.0
-60490.0
-49247.0
-47333.0
-58192.0
-57970.0
-54082.0
-43173.0
-46039.0
-50803.0
-42547.0
-54559.0
-52677.0
-49516.0
-64273.0
-61860.0
-54553.0
-51824.0
-44908.0
-62016.0
-41249.0
-49370.0
-50539.0
-41956.0
-44021.0
-51348.0
-44548.0
-42882.0
-54095.0
-43654.0
-49343.0
-41791.0
-50962.0
-46757.0
-47576.0
-82780.0
-112052.0
-48666.0
-43134.0
-47719.0
-54591.0
-56532.0
-37990.0
-44702.0
-51680.0
-51111.0
-52013.0
-50280.0
-58890.0
-50485.0
-42084.0
-46686.0
-62739.0
-41288.0
-48431.0
-39820.0
-50111.0
-45535.0
-51652.0
-51156.0
-56130.0
-54537.0
-46338.0
-45221.0
-41852.0
-47183.0
-45960.0
-45070.0
-45645.0
-53900.0
-50816.0
-45171.0
-48588.0
-49198.0
-44483.0
-52530.0
-40649.0
-39972.0
-58698.0
-56141.0
-41609.0
-47923.0
-46176.0
-53259.0
-45739.0
-42432.0
-36940.0
-42732.0
-43281.0
-49181.0
-41264.0
-38023.0
-53226.0
-46589.0
-48276.0
-52023.0
-41613.0
-51153.0
-55059.0
-60000.0
-70157.0
-56284.0
-48158.0
-50520.0
-42422.0
-41915.0
-51063.0
-52146.0
-51618.0
-51423.0
-50194.0
-36470.0
-52919.0
-46165.0
-41162.0
-44577.0
-37582.0
-52311.0
-52683.0
-36681.0
-42031.0
-40116.0
-42421.0
-41505.0
-39464.0
-45527.0
-42112.0
-54893.0
-39706.0
-42318.0
-39625.0
-53773.0
-39505.0
-39496.0
-48746.0
-38201.0
-49089.0
-38969.0
-40387.0
-55021.0
-47715.0
-53816.0
-38653.0
-40797.0
-47431.0
-39256.0
-40464.0
-36535.0
-44514.0
-39008.0
-45446.0
-41985.0
-48298.0
-36568.0
-37051.0
-46686.0
-37153.0
-31225.0
-48759.0
-44599.0
-36895.0
-48597.0
-40520.0
-115629.0
-49122.0
-42453.0
-47056.0
-37407.0
-34032.0
-48722.0
-38177.0
-35898.0
-42546.0
-56052.0
-44371.0
-39982.0
-56394.0
-47639.0
-40533.0
-44957.0
-30405.0
-36999.0
-32238.0
-51910.0
-37222.0
-35085.0
-44675.0
-48338.0
-59570.0
-35460.0
-45782.0
-40226.0
-37996.0
-41985.0
-37905.0
-43627.0
-33917.0
-42294.0
-36993.0
-44549.0
-46889.0
-48617.0
-41267.0
-36670.0
-45720.0
-40729.0
-39502.0
-43599.0
-45173.0
-42431.0
-37573.0
-40377.0
-41993.0
-33473.0
-43729.0
-44820.0
-43519.0
-49843.0
-34877.0
-35174.0
-40819.0
-37284.0
-43574.0
-37936.0
-36017.0
-37945.0
-38929.0
-41263.0
-51725.0
-50034.0
-39051.0
-28174.0
-41949.0
-41026.0
-39908.0
-35663.0
-35773.0
-39254.0
-40266.0
-40267.0
