83.135
57.98407407407407
56.64925925925926
70.6687037037037
95.3575925925926
73.75555555555556
94.75166666666667
67.04703703703704
87.8387037037037
63.13851851851852
84.87611111111111
65.12425925925926
61.22944444444445
69.51814814814814
72.53888888888889
61.00370370370371
68.69055555555556
79.1288888888889
63.80111111111111
93.92407407407407
69.70148148148148
52.825185185185184
94.77388888888889
70.07685185185186
65.32703703703703
96.24648148148148
68.90388888888889
84.47333333333333
72.05092592592592
49.53037037037037
87.91796296296296
66.36962962962963
71.26981481481481
73.88925925925926
48.76907407407408
83.5838888888889
67.02907407407407
73.9674074074074
73.54148148148148
87.81592592592592
58.66759259259259
66.88740740740741
56.225
70.07888888888888
59.18962962962963
63.419074074074075
73.3225925925926
67.4012962962963
53.505
69.52925925925926
79.38888888888889
79.56314814814814
66.25018518518519
69.25537037037037
63.22518518518518
75.87537037037038
74.53722222222223
69.8062962962963
116.85018518518518
61.35666666666667
47.88444444444445
64.70555555555555
67.63185185185185
56.611296296296295
62.72185185185185
63.09518518518519
49.40611111111111
78.00222222222222
76.95166666666667
61.82222222222222
57.607962962962965
66.96240740740741
47.303148148148146
72.43555555555555
75.39574074074073
74.15481481481481
56.007222222222225
53.724259259259256
48.83259259259259
56.37740740740741
51.705740740740744
52.38981481481481
48.23518518518519
51.78722222222222
48.907222222222224
47.41092592592592
49.900740740740744
59.47759259259259
65.39981481481482
64.67722222222223
52.13962962962963
54.53388888888889
54.202962962962964
61.94814814814815
64.14759259259259
51.0
55.26907407407408
65.46870370370371
52.9937037037037
45.27425925925926
58.44074074074074
60.92296296296296
54.06962962962963
52.91722222222222
50.82888888888889
50.924814814814816
46.2862962962963
67.53611111111111
54.482592592592596
54.18666666666667
56.46722222222222
47.687407407407406
61.961481481481485
56.870185185185186
45.83888888888889
60.76814814814815
42.79833333333333
52.30925925925926
55.38685185185185
41.232962962962965
50.58037037037037
48.300185185185185
54.66185185185185
61.03407407407408
41.183703703703706
46.90592592592593
55.62481481481481
55.32574074074074
49.69037037037037
56.57259259259259
64.45314814814814
57.130185185185184
57.15314814814815
72.995
52.98092592592592
43.48240740740741
53.41759259259259
48.340555555555554
50.56333333333333
45.51444444444444
49.456296296296294
51.02611111111111
51.968333333333334
55.971666666666664
43.781851851851854
50.764074074074074
52.921851851851855
52.57555555555555
56.15518518518518
53.4787037037037
49.489814814814814
64.41851851851852
51.24777777777778
49.61925925925926
46.376666666666665
48.184814814814814
54.604814814814816
58.65777777777778
53.40203703703704
46.97259259259259
49.68277777777778
55.72851851851852
66.0012962962963
43.75907407407407
45.92685185185185
40.40833333333333
55.30962962962963
45.23129629629629
59.73111111111111
50.34166666666667
52.55148148148148
47.24074074074074
56.318888888888885
56.78425925925926
35.23722222222222
44.425185185185185
52.53425925925926
41.32018518518519
39.87574074074074
40.72814814814815
41.675
49.712407407407404
50.93703703703704
48.01814814814815
38.446296296296296
37.31407407407407
44.12314814814815
52.58611111111111
49.69796296296296
42.0462962962963
44.52981481481481
54.949444444444445
37.86148148148148
55.295
48.37166666666667
37.74611111111111
43.242407407407406
53.175
47.852777777777774
58.803703703703704
43.9112962962963
41.760185185185186
44.558703703703706
52.61796296296296
49.49611111111111
41.428148148148146
50.965185185185184
39.265
41.19870370370371
42.485925925925926
40.03388888888889
40.209074074074074
44.42314814814815
51.76907407407408
46.639074074074074
42.76870370370371
39.343333333333334
40.36944444444445
34.7662962962963
40.32333333333333
43.12407407407407
44.882592592592594
39.236296296296295
47.04888888888889
38.55759259259259
39.693333333333335
42.79148148148148
38.8512962962963
37.879814814814814
41.80203703703704
54.22925925925926
38.10314814814815
56.29796296296296
39.82925925925926
45.74166666666667
43.467592592592595
43.44814814814815
42.64462962962963
41.126481481481484
40.252037037037034
43.303148148148146
35.56722222222222
37.63759259259259
50.077222222222225
40.36592592592593
57.30203703703704
40.474074074074075
45.19444444444444
42.41740740740741
39.32074074074074
45.431296296296296
38.81981481481481
37.31611111111111
38.346111111111114
41.24166666666667
41.558703703703706
42.53
50.85037037037037
41.56388888888889
49.67092592592593
34.88444444444445
38.1712962962963
39.328148148148145
36.142037037037035
36.178148148148146
41.44759259259259
42.81703703703704
43.15888888888889
40.72574074074074
41.37851851851852
39.10148148148148
40.52148148148148
34.440185185185186
39.650740740740744
33.83277777777778
37.65833333333333
43.333333333333336
40.988703703703706
45.82648148148148
38.65592592592593
41.59481481481482
39.18555555555555
41.49092592592593
37.28018518518518
40.7437037037037
34.99037037037037
45.87722222222222
35.63407407407407
48.099074074074075
35.16796296296296
34.86351851851852
33.014074074074074
38.58314814814815
37.47814814814815
39.946481481481484
41.007962962962964
35.193518518518516
41.35
36.61944444444445
36.55407407407407
38.85740740740741
36.2437037037037
37.87314814814815
42.27518518518519
36.19314814814815
37.41037037037037
35.4512962962963
39.34425925925926
33.37796296296296
39.47074074074074
38.403333333333336
39.67685185185185
37.28925925925926
42.63851851851852
39.85907407407407
40.37925925925926
38.867592592592594
36.80037037037037
37.68907407407407
33.81925925925926
29.125185185185185
31.80388888888889
40.004444444444445
38.764074074074074
35.440185185185186
34.635740740740744
38.365
33.80407407407407
46.214814814814815
34.00851851851852
36.272777777777776
37.07037037037037
39.977777777777774
44.55388888888889
35.70685185185185
40.72611111111111
38.452222222222225
42.59703703703704
43.25666666666667
35.91574074074074
35.45166666666667
36.242777777777775
32.97648148148148
37.80833333333333
34.34444444444444
36.83037037037037
39.275555555555556
43.68537037037037
34.92259259259259
34.43666666666667
42.485
47.093148148148146
37.05203703703704
42.971296296296295
36.324444444444445
27.89759259259259
35.169444444444444
29.675
36.041666666666664
39.584074074074074
33.10592592592592
35.19592592592593
40.26870370370371
31.72462962962963
35.15351851851852
33.53148148148148
37.375
36.032222222222224
37.864814814814814
33.659444444444446
38.27722222222222
34.92092592592593
36.66962962962963
34.19722222222222
36.70444444444445
34.395185185185184
44.56055555555555
32.44259259259259
37.60259259259259
36.39462962962963
44.79148148148148
41.362037037037034
35.010925925925925
31.79462962962963
43.376296296296296
29.025555555555556
35.33148148148148
33.03611111111111
33.27740740740741
30.397777777777776
37.58444444444444
29.92574074074074
32.934074074074076
34.18333333333333
32.66722222222222
31.53648148148148
31.79740740740741
33.77203703703704
30.99388888888889
31.461296296296297
35.8387037037037
31.624074074074073
33.83814814814815
33.866851851851855
33.84722222222222
33.53055555555556
33.56074074074074
33.7712962962963
35.18296296296296
32.656666666666666
34.33462962962963
33.59648148148148
35.37611111111111
31.954814814814814
38.22037037037037
35.25370370370371
28.831296296296298
37.18333333333333
34.36
30.98462962962963
29.206481481481482
39.32425925925926
34.65259259259259
33.42148148148148
31.85925925925926
33.187592592592594
33.03259259259259
28.960555555555555
34.35092592592593
36.33037037037037
31.59462962962963
36.51925925925926
34.72962962962963
34.38462962962963
32.281851851851854
31.182037037037038
30.01888888888889
32.976851851851855
33.10111111111111
34.24814814814815
32.674814814814816
32.76611111111111
31.564814814814813
34.91722222222222
33.459074074074074
36.108148148148146
31.989444444444445
34.92037037037037
33.89462962962963
31.91462962962963
36.28962962962963
34.40462962962963
35.55518518518519
31.213333333333335
31.27166666666667
29.922962962962963
33.04555555555555
30.21203703703704
39.36222222222222
33.99444444444445
31.257407407407406
31.41425925925926
32.01592592592593
29.63888888888889
28.962962962962962
27.936481481481483
30.933703703703703
32.72462962962963
34.02092592592592
28.55648148148148
30.86611111111111
29.92888888888889
29.847037037037037
32.788518518518515
33.69425925925926
36.29759259259259
33.26574074074074
32.282037037037036
32.52462962962963
28.06222222222222
33.3137037037037
31.589814814814815
32.28259259259259
32.21462962962963
31.64296296296296
28.374444444444446
35.12425925925926
37.80037037037037
34.78111111111111
28.53851851851852
32.07648148148148
35.365
29.118518518518517
33.68333333333333
34.08888888888889
35.26462962962963
33.45148148148148
32.318888888888885
29.854444444444443
28.738333333333333
30.971851851851852
30.409444444444443
32.71907407407407
31.70462962962963
30.317222222222224
32.3962962962963
39.89944444444444
36.032037037037036
29.540185185185184
33.71740740740741
31.57037037037037
31.700925925925926
31.419814814814814
35.223703703703706
29.920555555555556
28.59888888888889
28.306851851851853
30.752962962962965
31.16351851851852
29.125185185185185
31.830555555555556
29.342222222222222
34.05962962962963
25.98296296296296
29.622962962962962
31.057962962962964
25.914074074074072
32.770185185185184
30.669814814814814
30.29888888888889
27.015185185185185
30.147407407407407
30.709814814814816
33.68574074074074
29.01851851851852
28.651666666666667
29.39351851851852
31.533148148148147
29.73314814814815
31.919814814814814
37.49685185185185
31.23
30.393333333333334
31.85925925925926
33.23518518518519
31.024814814814814
29.749814814814815
28.57925925925926
32.06
34.99166666666667
28.997777777777777
35.25037037037037
27.753333333333334
33.80574074074074
29.686481481481483
32.12240740740741
30.283703703703704
31.133518518518517
26.64962962962963
32.10018518518518
34.60018518518518
25.52074074074074
37.511296296296294
28.830925925925925
26.91814814814815
28.74074074074074
28.334074074074074
27.80388888888889
32.82537037037037
27.04462962962963
29.52777777777778
28.719814814814814
29.977962962962962
30.92
37.53351851851852
26.79611111111111
28.890925925925927
32.25666666666667
26.590740740740742
28.75814814814815
28.631481481481483
33.827962962962964
31.073703703703703
26.95425925925926
30.52611111111111
27.174444444444443
28.29851851851852
27.71185185185185
27.993703703703705
31.472962962962963
30.16425925925926
28.547037037037036
28.674074074074074
27.22537037037037
27.819444444444443
30.495
32.05537037037037
30.006851851851852
28.934444444444445
29.958518518518517
30.372777777777777
30.20740740740741
26.081296296296298
28.480740740740742
27.92425925925926
26.214814814814815
25.999259259259258
28.42240740740741
28.888703703703705
27.352592592592593
27.82425925925926
26.995555555555555
26.585555555555555
27.011296296296297
26.760185185185186
26.276666666666667
31.321851851851854
32.623703703703704
28.544074074074075
27.602962962962962
27.272222222222222
28.880370370370372
27.895
28.663888888888888
31.023518518518518
27.722962962962963
27.630370370370372
28.26851851851852
30.109814814814815
29.85462962962963
25.602037037037036
27.061481481481483
24.238518518518518
26.52537037037037
26.597407407407406
26.293333333333333
25.020925925925926
25.31833333333333
28.540370370370372
25.672037037037036
25.24962962962963
27.20925925925926
26.810185185185187
26.505370370370372
27.10537037037037
26.52462962962963
25.04574074074074
24.209629629629628
25.466666666666665
26.11462962962963
25.44814814814815
28.76537037037037
29.162777777777777
26.113703703703703
27.642777777777777
24.53037037037037
27.48351851851852
26.03148148148148
26.078518518518518
28.555185185185184
26.468888888888888
27.677592592592593
26.391296296296296
25.172777777777778
29.635
26.12148148148148
24.927222222222223
23.462592592592593
24.727962962962962
26.564814814814813
23.201851851851853
25.445185185185185
26.479814814814816
24.456666666666667
28.670185185185186
29.42648148148148
27.483888888888888
26.84425925925926
23.928703703703704
27.627407407407407
23.164814814814815
24.68722222222222
24.86740740740741
23.921296296296298
26.346851851851852
25.108888888888888
25.202222222222222
22.174074074074074
27.078703703703702
22.99537037037037
25.870555555555555
23.03148148148148
26.52111111111111
23.78351851851852
25.08111111111111
32.77037037037037
38.65351851851852
27.01796296296296
24.76462962962963
26.255185185185184
29.72462962962963
28.78462962962963
23.449814814814815
23.230925925925927
25.171666666666667
26.047777777777778
25.034074074074073
22.79425925925926
27.961296296296297
24.70777777777778
22.417407407407406
24.55759259259259
27.41148148148148
23.034814814814816
26.75759259259259
23.890925925925927
26.00888888888889
23.997592592592593
25.910925925925927
24.691296296296297
25.321296296296296
26.80296296296296
25.703703703703702
23.70259259259259
22.99537037037037
24.142592592592592
24.87185185185185
23.073333333333334
24.94648148148148
27.751851851851853
28.30074074074074
24.02574074074074
24.04462962962963
24.274814814814814
23.553148148148146
24.69537037037037
25.19037037037037
22.817962962962962
26.46
27.082037037037036
22.911666666666665
23.268333333333334
24.86777777777778
25.753703703703703
23.061296296296295
21.89148148148148
20.085
23.977777777777778
24.866296296296298
26.042037037037037
22.94611111111111
21.19611111111111
27.54388888888889
24.922592592592594
25.21759259259259
25.382407407407406
24.007037037037037
25.78537037037037
25.993703703703705
28.40851851851852
29.56037037037037
26.318703703703704
24.69240740740741
25.88722222222222
24.034259259259258
23.954444444444444
26.217407407407407
25.974814814814813
27.567592592592593
26.534259259259258
25.134074074074075
23.889814814814816
26.584629629629628
24.999074074074073
23.561851851851852
24.594074074074076
21.92537037037037
23.001296296296296
24.818148148148147
22.162222222222223
21.781296296296297
22.417407407407406
23.610185185185184
22.320185185185185
22.525
24.408148148148147
23.14203703703704
24.512777777777778
23.638148148148147
22.695555555555554
21.275925925925925
26.013333333333332
23.107777777777777
21.85925925925926
23.29574074074074
22.21759259259259
24.027592592592594
20.654444444444444
23.71203703703704
25.712222222222223
24.526296296296298
25.59722222222222
22.362222222222222
22.492037037037036
25.67574074074074
22.674629629629628
23.86574074074074
21.699444444444445
24.367592592592594
24.237962962962964
24.53814814814815
23.491296296296298
25.80074074074074
22.460555555555555
22.830185185185186
24.443148148148147
22.060555555555556
20.33
23.493333333333332
24.42574074074074
20.59925925925926
24.865925925925925
20.635185185185186
39.087037037037035
24.36148148148148
22.910185185185185
25.433703703703703
22.662777777777777
19.792037037037037
25.00611111111111
21.446666666666665
20.653518518518517
23.724814814814813
27.18777777777778
22.447407407407407
23.827037037037037
28.160185185185185
23.517592592592592
23.78351851851852
24.741296296296298
19.45425925925926
22.368518518518517
22.272407407407407
25.87851851851852
20.123148148148147
19.71814814814815
22.732777777777777
24.20888888888889
27.673333333333332
19.244629629629628
23.898333333333333
23.342222222222222
20.916666666666668
21.221481481481483
22.725185185185186
23.828333333333333
20.731296296296296
22.08425925925926
20.256851851851852
22.114074074074075
24.70740740740741
24.974814814814813
25.724814814814813
21.510555555555555
22.535555555555554
22.405555555555555
22.817037037037036
22.596481481481483
25.461666666666666
25.05611111111111
20.89296296296296
21.839444444444446
23.53
20.972407407407406
23.16111111111111
24.60537037037037
24.31574074074074
23.67685185185185
21.07351851851852
20.727962962962962
21.530925925925924
23.120555555555555
22.773703703703703
22.577222222222222
20.347407407407406
20.362407407407407
21.82962962962963
22.333703703703705
26.637962962962963
24.104074074074074
22.995555555555555
19.188703703703705
21.549629629629628
22.090740740740742
21.674074074074074
19.701666666666668
21.464444444444446
21.305
21.802222222222223
22.2
