166830
151353
174506
155621
204375
259143
291428
198160
211932
157517
166179
157080
211710
141651
185235
167583
163106
195997
185697
239629
176563
141679
198035
168727
134575
170343
131102
198146
151969
165342
186037
148775
203469
247632
298361
208581
191404
279524
186284
178712
199904
200606
163263
180825
187520
226761
233717
180194
195132
142311
237487
144106
149970
140104
170288
169707
136197
200861
156197
165975
204276
164668
205049
178738
158650
249572
141502
144379
184275
198068
206506
263531
170262
185852
142656
221925
164378
148637
175937
216684
140956
142351
197277
154593
171672
188298
233453
197766
169882
179633
120383
192337
160759
197110
169441
237217
142391
189295
173648
125614
129046
174505
207412
186329
151981
196378
167087
167403
172950
173335
177262
210423
162197
160307
145064
181463
160649
166930
161523
195068
141353
169176
204711
182065
134693
174555
152231
168951
151106
166104
281369
169563
166249
176174
147953
172113
182405
169949
150184
171933
133505
176071
193102
139618
165797
125633
170463
202346
161975
183803
133107
135869
158062
168463
195781
140599
164189
162677
138589
175511
182287
175288
163819
131358
199031
247805
146007
135015
188893
143899
132906
222838
117742
155110
164446
198785
270028
222449
176549
170760
158897
189928
194215
228094
122809
178156
164550
170813
132016
185625
193239
160759
154588
163861
165954
198986
183887
261830
187545
142846
190299
137643
149559
156165
158329
188450
136486
193350
197866
160389
152008
159315
161343
197349
165658
155897
145165
168760
201449
130625
164605
126561
138333
131171
155618
131852
187826
119214
153568
159663
198410
305770
206267
173644
167258
138920
159772
222065
186837
122367
174795
159437
180477
155024
154313
163871
135086
116567
178286
174683
172427
177492
176555
127231
153566
214240
160132
177174
128709
135968
156427
142369
135665
215780
157864
169390
126299
128124
119437
158442
181871
141106
150588
176731
157871
223162
169080
158743
227045
232201
132974
117956
151386
120769
128439
155644
169231
209336
137801
186228
196151
191658
153167
173573
147868
141264
154726
140974
167076
129087
125310
150234
127016
172438
116390
120553
124613
156572
122601
132511
124126
148710
112028
124404
149302
145379
148700
142130
192636
166373
162797
164172
144640
139276
189526
147957
131208
135062
193185
240949
121485
150255
133715
133660
151771
133585
173662
155785
126164
118835
171366
139326
133307
167608
126173
147584
139846
117860
151840
153606
111745
184582
127171
141079
150838
145140
147432
142007
246090
124556
128120
123299
128189
148840
128324
196778
159409
132528
194221
161676
166028
195784
148133
135015
140014
145280
157829
132386
132904
135202
168028
158581
163259
135008
180139
146753
169035
133448
152460
176356
133450
156941
145714
267874
234770
161708
150223
196710
244484
179575
196675
170743
172628
107116
194208
144411
173506
239548
102561
186726
255633
272240
186940
180875
284069
141343
153248
195869
207004
142210
128418
152436
131905
182333
123859
175291
171363
182785
136109
130196
110669
108395
155158
116078
131744
113137
127384
165101
142660
200150
184008
183468
165975
143474
126658
153590
142922
131274
147877
116843
181649
192362
121865
116683
136983
124075
126602
133735
127634
118771
151736
131763
123647
129671
135122
161622
127528
124419
115450
126470
124073
131827
116302
137064
150759
128349
161806
162553
117431
96520
109881
165185
99867
115602
121451
164941
119285
113978
123524
123631
120094
120671
115591
113450
133520
128264
143946
126839
118011
155225
125911
123622
135511
160184
174683
180868
162607
135320
146164
112998
147966
136124
107588
139684
147379
124824
141808
124676
136501
125067
127485
148849
111225
163387
151655
131321
132048
155427
177949
151342
170206
107767
122693
124682
161035
152283
137987
154445
146030
122536
100750
125317
116086
202781
170250
155974
176417
128859
136064
148263
117343
140513
164063
138906
134415
137545
133682
125158
171630
151403
166660
124899
180286
176758
118737
135246
142163
134346
146221
118874
127842
111034
128125
155994
102840
94417
111399
127926
126807
117972
183173
99130
110204
108672
103188
110877
106703
104772
120309
126266
104315
113995
102888
121587
119023
124352
113551
95882
103924
105502
100095
114207
112949
102799
118853
107781
101958
127173
101577
132898
116065
101096
102130
125559
118414
90884
117122
158567
137315
163251
173682
165709
174614
142473
136410
118739
105592
117359
131083
127457
111363
122296
250316
153147
163541
128471
105323
114721
118902
102678
98828
101868
117579
118922
96011
117838
124984
114224
98016
110058
102805
103367
123136
131495
153034
144030
112317
130943
123007
110468
139479
120162
122916
128016
115189
110550
110071
103354
98324
96584
100811
107457
110897
98883
111250
109265
94130
105772
97898
100453
119152
98791
101501
100694
100781
100096
97389
113458
94919
107761
108088
114437
106883
115097
93789
101832
131575
111734
131777
101502
113092
107121
111994
106248
105217
118790
107651
108180
109250
167853
150955
132675
116663
104882
108167
121732
114440
126518
112798
126986
96621
116546
108256
103032
103992
121166
128658
106218
110362
109681
130463
123288
89680
136877
104756
120224
114624
112838
108367
113214
108801
114284
105496
102393
96201
102909
104030
84489
119714
92340
123767
104584
94780
110539
102512
109943
123141
87302
108752
108336
132182
119818
110510
97893
103776
101731
101444
109959
104834
111349
111677
129447
107186
106402
105546
106292
90024
105039
127594
113175
118357
103009
125430
99073
129237
137794
114085
101933
122132
95857
94604
103377
90689
104643
114151
105946
115318
117966
104823
99278
111782
98672
125453
97047
94072
100615
102081
105388
96222
118491
120927
120619
93340
105805
112320
106671
105065
92007
94779
102819
91389
129710
113663
107221
89120
131567
98628
98862
103876
102154
105253
105628
84684
116125
97516
87651
106648
108773
90560
103589
90934
100789
90983
107758
81976
96374
104919
98041
87610
97969
100350
93450
116322
88126
105259
88092
105193
110061
86899
92154
100904
99744
103973
98402
82721
91682
98714
112976
93569
99937
91622
89178
92636
98056
152678
96081
87979
90728
88491
94146
94630
111887
94719
105187
133865
123247
118450
105007
111528
90216
114022
103585
100789
104294
82444
82464
94955
102702
108079
95439
105731
108236
91760
105767
110117
112874
111816
121930
102739
94490
89247
124739
92407
107099
96296
97742
108495
112139
95368
114425
95303
88412
88961
101082
107466
95868
83641
92276
96762
94743
87141
102531
100690
94158
111827
80710
93051
92672
82457
89334
77715
99480
99658
97494
129326
175562
137733
118059
126034
149461
120551
99471
107102
100653
82826
86379
115901
98561
105915
98474
86653
101647
106032
86650
121667
92412
94191
91817
91844
96972
84567
89540
88558
92735
90422
80110
85623
161851
99782
87059
95435
90802
100223
93037
107027
98825
115278
109519
95870
116705
96781
98287
117525
100110
104361
122668
87618
93129
86460
94354
87463
94836
105977
89770
108477
126249
109467
86903
91487
78376
111719
98720
120757
91265
111269
136047
95032
100541
110222
114215
99232
102244
101905
102000
87598
102179
93938
98447
98205
96398
84839
85234
98742
83122
85831
93243
104484
92736
91920
91200
101661
90472
104217
132944
143693
108219
118377
105070
96750
99270
106245
107922
134809
105009
164699
131757
107819
139357
377429
209378
335144
232327
116891
109099
84384
81973
95506
91552
87901
92143
110057
94788
105713
97732
100050
87862
89266
117288
110255
73174
97043
117811
90242
106497
123307
102988
107374
124511
111192
206253
140921
111489
139189
139296
115893
129512
109264
93933
142582
140264
93910
104099
93645
74292
80368
110717
95867
102559
97817
118209
127835
99543
132387
97152
107932
99718
88745
134438
96704
103465
100811
93886
102764
92445
94365
93456
78815
81098
79948
86081
83373
85454
120812
134230
112317
103860
101719
123995
134830
100287
95139
111487
112143
92592
90057
91910
116521
87417
106760
119339
133855
126145
108308
111286
126688
86053
92092
96027
104435
115277
111017
92061
92728
92789
97553
118241
144280
122651
186925
134973
178469
157267
138503
121571
126372
103653
98962
103281
107114
104973
108577
93675
89296
88303
97437
89452
90387
83238
76960
86546
88380
109172
88954
105859
113708
93119
100996
90543
89586
142239
83801
91772
95469
105459
85521
119310
109469
124969
98478
136742
134201
124143
99409
107774
99714
95195
120788
123810
116038
151296
100117
109543
97810
122562
98379
110218
122239
94232
124715
110769
142607
109522
105467
123773
100131
85437
104101
108007
100618
126273
105509
103126
83804
83441
125723
85830
90592
94802
103214
74598
75279
82816
79589
83930
85647
78254
97313
95313
77599
87062
86709
81786
85480
83568
81930
97454
119013
104311
90476
81614
99357
86225
80280
101412
135722
76422
90002
96692
81202
102925
100235
91252
88646
104673
80058
82040
79185
100160
79088
74172
85429
88781
87802
100971
107121
81718
93298
90081
103862
76642
77341
102378
91959
104691
72009
96798
96453
96792
88976
92791
87569
97790
74191
85755
74945
86268
81199
82702
79228
75714
79556
89218
93672
96570
90746
155374
87263
131887
108067
80999
102060
107122
138109
87760
100504
112197
123992
73454
74324
77260
83727
87676
91367
94718
76702
78656
85747
89733
85485
86354
92957
88355
159936
145415
87297
108506
105225
78118
91874
115091
120191
119416
105626
103913
90452
103675
86741
89164
79134
116295
151682
112338
83519
115449
130541
139749
142570
99938
93058
97433
83053
81898
78206
85125
90827
94819
91781
83525
89896
136383
111375
92329
95405
113223
73612
110721
85251
90160
87388
116095
93999
74721
123783
89961
130376
84752
125716
103171
81516
103285
112378
112553
91448
102381
85426
80113
80009
90006
104866
152115
91490
119133
100843
146473
97411
122136
116225
113484
84227
91469
89656
108933
160902
121389
91526
100278
93759
118600
118979
102893
115022
110688
93172
77638
80520
81080
81201
71509
76261
81381
75216
84597
79399
99272
118206
80455
75139
74109
87072
82736
84960
78156
91940
105020
98628
73380
110087
126119
91464
123962
107946
113298
105761
117196
150912
163787
114528
144318
163278
144591
135096
84227
118598
124417
137516
100266
113959
107902
98514
91539
93172
103042
92552
97850
76167
118467
169476
142182
88153
91019
114529
113006
126309
111635
110358
97414
119367
86789
105913
118235
142680
98501
80580
107313
130020
84904
102514
171294
111070
110084
85017
117936
97500
83001
106096
114094
90634
178166
101899
89566
89392
95279
124363
105543
120989
105257
96196
131661
93056
111433
83786
102365
104772
115446
129490
110954
182965
147495
204394
124234
115368
142319
150510
107895
93175
144337
168070
93688
107503
80799
165326
142327
81655
132468
260163
99000
98401
146213
170244
180080
208424
120952
140234
133690
138503
163769
97055
118043
104361
103324
143660
137082
154928
180964
167572
151654
95622
68548
81592
83531
133813
208420
297149
106921
158646
142561
182939
136372
163010
192257
142814
161137
161935
180063
164265
137591
87321
103996
85332
110132
203136
174486
120455
116048
108328
181120
151115
126826
151555
146737
161217
104793
233373
405069
280641
152176
112333
135319
145032
104887
149108
139317
106630
158405
143462
142476
140902
169464
119868
97616
116331
137505
151059
192911
112269
113204
210625
335244
289166
177668
183667
124739
195333
253803
193464
263006
133307
198443
211567
206100
132434
93681
150026
191933
212631
248586
180404
158773
123670
104699
107097
121662
91042
117579
101011
81551
96423
84548
81139
110510
139198
89408
137820
99240
98478
97489
106021
113432
309162
527152
598180
502082
485260
326869
361742
243737
213776
200532
144766
162345
150201
134100
207697
172854
117578
141534
205341
318081
907078
478329
514706
405507
177374
166922
185616
275665
438494
188857
141266
276699
208307
149156
96687
133912
147088
248240
165933
143737
163867
370422
450750
257754
310215
229000
275293
138795
226426
155438
209299
114399
157084
152196
134747
226003
194642
178642
158279
172773
206765
196717
224427
208178
242903
233249
194051
270443
298158
218467
194841
334323
238440
232976
242155
197547
173011
108531
184515
148169
158814
278221
191152
253298
456928
464500
489508
319961
367612
349792
166294
272834
307927
217696
149516
183382
148133
183064
201522
150262
164095
157696
217248
178421
111615
137634
108468
98043
104125
108582
110861
115833
115114
127056
106328
112738
122321
104925
114931
103374
123198
109637
119187
146310
131417
174521
198882
187833
290993
161505
159699
169169
240887
172196
186008
191738
196655
141927
203504
170004
161641
188377
205463
193497
142913
193677
151480
154582
139744
169639
212744
190303
147184
151796
112321
177733
218917
162245
104725
144344
155969
198563
144554
146763
156029
193437
229664
154185
208027
157539
194899
108917
102295
125714
157566
215148
205965
228959
152116
164357
163725
226676
140551
159926
178166
171056
185627
180857
305459
196366
156623
181466
137963
252866
151281
160844
210363
213242
161173
212461
211190
246445
225373
179028
220418
236870
190623
247594
202830
246325
237768
255991
264409
194912
208166
188479
174166
194619
142484
190996
191340
103316
99422
137485
124324
144525
116154
114295
142589
113007
115979
97053
102653
110059
151459
175131
191433
179995
147718
122323
109513
171381
124216
106208
135144
91674
97572
97583
77732
82237
77751
81794
87185
85185
97347
77577
83186
87486
80553
69701
92437
89238
133902
136945
107778
111800
125803
112745
103650
95324
100477
85253
72668
102236
100701
118202
136238
172423
168102
183119
128589
122803
202758
224750
175663
215316
180049
156593
184133
152990
129574
120061
117095
99925
90166
103927
105766
89506
102347
106472
121341
130566
139434
145237
144882
209170
181304
144715
112689
120508
140432
223274
