30.894444444444446
28.028333333333332
32.315925925925924
28.818703703703704
37.84722222222222
47.989444444444445
53.968148148148146
36.696296296296296
39.24666666666667
29.169814814814814
30.773888888888887
29.08888888888889
39.205555555555556
26.231666666666666
34.30277777777778
31.03388888888889
30.204814814814814
36.29574074074074
34.388333333333335
44.37574074074074
32.696851851851854
26.236851851851853
36.67314814814815
31.24574074074074
24.921296296296298
31.545
24.278148148148148
36.693703703703704
28.142407407407408
30.61888888888889
34.4512962962963
27.550925925925927
37.67944444444444
45.85777777777778
55.252037037037034
38.62611111111111
35.44518518518519
51.763703703703705
34.49703703703704
33.09481481481482
37.01925925925926
37.14925925925926
30.233888888888888
33.486111111111114
34.72592592592593
41.992777777777775
43.28092592592593
33.36925925925926
36.135555555555555
26.35388888888889
43.97907407407408
26.686296296296295
27.772222222222222
25.945185185185185
31.534814814814816
31.427222222222223
25.221666666666668
37.196481481481484
28.92537037037037
30.73611111111111
37.82888888888889
30.494074074074074
37.97203703703704
33.09962962962963
29.37962962962963
46.21703703703704
26.204074074074075
26.736851851851853
34.125
36.67925925925926
38.241851851851855
48.80203703703704
31.53
34.41703703703703
26.41777777777778
41.09722222222222
30.44037037037037
27.52537037037037
32.580925925925925
40.126666666666665
26.102962962962962
26.361296296296295
36.53277777777778
28.628333333333334
31.79111111111111
34.87
43.23203703703704
36.623333333333335
31.459629629629628
33.26537037037037
22.29314814814815
35.61796296296296
29.770185185185184
36.50185185185185
31.377962962962965
43.92907407407407
26.368703703703705
35.05462962962963
32.157037037037036
23.26185185185185
23.897407407407407
32.31574074074074
38.40962962962963
34.50537037037037
28.14462962962963
36.3662962962963
30.942037037037036
31.000555555555554
32.02777777777778
32.099074074074075
32.8262962962963
38.96722222222222
30.03648148148148
29.686481481481483
26.863703703703703
33.60425925925926
29.749814814814815
30.91296296296296
29.911666666666665
36.123703703703704
26.17648148148148
31.32888888888889
37.909444444444446
33.71574074074074
24.943148148148147
32.325
28.190925925925924
31.287222222222223
27.982592592592592
30.76
52.10537037037037
31.400555555555556
30.786851851851853
32.62481481481481
27.398703703703703
31.872777777777777
33.778703703703705
31.472037037037037
27.811851851851852
31.839444444444446
24.723148148148148
32.60574074074074
35.75962962962963
25.855185185185185
30.70314814814815
23.26537037037037
31.567222222222224
37.47148148148148
29.99537037037037
34.037592592592596
24.649444444444445
25.160925925925927
29.27074074074074
31.196851851851854
36.25574074074074
26.036851851851853
30.40537037037037
30.12537037037037
25.66462962962963
32.502037037037034
33.75685185185185
32.46074074074074
30.33685185185185
24.325555555555557
36.857592592592596
45.88981481481481
27.038333333333334
25.002777777777776
34.980185185185185
26.647962962962964
24.612222222222222
41.2662962962963
21.804074074074073
28.724074074074075
30.452962962962964
36.81203703703704
50.005185185185184
41.19425925925926
32.69425925925926
31.622222222222224
29.42537037037037
35.171851851851855
35.96574074074074
42.23962962962963
22.74240740740741
32.991851851851855
30.47222222222222
31.632037037037037
24.447407407407407
34.375
35.785
29.770185185185184
28.627407407407407
30.34462962962963
30.732222222222223
36.849259259259256
34.053148148148146
48.487037037037034
34.730555555555554
26.452962962962964
35.24055555555555
25.489444444444445
27.69611111111111
28.919444444444444
29.320185185185185
34.898148148148145
25.275185185185187
35.80555555555556
36.641851851851854
29.701666666666668
28.14962962962963
29.502777777777776
29.878333333333334
36.54611111111111
30.677407407407408
28.869814814814816
26.882407407407406
31.251851851851853
37.30537037037037
24.189814814814813
30.482407407407408
23.43722222222222
25.61722222222222
24.290925925925926
28.818148148148147
24.417037037037037
34.78259259259259
22.076666666666668
28.438518518518517
29.567222222222224
36.742592592592594
56.62407407407407
38.19759259259259
32.1562962962963
30.973703703703702
25.725925925925925
29.587407407407408
41.12314814814815
34.599444444444444
22.660555555555554
32.36944444444445
29.52537037037037
33.42166666666667
28.708148148148148
28.57648148148148
30.346481481481483
25.015925925925927
21.58648148148148
33.01592592592593
32.348703703703706
31.930925925925926
32.86888888888889
32.69537037037037
23.561296296296295
28.438148148148148
39.67407407407408
29.654074074074074
32.81
23.835
25.179259259259258
28.967962962962964
26.36462962962963
25.123148148148147
39.95925925925926
29.234074074074073
31.368518518518517
23.388703703703705
23.726666666666667
22.117962962962963
29.34111111111111
33.67981481481481
26.13074074074074
27.886666666666667
32.72796296296296
29.23537037037037
41.3262962962963
31.31111111111111
29.396851851851853
42.04537037037037
43.00018518518519
24.624814814814815
21.843703703703703
28.034444444444443
22.36462962962963
23.785
28.82296296296296
31.339074074074073
38.76592592592593
25.518703703703704
34.486666666666665
36.32425925925926
35.492222222222225
28.36425925925926
32.14314814814815
27.382962962962964
26.16
28.652962962962963
26.106296296296296
30.94
23.905
23.205555555555556
27.82111111111111
23.52148148148148
31.932962962962964
21.553703703703704
22.32462962962963
23.07648148148148
28.994814814814816
22.70388888888889
24.539074074074072
22.986296296296295
27.538888888888888
20.745925925925928
23.037777777777777
27.648518518518518
26.922037037037036
27.537037037037038
26.32037037037037
35.67333333333333
30.809814814814814
30.14759259259259
30.40222222222222
26.785185185185185
25.791851851851852
35.09740740740741
27.399444444444445
24.297777777777778
25.011481481481482
35.775
44.620185185185186
22.497222222222224
27.825
24.762037037037036
24.751851851851853
28.105740740740742
24.737962962962964
32.15962962962963
28.849074074074075
23.363703703703703
22.006481481481483
31.734444444444446
25.801111111111112
24.686481481481483
31.03851851851852
23.36537037037037
27.33037037037037
25.897407407407407
21.825925925925926
28.118518518518517
28.445555555555554
20.69351851851852
34.18185185185185
23.550185185185185
26.125740740740742
27.932962962962964
26.877777777777776
27.302222222222223
26.297592592592594
45.57222222222222
23.065925925925924
23.725925925925925
22.833148148148148
23.738703703703703
27.562962962962963
23.763703703703705
36.44037037037037
29.520185185185184
24.54222222222222
35.96685185185185
29.94
30.745925925925928
36.2562962962963
27.432037037037038
25.002777777777776
25.92851851851852
26.903703703703705
29.227592592592593
24.515925925925927
24.611851851851853
25.037407407407407
31.116296296296298
29.36685185185185
30.23314814814815
25.00148148148148
33.35907407407407
27.17648148148148
31.302777777777777
24.712592592592593
28.233333333333334
32.65851851851852
24.712962962962962
29.063148148148148
26.984074074074073
49.60629629629629
43.47592592592593
29.945925925925927
27.819074074074074
36.42777777777778
45.27481481481482
33.254629629629626
36.4212962962963
31.619074074074074
31.96814814814815
19.836296296296297
35.964444444444446
26.74277777777778
32.13074074074074
44.36074074074074
18.99277777777778
34.57888888888889
47.339444444444446
50.41481481481482
34.61851851851852
33.495370370370374
52.60537037037037
26.174629629629628
28.37925925925926
36.27203703703704
38.334074074074074
26.335185185185185
23.781111111111112
28.22888888888889
24.42685185185185
33.76537037037037
22.936851851851852
32.4612962962963
31.733888888888888
33.849074074074075
25.20537037037037
24.11037037037037
20.49425925925926
20.07314814814815
28.73296296296296
21.495925925925928
24.397037037037038
20.951296296296295
23.58962962962963
30.57425925925926
26.418518518518518
37.06481481481482
34.07555555555555
33.97555555555556
30.73611111111111
26.56925925925926
23.455185185185186
28.442592592592593
26.467037037037038
24.31
27.38462962962963
21.637592592592593
33.638703703703705
35.62259259259259
22.567592592592593
21.60796296296296
25.36722222222222
22.97685185185185
23.444814814814816
24.76574074074074
23.635925925925925
21.994629629629628
28.09925925925926
24.400555555555556
22.89759259259259
24.013148148148147
25.02259259259259
29.93
23.616296296296298
23.040555555555557
21.37962962962963
23.42037037037037
22.976481481481482
24.412407407407407
21.537407407407407
25.38222222222222
27.918333333333333
23.768333333333334
29.964074074074073
30.10240740740741
21.74648148148148
17.874074074074073
20.348333333333333
30.589814814814815
18.49388888888889
21.407777777777778
22.490925925925925
30.54462962962963
22.089814814814815
21.10703703703704
22.874814814814815
22.89462962962963
22.23962962962963
22.346481481481483
21.40574074074074
21.00925925925926
24.725925925925925
23.752592592592592
26.656666666666666
23.488703703703703
21.85388888888889
28.74537037037037
23.31685185185185
22.89296296296296
25.09462962962963
29.663703703703703
32.348703703703706
33.49407407407407
30.112407407407407
25.05925925925926
27.06740740740741
20.925555555555555
27.40111111111111
25.208148148148148
19.923703703703705
25.86740740740741
27.292407407407406
23.115555555555556
26.26074074074074
23.088148148148147
25.277962962962963
23.160555555555554
23.608333333333334
27.56462962962963
20.59722222222222
30.256851851851852
28.08425925925926
24.318703703703704
24.453333333333333
28.782777777777778
32.95351851851852
28.026296296296298
31.51962962962963
19.95685185185185
22.720925925925926
23.089259259259258
29.821296296296296
28.200555555555557
25.553148148148146
28.600925925925925
27.04259259259259
22.69185185185185
18.65740740740741
23.20685185185185
21.497407407407408
37.55203703703704
31.52777777777778
28.884074074074075
32.66981481481481
23.86277777777778
25.19703703703704
27.45611111111111
21.730185185185185
26.020925925925926
30.382037037037037
25.723333333333333
24.891666666666666
25.471296296296295
24.755925925925926
23.177407407407408
31.783333333333335
28.037592592592592
30.862962962962964
23.129444444444445
33.386296296296294
32.732962962962965
21.988333333333333
25.045555555555556
26.32648148148148
24.878888888888888
27.077962962962964
22.013703703703705
23.674444444444443
20.561851851851852
23.72685185185185
28.887777777777778
19.044444444444444
17.48462962962963
20.629444444444445
23.69
23.482777777777777
21.846666666666668
33.92092592592593
18.357407407407408
20.408148148148147
20.124444444444446
19.108888888888888
20.532777777777778
19.759814814814813
19.40222222222222
22.279444444444444
23.38259259259259
19.317592592592593
21.110185185185184
19.053333333333335
22.516111111111112
22.041296296296295
23.028148148148148
21.027962962962963
17.755925925925926
19.245185185185186
19.537407407407407
18.53611111111111
21.149444444444445
20.916481481481483
19.036851851851853
22.009814814814813
19.959444444444443
18.88111111111111
23.550555555555555
18.810555555555556
24.61074074074074
21.493518518518517
18.721481481481483
18.91296296296296
23.251666666666665
21.92851851851852
16.83037037037037
21.68925925925926
29.36425925925926
25.428703703703704
30.231666666666666
32.163333333333334
30.686851851851852
32.33592592592593
26.38388888888889
25.261111111111113
21.988703703703703
19.554074074074073
21.73314814814815
24.27462962962963
23.603148148148147
20.622777777777777
22.647407407407407
46.354814814814816
28.360555555555557
30.28537037037037
23.790925925925926
19.50425925925926
21.244629629629628
22.01888888888889
19.014444444444443
18.30148148148148
18.864444444444445
21.773888888888887
22.02259259259259
17.779814814814817
21.821851851851854
23.145185185185184
21.152592592592594
18.15111111111111
20.38111111111111
19.03796296296296
19.14203703703704
22.80296296296296
24.350925925925925
28.33962962962963
26.67222222222222
20.799444444444443
24.248703703703704
22.779074074074074
20.457037037037036
25.829444444444444
22.252222222222223
22.76222222222222
23.706666666666667
21.331296296296298
20.47222222222222
20.383518518518517
19.13962962962963
18.208148148148148
17.885925925925925
18.668703703703702
19.899444444444445
20.53648148148148
18.311666666666667
20.60185185185185
20.23425925925926
17.43148148148148
19.587407407407408
18.12925925925926
18.60240740740741
22.065185185185186
18.29462962962963
18.796481481481482
18.647037037037038
18.66314814814815
18.536296296296296
18.035
21.01074074074074
17.57759259259259
19.95574074074074
20.016296296296296
21.192037037037036
19.79314814814815
21.31425925925926
17.368333333333332
18.857777777777777
24.36574074074074
20.691481481481482
24.403148148148148
18.796666666666667
20.942962962962962
19.837222222222223
20.73962962962963
19.675555555555555
19.48462962962963
21.998148148148147
19.93537037037037
20.033333333333335
20.23148148148148
31.08388888888889
27.95462962962963
24.569444444444443
21.60425925925926
19.422592592592594
20.030925925925924
22.542962962962964
21.192592592592593
23.429259259259258
20.88851851851852
23.515925925925927
17.892777777777777
21.582592592592594
20.04740740740741
19.08
19.25777777777778
22.438148148148148
23.825555555555557
19.67
20.437407407407406
20.311296296296295
24.159814814814816
22.83111111111111
16.607407407407408
25.347592592592594
19.39925925925926
22.263703703703705
21.226666666666667
20.895925925925926
20.067962962962962
20.965555555555557
20.148333333333333
21.163703703703703
19.536296296296296
18.961666666666666
17.815
19.057222222222222
19.264814814814816
15.64611111111111
22.16925925925926
17.1
22.919814814814814
19.36740740740741
17.55185185185185
20.470185185185183
18.983703703703704
20.359814814814815
22.80388888888889
16.167037037037037
20.13925925925926
20.06222222222222
24.478148148148147
22.188518518518517
20.464814814814815
18.128333333333334
19.217777777777776
18.839074074074073
18.785925925925927
20.36277777777778
19.413703703703703
20.620185185185186
20.680925925925926
23.971666666666668
19.84925925925926
19.704074074074075
19.545555555555556
19.683703703703703
16.67111111111111
19.451666666666668
23.62851851851852
20.958333333333332
21.917962962962964
19.07574074074074
23.227777777777778
18.346851851851852
23.932777777777776
25.517407407407408
21.126851851851853
18.87648148148148
22.617037037037036
17.751296296296296
17.519259259259258
19.14388888888889
16.79425925925926
19.378333333333334
21.139074074074074
19.619629629629628
21.355185185185185
21.845555555555556
19.411666666666665
18.384814814814813
20.700370370370372
18.27259259259259
23.23203703703704
17.971666666666668
17.42074074074074
18.632407407407406
18.90388888888889
19.516296296296296
17.81888888888889
21.942777777777778
22.39388888888889
22.33685185185185
17.285185185185185
19.59351851851852
20.8
19.753888888888888
19.456481481481482
17.038333333333334
17.551666666666666
19.040555555555557
16.92388888888889
24.02037037037037
21.048703703703705
19.855740740740742
16.503703703703703
24.36425925925926
18.264444444444443
18.307777777777776
19.236296296296295
18.917407407407406
19.491296296296298
19.56074074074074
15.682222222222222
21.50462962962963
18.058518518518518
16.231666666666666
19.74962962962963
20.14314814814815
16.77037037037037
19.18314814814815
16.83962962962963
18.66462962962963
16.848703703703702
19.955185185185186
15.18074074074074
17.847037037037037
19.429444444444446
18.15574074074074
16.224074074074075
18.142407407407408
18.583333333333332
17.305555555555557
21.54111111111111
16.31962962962963
19.49240740740741
16.313333333333333
19.480185185185185
20.381666666666668
16.092407407407407
17.065555555555555
18.685925925925925
18.47111111111111
19.25425925925926
18.222592592592594
15.318703703703704
16.978148148148147
18.28037037037037
20.921481481481482
17.32759259259259
18.506851851851852
16.967037037037038
16.514444444444443
17.154814814814817
18.15851851851852
28.273703703703703
17.79277777777778
16.292407407407406
16.80148148148148
16.38722222222222
17.434444444444445
17.524074074074075
20.719814814814814
17.540555555555557
19.479074074074074
24.789814814814815
22.82351851851852
21.935185185185187
19.445740740740742
20.653333333333332
16.706666666666667
21.115185185185187
19.182407407407407
18.66462962962963
19.313703703703705
15.267407407407408
15.27111111111111
17.58425925925926
19.01888888888889
20.01462962962963
17.67388888888889
19.579814814814814
20.043703703703702
16.992592592592594
19.58648148148148
20.39203703703704
20.902592592592594
20.706666666666667
22.57962962962963
19.02574074074074
17.498148148148147
16.52722222222222
23.099814814814813
17.112407407407407
19.833148148148148
17.832592592592594
18.10037037037037
20.091666666666665
20.76648148148148
17.660740740740742
21.189814814814813
17.648703703703703
16.372592592592593
16.47425925925926
18.718888888888888
19.90111111111111
17.753333333333334
15.489074074074074
17.088148148148147
17.91888888888889
17.545
16.13722222222222
18.987222222222222
18.646296296296295
17.436666666666667
20.708703703703705
14.946296296296296
17.231666666666666
17.16148148148148
15.269814814814815
16.543333333333333
14.391666666666667
18.42222222222222
18.455185185185186
18.054444444444446
23.94925925925926
32.51148148148148
25.50611111111111
21.86277777777778
23.33962962962963
27.67796296296296
22.32425925925926
18.420555555555556
19.833703703703705
18.639444444444443
15.338148148148148
15.99611111111111
21.463148148148147
18.252037037037038
19.613888888888887
18.235925925925926
16.04685185185185
18.82351851851852
19.635555555555555
16.046296296296298
22.530925925925924
17.113333333333333
17.442777777777778
17.00314814814815
17.00814814814815
17.95777777777778
15.660555555555556
16.581481481481482
16.39962962962963
17.173148148148147
16.744814814814816
14.835185185185185
15.856111111111112
29.972407407407406
18.478148148148147
16.122037037037035
17.673148148148147
16.815185185185186
18.559814814814814
17.229074074074074
19.819814814814816
18.300925925925927
21.34777777777778
20.281296296296297
17.753703703703703
21.612037037037037
17.92240740740741
18.201296296296295
21.76388888888889
18.538888888888888
19.32611111111111
22.716296296296296
16.225555555555555
17.246111111111112
16.011111111111113
17.472962962962963
16.196851851851854
17.56222222222222
19.62537037037037
16.624074074074073
20.088333333333335
23.379444444444445
20.27166666666667
16.09314814814815
16.942037037037036
14.514074074074074
20.688703703703705
18.28148148148148
22.362407407407407
16.900925925925925
20.60537037037037
25.19388888888889
17.598518518518517
18.618703703703705
20.41148148148148
21.150925925925925
18.376296296296296
18.934074074074076
18.871296296296297
18.88888888888889
16.221851851851852
18.922037037037036
17.395925925925926
18.230925925925927
18.18611111111111
17.851481481481482
15.710925925925926
15.784074074074073
18.285555555555554
15.392962962962963
15.89462962962963
17.267222222222223
19.34888888888889
17.173333333333332
17.022222222222222
16.88888888888889
18.82611111111111
16.754074074074072
19.299444444444443
24.61925925925926
26.609814814814815
20.040555555555557
21.921666666666667
19.45740740740741
17.916666666666668
18.383333333333333
19.675
19.985555555555557
24.96462962962963
19.44611111111111
30.499814814814815
24.399444444444445
19.96648148148148
25.806851851851853
69.89425925925926
38.7737037037037
62.0637037037037
43.02351851851852
21.64648148148148
20.203518518518518
15.626666666666667
15.180185185185184
17.686296296296295
16.954074074074075
16.277962962962963
17.063518518518517
20.380925925925926
17.553333333333335
19.57648148148148
18.098518518518517
18.52777777777778
16.27074074074074
16.53074074074074
21.72
20.41759259259259
13.550740740740741
17.970925925925926
21.81685185185185
16.71148148148148
19.721666666666668
22.834629629629628
19.071851851851854
19.884074074074075
23.05759259259259
20.59111111111111
38.195
26.096481481481483
20.64611111111111
25.77574074074074
25.795555555555556
21.461666666666666
23.983703703703704
20.234074074074073
17.395
26.404074074074074
25.974814814814813
17.39074074074074
19.277592592592594
17.341666666666665
13.757777777777777
14.882962962962964
20.50314814814815
17.75314814814815
18.99240740740741
18.11425925925926
21.890555555555554
23.673148148148147
18.433888888888887
24.516111111111112
17.99111111111111
19.987407407407407
18.466296296296296
16.43425925925926
24.895925925925926
17.908148148148147
19.160185185185185
18.668703703703702
17.386296296296297
19.03037037037037
17.119444444444444
17.475
17.30666666666667
14.59537037037037
15.018148148148148
14.805185185185184
15.940925925925926
15.439444444444444
15.824814814814815
22.372592592592593
24.857407407407408
20.799444444444443
19.233333333333334
18.83685185185185
22.96203703703704
24.96851851851852
18.571666666666665
17.618333333333332
20.64574074074074
20.767222222222223
17.14666666666667
16.677222222222223
17.02037037037037
21.577962962962964
16.188333333333333
19.77037037037037
22.099814814814813
24.78796296296296
23.360185185185184
20.057037037037038
20.60851851851852
23.46074074074074
15.93574074074074
17.054074074074073
17.782777777777778
19.339814814814815
21.347592592592594
20.558703703703703
17.048333333333332
17.17185185185185
17.18314814814815
18.06537037037037
21.89648148148148
26.71851851851852
22.713148148148147
34.61574074074074
24.995
33.049814814814816
29.12351851851852
25.648703703703703
22.513148148148147
23.40222222222222
19.195
18.326296296296295
19.12611111111111
19.835925925925928
19.439444444444444
20.10685185185185
17.34722222222222
16.536296296296296
16.35240740740741
18.04388888888889
16.565185185185186
16.738333333333333
15.414444444444445
14.251851851851852
16.027037037037037
16.366666666666667
20.217037037037038
16.472962962962963
19.60351851851852
21.057037037037038
17.24425925925926
18.702962962962964
16.767222222222223
16.59
26.340555555555557
15.518703703703704
16.994814814814816
17.679444444444446
19.529444444444444
15.837222222222222
22.094444444444445
20.272037037037038
23.142407407407408
18.236666666666668
25.322592592592592
24.852037037037036
22.989444444444445
18.409074074074073
19.958148148148148
18.465555555555557
17.628703703703703
22.368148148148148
22.927777777777777
21.488518518518518
28.017777777777777
18.540185185185184
20.285740740740742
18.112962962962964
22.696666666666665
18.218333333333334
20.410740740740742
22.63685185185185
17.450370370370372
23.09537037037037
20.512777777777778
26.408703703703704
20.28185185185185
19.530925925925924
22.920925925925925
18.54277777777778
15.821666666666667
19.277962962962963
20.001296296296296
18.632962962962964
23.38388888888889
19.538703703703703
19.097407407407406
15.51925925925926
15.452037037037037
23.282037037037036
15.894444444444444
16.776296296296298
17.555925925925926
19.113703703703703
13.814444444444444
13.940555555555555
15.336296296296297
14.738703703703704
15.542592592592593
15.860555555555555
14.49148148148148
18.020925925925926
17.650555555555556
14.370185185185186
16.122592592592593
16.057222222222222
15.145555555555555
15.829629629629629
15.475555555555555
15.172222222222222
18.047037037037036
22.039444444444445
19.31685185185185
16.754814814814814
15.113703703703704
18.399444444444445
15.967592592592593
14.866666666666667
18.78
25.133703703703702
14.152222222222223
16.667037037037037
17.905925925925924
15.037407407407407
19.060185185185187
18.562037037037037
16.898518518518518
16.415925925925926
19.38388888888889
14.825555555555555
15.192592592592593
14.66388888888889
18.548148148148147
14.645925925925926
13.735555555555555
15.820185185185185
16.440925925925924
16.25962962962963
18.698333333333334
19.837222222222223
15.132962962962964
17.277407407407406
16.68166666666667
19.233703703703704
14.192962962962962
14.322407407407407
18.95888888888889
17.029444444444444
19.38722222222222
13.335
17.925555555555555
17.861666666666668
17.924444444444443
16.477037037037036
17.183518518518518
16.21648148148148
18.10925925925926
13.739074074074074
15.880555555555556
13.878703703703703
15.975555555555555
15.036851851851852
15.315185185185186
14.671851851851851
14.02111111111111
14.732592592592592
16.521851851851853
17.346666666666668
17.883333333333333
16.804814814814815
28.772962962962964
16.159814814814816
24.42351851851852
20.01240740740741
14.999814814814815
18.9
19.837407407407408
25.57574074074074
16.251851851851853
18.611851851851853
20.77722222222222
22.96148148148148
13.602592592592593
13.763703703703703
14.307407407407407
15.505
16.236296296296295
16.919814814814814
17.540370370370372
14.204074074074073
14.565925925925926
15.879074074074074
16.61722222222222
15.830555555555556
15.99148148148148
17.214259259259258
16.362037037037037
29.61777777777778
26.928703703703704
16.16611111111111
20.093703703703703
19.48611111111111
14.466296296296296
17.013703703703705
21.313148148148148
22.25759259259259
22.114074074074075
19.56037037037037
19.243148148148148
16.75037037037037
19.199074074074073
16.063148148148148
16.51185185185185
14.654444444444444
21.53611111111111
28.089259259259258
20.803333333333335
15.466481481481482
21.379444444444445
24.17425925925926
25.879444444444445
26.401851851851852
18.507037037037037
17.23296296296296
18.04314814814815
15.380185185185185
15.166296296296297
14.482592592592592
15.76388888888889
16.819814814814816
17.559074074074076
16.99648148148148
15.467592592592593
16.647407407407407
25.25611111111111
20.625
17.097962962962963
17.66759259259259
20.967222222222222
13.631851851851852
20.503888888888888
15.787222222222223
16.696296296296296
16.182962962962964
21.499074074074073
17.407222222222224
13.837222222222222
22.922777777777778
16.659444444444443
24.143703703703704
15.694814814814816
23.28074074074074
19.105740740740742
15.095555555555556
19.126851851851853
20.81074074074074
20.84314814814815
16.934814814814814
18.959444444444443
15.81962962962963
14.835740740740741
14.816481481481482
16.66777777777778
19.41962962962963
28.169444444444444
16.942592592592593
22.061666666666667
18.674629629629628
27.12462962962963
18.039074074074072
22.61777777777778
21.52314814814815
21.015555555555554
15.597592592592592
16.938703703703705
16.602962962962962
20.172777777777778
29.796666666666667
22.479444444444443
16.94925925925926
18.57
17.36277777777778
21.962962962962962
22.033148148148147
19.054259259259258
21.30037037037037
20.497777777777777
17.254074074074072
14.377407407407407
14.911111111111111
15.014814814814814
15.037222222222223
13.242407407407407
14.122407407407408
15.070555555555556
13.928888888888888
15.66611111111111
14.703518518518518
18.383703703703702
21.89
14.899074074074074
13.91462962962963
13.723888888888888
16.124444444444446
15.32148148148148
15.733333333333333
14.473333333333333
17.025925925925925
19.44814814814815
18.264444444444443
13.588888888888889
20.386481481481482
23.35537037037037
16.93777777777778
22.955925925925925
19.99
20.98111111111111
19.58537037037037
21.702962962962964
27.946666666666665
30.330925925925925
21.20888888888889
26.725555555555555
30.236666666666668
26.77611111111111
25.017777777777777
15.597592592592592
21.962592592592593
23.040185185185184
25.465925925925927
18.567777777777778
21.10351851851852
19.98185185185185
18.243333333333332
16.951666666666668
17.254074074074072
19.08185185185185
17.13925925925926
18.12037037037037
14.105
21.938333333333333
31.384444444444444
26.33
16.32462962962963
16.85537037037037
21.209074074074074
20.92703703703704
23.390555555555554
20.673148148148147
20.436666666666667
18.03962962962963
22.105
16.07203703703704
19.613518518518518
21.89537037037037
26.42222222222222
18.240925925925925
14.922222222222222
19.872777777777777
24.07777777777778
15.722962962962963
18.984074074074073
31.72111111111111
20.56851851851852
20.385925925925925
15.74388888888889
21.84
18.055555555555557
15.370555555555555
19.647407407407407
21.12851851851852
16.784074074074073
32.9937037037037
18.870185185185186
16.586296296296297
16.554074074074073
17.644259259259258
23.030185185185186
19.545
22.40537037037037
19.492037037037036
17.814074074074075
24.381666666666668
17.232592592592592
20.63574074074074
15.515925925925925
18.956481481481482
19.40222222222222
21.378888888888888
23.97962962962963
20.547037037037036
33.882407407407406
27.31388888888889
37.85074074074074
23.006296296296295
21.364444444444445
26.35537037037037
27.872222222222224
19.980555555555554
17.25462962962963
26.729074074074074
31.124074074074073
17.34962962962963
19.907962962962962
14.962777777777777
30.615925925925925
26.35685185185185
15.121296296296297
24.531111111111112
48.178333333333335
18.333333333333332
18.222407407407406
27.07648148148148
31.526666666666667
33.34814814814815
38.59703703703704
22.398518518518518
25.96925925925926
24.757407407407406
25.648703703703703
30.32759259259259
17.973148148148148
21.859814814814815
19.32611111111111
19.134074074074075
26.603703703703705
25.385555555555555
28.69037037037037
33.51185185185185
31.03185185185185
28.084074074074074
17.70777777777778
12.694074074074074
15.10962962962963
15.468703703703703
24.780185185185186
38.596296296296295
55.02759259259259
19.800185185185185
29.378888888888888
26.400185185185187
33.87759259259259
25.254074074074072
30.187037037037037
35.60314814814815
26.44703703703704
29.840185185185184
29.987962962962964
33.345
30.419444444444444
25.479814814814816
16.170555555555556
19.258518518518517
15.802222222222222
20.394814814814815
37.617777777777775
32.312222222222225
22.30648148148148
21.49037037037037
20.06074074074074
33.54074074074074
27.98425925925926
23.486296296296295
28.06574074074074
27.17351851851852
29.855
19.406111111111112
43.21722222222222
75.01277777777777
51.970555555555556
28.18074074074074
20.802407407407408
25.059074074074076
26.857777777777777
19.42351851851852
27.61259259259259
25.799444444444443
19.746296296296297
29.33425925925926
26.567037037037036
26.384444444444444
26.092962962962964
31.38222222222222
22.197777777777777
18.077037037037037
21.54277777777778
25.46388888888889
27.97388888888889
35.724259259259256
20.790555555555557
20.963703703703704
39.004629629629626
62.08222222222222
53.54925925925926
32.90148148148148
34.01240740740741
23.099814814814813
36.172777777777775
47.00055555555556
35.82666666666667
48.70481481481482
24.686481481481483
36.748703703703704
39.17907407407407
38.166666666666664
24.524814814814814
17.348333333333333
27.782592592592593
35.54314814814815
39.37611111111111
46.034444444444446
33.40814814814815
29.402407407407406
22.901851851851852
19.388703703703705
19.83277777777778
22.53
16.85962962962963
21.773888888888887
18.70574074074074
15.102037037037038
17.85611111111111
15.657037037037037
15.02574074074074
20.464814814814815
25.777407407407406
16.557037037037038
25.522222222222222
18.377777777777776
18.236666666666668
18.05351851851852
19.633518518518517
21.005925925925926
57.25222222222222
97.62074074074074
110.77407407407408
92.97814814814815
89.86296296296297
60.5312962962963
66.98925925925926
45.13648148148148
39.58814814814815
37.135555555555555
26.808518518518518
30.06388888888889
27.815
24.833333333333332
38.462407407407404
32.01
21.773703703703703
26.21
38.02611111111111
58.903888888888886
167.9774074074074
88.57944444444445
95.31592592592592
75.09388888888888
32.84703703703704
30.91148148148148
34.373333333333335
51.04907407407408
81.2025925925926
34.97351851851852
26.16037037037037
51.24055555555555
38.57537037037037
27.62148148148148
17.905
24.79851851851852
27.238518518518518
45.97037037037037
30.72833333333333
26.617962962962963
30.34574074074074
68.59666666666666
83.47222222222223
47.73222222222222
57.44722222222222
42.407407407407405
50.980185185185185
25.70277777777778
41.93074074074074
28.784814814814816
38.75907407407407
21.185
29.08962962962963
28.184444444444445
24.95314814814815
41.852407407407405
36.04481481481481
33.08185185185185
29.310925925925925
31.995
38.28981481481482
36.42907407407407
41.56055555555555
38.55148148148148
44.98203703703704
43.19425925925926
35.93537037037037
50.08203703703704
55.214444444444446
40.45685185185185
36.08166666666666
61.91166666666667
44.15555555555556
43.14370370370371
44.84351851851852
36.58277777777778
32.03907407407407
20.098333333333333
34.169444444444444
27.438703703703705
29.41
51.52240740740741
35.39851851851852
46.907037037037036
84.6162962962963
86.01851851851852
90.64962962962963
59.252037037037034
68.07629629629629
64.7762962962963
30.795185185185186
50.52481481481482
57.02351851851852
40.31407407407407
27.688148148148148
33.95962962962963
27.432037037037038
33.900740740740744
37.318888888888885
27.826296296296295
30.387962962962963
29.202962962962964
40.23111111111111
33.040925925925926
20.669444444444444
25.48777777777778
20.086666666666666
18.156111111111112
19.28240740740741
20.107777777777777
20.529814814814817
21.450555555555557
21.31740740740741
23.52888888888889
19.69037037037037
20.877407407407407
22.652037037037037
19.430555555555557
21.28351851851852
19.143333333333334
22.814444444444444
20.303148148148146
22.071666666666665
27.094444444444445
24.33648148148148
32.318703703703704
36.83
34.78388888888889
53.88759259259259
29.908333333333335
29.573888888888888
31.32759259259259
44.6087037037037
31.888148148148147
34.44592592592593
35.50703703703704
36.41759259259259
26.282777777777778
37.68592592592593
31.482222222222223
29.933518518518518
34.88462962962963
38.0487037037037
35.83277777777778
26.46537037037037
35.86611111111111
28.05185185185185
28.626296296296296
25.87851851851852
31.41462962962963
39.39703703703704
35.2412962962963
27.256296296296295
28.11037037037037
20.800185185185185
32.913518518518515
40.54018518518519
30.04537037037037
19.39351851851852
26.73037037037037
28.88314814814815
36.77092592592592
26.769259259259258
27.178333333333335
28.894259259259258
35.821666666666665
42.53037037037037
28.552777777777777
38.52351851851852
29.17388888888889
36.09240740740741
20.169814814814814
18.94351851851852
23.28037037037037
29.17888888888889
39.84222222222222
38.141666666666666
42.39981481481482
28.16962962962963
30.436481481481483
30.319444444444443
41.977037037037036
26.027962962962963
29.615925925925925
32.9937037037037
31.67703703703704
34.37537037037037
33.492037037037036
56.56648148148148
36.364074074074075
29.00425925925926
33.604814814814816
25.548703703703705
46.82703703703704
28.015
29.785925925925927
38.95611111111111
39.489259259259256
29.846851851851852
39.34462962962963
39.10925925925926
45.637962962962966
41.73574074074074
33.153333333333336
40.81814814814815
43.864814814814814
35.300555555555555
45.85074074074074
37.56111111111111
45.61574074074074
44.03111111111111
47.40574074074074
48.96462962962963
36.09481481481482
38.54925925925926
34.90351851851852
32.25296296296296
36.04055555555556
26.385925925925925
35.36962962962963
35.43333333333333
19.13259259259259
18.41148148148148
25.460185185185185
23.022962962962964
26.76388888888889
21.51
21.16574074074074
26.40537037037037
20.927222222222223
21.477592592592593
17.97277777777778
19.009814814814813
20.381296296296295
28.047962962962963
32.431666666666665
35.45055555555555
33.33240740740741
27.355185185185185
22.652407407407406
20.280185185185186
31.737222222222222
23.002962962962965
19.66814814814815
25.026666666666667
16.976666666666667
18.06888888888889
18.070925925925927
14.394814814814815
15.229074074074074
14.398333333333333
15.147037037037038
16.14537037037037
15.775
18.02722222222222
14.366111111111111
15.404814814814815
16.20111111111111
14.917222222222222
12.907592592592593
17.117962962962963
16.525555555555556
24.796666666666667
25.360185185185184
19.95888888888889
20.703703703703702
23.29685185185185
20.878703703703703
19.194444444444443
17.652592592592594
18.60685185185185
15.787592592592592
13.457037037037036
18.93259259259259
18.648333333333333
21.88925925925926
25.22925925925926
31.930185185185184
31.13
33.91092592592592
23.81277777777778
22.741296296296298
37.547777777777775
41.620370370370374
32.53018518518518
39.873333333333335
33.34240740740741
28.998703703703704
34.098703703703706
28.331481481481482
23.995185185185186
22.23351851851852
21.68425925925926
18.50462962962963
16.697407407407407
19.24574074074074
19.586296296296297
16.575185185185184
18.95314814814815
19.717037037037038
22.470555555555556
24.17888888888889
25.82111111111111
26.89574074074074
26.83
38.73518518518519
33.574814814814815
26.799074074074074
20.868333333333332
22.316296296296297
26.005925925925926
41.34703703703704
