-121492.0
-97005.0
-113786.0
-105838.0
-156477.0
-211867.0
-235597.0
-134395.0
-168288.0
-113563.0
-115999.0
-104233.0
-168739.0
-92944.0
-133968.0
-118426.0
-118802.0
-140512.0
-135259.0
-207294.0
-127091.0
-95111.0
-140220.0
-117270.0
-89261.0
-127730.0
-81711.0
-151205.0
-97373.0
-110592.0
-124319.0
-100863.0
-144884.0
-196393.0
-237643.0
-156857.0
-145832.0
-232254.0
-132764.0
-123166.0
-137343.0
-154895.0
-107617.0
-128451.0
-137385.0
-173859.0
-186028.0
-137937.0
-137116.0
-90221.0
-200423.0
-89521.0
-98653.0
-92024.0
-115637.0
-121337.0
-87851.0
-140899.0
-106420.0
-105457.0
-162183.0
-121418.0
-145006.0
-127798.0
-109548.0
-211024.0
-91194.0
-100291.0
-128660.0
-159820.0
-171562.0
-222610.0
-115501.0
-128689.0
-94914.0
-168445.0
-115244.0
-99123.0
-124874.0
-165112.0
-91746.0
-95087.0
-154776.0
-107881.0
-117610.0
-137651.0
-177756.0
-138923.0
-128236.0
-131505.0
-72128.0
-141712.0
-112493.0
-153434.0
-123063.0
-184153.0
-100250.0
-141881.0
-124750.0
-81605.0
-89290.0
-117473.0
-160618.0
-138141.0
-106001.0
-137522.0
-111568.0
-115743.0
-117023.0
-117616.0
-122812.0
-160366.0
-116537.0
-109152.0
-94904.0
-137779.0
-106398.0
-131412.0
-109281.0
-130786.0
-87179.0
-115313.0
-155391.0
-127052.0
-86201.0
-114929.0
-96418.0
-125870.0
-101672.0
-132121.0
-227005.0
-110064.0
-111821.0
-123415.0
-99971.0
-115316.0
-126589.0
-127328.0
-97770.0
-115386.0
-82281.0
-117222.0
-137778.0
-88970.0
-109615.0
-77061.0
-120864.0
-146656.0
-113153.0
-134034.0
-87710.0
-84768.0
-106320.0
-115272.0
-137922.0
-93014.0
-122667.0
-113134.0
-83846.0
-125345.0
-130825.0
-122037.0
-104478.0
-84210.0
-164399.0
-179523.0
-91009.0
-84876.0
-131134.0
-95036.0
-91107.0
-181877.0
-74427.0
-92298.0
-107285.0
-150137.0
-206824.0
-181096.0
-131409.0
-121701.0
-117342.0
-136564.0
-139679.0
-203587.0
-75468.0
-121279.0
-113274.0
-119696.0
-82646.0
-128387.0
-133603.0
-105049.0
-97994.0
-110598.0
-117400.0
-137432.0
-131819.0
-211090.0
-128331.0
-90203.0
-132136.0
-83722.0
-93835.0
-110071.0
-107502.0
-129417.0
-88369.0
-145066.0
-148947.0
-111265.0
-105809.0
-115366.0
-122014.0
-149490.0
-113408.0
-107020.0
-102171.0
-121378.0
-148674.0
-87058.0
-117552.0
-81028.0
-84856.0
-88613.0
-110957.0
-81176.0
-134163.0
-77426.0
-99143.0
-112824.0
-143487.0
-264198.0
-155095.0
-111045.0
-114327.0
-91568.0
-104234.0
-164811.0
-130478.0
-76268.0
-122857.0
-111431.0
-124769.0
-100236.0
-100658.0
-112025.0
-86176.0
-70821.0
-124974.0
-117260.0
-120356.0
-122965.0
-107388.0
-82703.0
-104954.0
-168305.0
-116008.0
-124295.0
-79971.0
-86043.0
-101126.0
-87788.0
-91823.0
-152995.0
-102152.0
-113769.0
-81216.0
-78500.0
-72307.0
-103652.0
-121597.0
-90878.0
-98860.0
-115321.0
-112566.0
-165296.0
-109601.0
-106743.0
-159743.0
-166911.0
-82895.0
-68014.0
-99856.0
-73862.0
-75169.0
-114038.0
-118635.0
-149929.0
-90509.0
-136999.0
-142292.0
-157819.0
-100008.0
-114106.0
-93258.0
-88422.0
-96846.0
-88643.0
-115305.0
-81477.0
-75634.0
-97827.0
-78515.0
-121759.0
-68360.0
-70575.0
-77645.0
-107321.0
-77080.0
-80772.0
-79422.0
-95008.0
-66182.0
-76310.0
-98966.0
-88529.0
-95362.0
-87847.0
-129527.0
-114312.0
-105190.0
-106461.0
-89256.0
-85551.0
-130079.0
-92574.0
-80811.0
-83125.0
-131954.0
-182456.0
-73210.0
-96098.0
-82181.0
-72278.0
-97099.0
-82909.0
-115293.0
-103250.0
-80495.0
-70767.0
-113587.0
-81063.0
-84489.0
-110982.0
-77731.0
-94080.0
-88549.0
-68817.0
-97107.0
-104273.0
-64495.0
-136177.0
-78549.0
-91447.0
-93554.0
-95769.0
-92906.0
-91480.0
-179617.0
-74069.0
-76736.0
-82622.0
-81126.0
-98281.0
-81057.0
-150807.0
-112872.0
-89146.0
-148926.0
-113699.0
-114946.0
-157309.0
-102184.0
-86246.0
-94862.0
-99374.0
-110872.0
-83917.0
-90567.0
-89266.0
-115152.0
-107965.0
-124585.0
-89108.0
-135009.0
-95766.0
-114602.0
-86521.0
-98092.0
-129447.0
-84372.0
-105814.0
-89955.0
-222577.0
-166486.0
-112629.0
-99714.0
-146938.0
-185744.0
-126163.0
-146463.0
-113707.0
-117602.0
-59169.0
-137832.0
-88803.0
-121701.0
-174499.0
-57805.0
-115395.0
-200781.0
-224175.0
-129262.0
-123695.0
-224187.0
-88566.0
-96305.0
-137678.0
-151892.0
-91769.0
-78331.0
-101693.0
-81457.0
-133076.0
-82050.0
-131411.0
-121483.0
-133083.0
-88821.0
-78764.0
-66157.0
-62639.0
-99152.0
-72227.0
-79924.0
-70291.0
-75641.0
-124865.0
-96333.0
-148285.0
-137287.0
-134510.0
-117698.0
-93065.0
-80390.0
-109378.0
-98165.0
-82821.0
-94406.0
-72870.0
-128317.0
-138837.0
-75945.0
-64849.0
-89194.0
-68408.0
-83325.0
-82371.0
-83149.0
-76975.0
-110330.0
-85063.0
-77058.0
-87261.0
-81641.0
-114352.0
-83691.0
-67712.0
-69719.0
-80753.0
-76081.0
-84310.0
-75148.0
-85772.0
-100215.0
-83199.0
-113613.0
-115351.0
-70609.0
-53836.0
-65543.0
-113237.0
-56834.0
-66998.0
-71818.0
-112157.0
-79086.0
-65666.0
-79599.0
-76927.0
-75663.0
-74011.0
-64364.0
-61927.0
-81341.0
-77855.0
-86622.0
-77854.0
-70810.0
-100146.0
-74453.0
-75248.0
-82761.0
-103612.0
-113741.0
-123646.0
-109027.0
-77161.0
-96396.0
-66317.0
-89416.0
-82844.0
-63276.0
-81070.0
-93270.0
-72795.0
-90472.0
-67815.0
-84900.0
-75148.0
-80678.0
-104233.0
-62009.0
-117150.0
-94585.0
-78725.0
-85219.0
-100791.0
-120417.0
-103582.0
-120721.0
-63225.0
-78087.0
-82347.0
-104240.0
-102418.0
-86180.0
-104531.0
-99015.0
-70276.0
-56366.0
-77884.0
-67044.0
-147761.0
-117388.0
-104349.0
-119670.0
-81836.0
-82474.0
-91662.0
-66424.0
-89188.0
-128483.0
-84643.0
-80873.0
-85326.0
-82418.0
-71835.0
-118096.0
-89409.0
-106462.0
-77629.0
-119290.0
-113792.0
-68389.0
-80658.0
-91130.0
-84539.0
-88677.0
-65345.0
-72203.0
-61728.0
-76247.0
-99557.0
-58711.0
-50367.0
-66892.0
-69043.0
-74383.0
-61838.0
-114309.0
-56728.0
-62248.0
-64055.0
-52802.0
-60659.0
-58581.0
-57067.0
-72760.0
-75546.0
-60687.0
-65670.0
-57888.0
-68251.0
-71948.0
-74351.0
-65450.0
-57405.0
-60026.0
-59114.0
-52144.0
-67359.0
-64244.0
-55671.0
-67414.0
-63331.0
-56182.0
-77258.0
-59475.0
-84615.0
-69583.0
-54090.0
-59264.0
-73709.0
-67574.0
-46845.0
-69892.0
-92606.0
-86106.0
-105870.0
-111684.0
-112535.0
-105377.0
-80908.0
-80583.0
-69880.0
-59475.0
-71314.0
-84173.0
-74256.0
-62262.0
-73852.0
-185723.0
-97079.0
-100725.0
-80124.0
-64223.0
-63917.0
-74932.0
-55221.0
-58572.0
-53311.0
-67688.0
-77435.0
-51517.0
-74194.0
-74207.0
-73742.0
-54513.0
-69710.0
-58707.0
-58584.0
-79404.0
-84171.0
-109549.0
-96302.0
-69652.0
-85029.0
-77641.0
-66736.0
-89139.0
-72990.0
-74396.0
-84378.0
-68376.0
-61967.0
-67668.0
-54869.0
-54992.0
-50996.0
-55912.0
-62055.0
-62943.0
-56704.0
-67473.0
-60514.0
-51263.0
-61844.0
-57857.0
-58462.0
-70930.0
-53854.0
-57232.0
-64429.0
-56156.0
-56063.0
-54067.0
-61228.0
-48976.0
-61168.0
-64269.0
-75598.0
-63011.0
-65454.0
-49816.0
-54215.0
-81505.0
-59931.0
-79320.0
-61241.0
-58847.0
-59088.0
-61038.0
-57687.0
-56156.0
-67141.0
-59521.0
-64928.0
-62837.0
-103554.0
-90360.0
-79265.0
-66556.0
-60814.0
-58425.0
-68255.0
-62953.0
-77489.0
-65710.0
-79727.0
-50145.0
-67784.0
-64264.0
-55750.0
-59557.0
-74589.0
-75524.0
-60973.0
-67744.0
-63928.0
-81240.0
-72353.0
-49095.0
-86617.0
-56412.0
-69569.0
-70197.0
-67498.0
-64695.0
-64009.0
-62554.0
-72099.0
-57558.0
-56492.0
-51571.0
-53958.0
-58904.0
-42888.0
-70204.0
-47920.0
-68785.0
-57275.0
-50084.0
-60191.0
-56767.0
-61932.0
-69945.0
-43872.0
-63303.0
-60201.0
-79747.0
-72991.0
-62637.0
-51838.0
-54650.0
-53371.0
-54868.0
-60139.0
-57536.0
-62328.0
-64164.0
-75383.0
-61107.0
-61310.0
-57463.0
-53568.0
-47548.0
-62037.0
-86814.0
-67635.0
-72620.0
-56716.0
-71503.0
-54557.0
-74960.0
-78462.0
-62796.0
-58092.0
-72791.0
-52526.0
-48235.0
-58939.0
-44796.0
-61951.0
-69621.0
-59826.0
-56587.0
-69055.0
-63974.0
-54327.0
-68537.0
-49694.0
-78568.0
-50138.0
-52460.0
-55065.0
-54829.0
-59315.0
-48963.0
-75402.0
-66707.0
-67374.0
-43965.0
-53637.0
-60826.0
-57453.0
-58158.0
-53183.0
-52878.0
-58640.0
-50661.0
-82469.0
-66196.0
-58714.0
-42281.0
-82628.0
-55920.0
-54957.0
-57598.0
-58440.0
-60498.0
-60331.0
-42666.0
-71550.0
-57074.0
-43744.0
-57476.0
-60190.0
-47412.0
-54102.0
-45637.0
-54801.0
-47775.0
-61021.0
-42277.0
-52302.0
-59174.0
-53008.0
-48138.0
-56605.0
-53936.0
-52159.0
-65673.0
-45146.0
-60335.0
-43439.0
-59635.0
-65657.0
-46008.0
-47897.0
-53252.0
-54887.0
-56085.0
-48765.0
-42230.0
-46322.0
-51173.0
-64223.0
-51898.0
-54684.0
-48095.0
-42416.0
-47806.0
-50098.0
-99575.0
-49780.0
-44708.0
-49161.0
-47335.0
-53928.0
-49941.0
-65790.0
-50162.0
-61055.0
-79325.0
-69329.0
-71401.0
-59707.0
-61633.0
-46049.0
-61986.0
-57694.0
-63245.0
-61642.0
-41293.0
-41352.0
-52378.0
-58250.0
-58350.0
-56173.0
-59411.0
-58644.0
-50300.0
-59172.0
-63221.0
-64852.0
-62021.0
-71905.0
-63091.0
-51691.0
-44044.0
-76854.0
-47614.0
-60788.0
-52988.0
-54197.0
-66830.0
-68464.0
-55986.0
-67958.0
-49686.0
-46571.0
-44722.0
-59899.0
-65761.0
-52737.0
-40525.0
-44267.0
-53641.0
-50370.0
-43249.0
-54858.0
-58599.0
-52231.0
-67092.0
-42064.0
-50557.0
-49559.0
-39564.0
-48207.0
-39268.0
-55638.0
-62163.0
-53645.0
-82245.0
-124978.0
-91649.0
-72202.0
-83033.0
-104882.0
-79978.0
-54825.0
-65761.0
-51171.0
-44620.0
-48534.0
-67074.0
-54610.0
-61556.0
-55207.0
-45122.0
-59626.0
-57677.0
-44514.0
-75654.0
-48241.0
-49003.0
-50139.0
-45406.0
-51048.0
-42310.0
-44363.0
-46531.0
-48328.0
-51601.0
-38878.0
-41192.0
-123051.0
-58816.0
-45109.0
-51132.0
-47920.0
-57350.0
-46190.0
-62559.0
-51026.0
-71576.0
-62621.0
-52959.0
-71448.0
-51202.0
-52751.0
-69092.0
-50751.0
-58317.0
-84193.0
-46052.0
-48735.0
-42161.0
-52906.0
-46471.0
-50767.0
-60062.0
-49005.0
-63905.0
-76102.0
-64960.0
-46735.0
-51970.0
-36861.0
-60511.0
-55437.0
-70424.0
-49813.0
-64590.0
-81796.0
-50013.0
-56956.0
-64238.0
-64020.0
-57928.0
-59985.0
-59200.0
-61104.0
-46052.0
-56986.0
-47695.0
-61742.0
-57193.0
-52776.0
-42613.0
-41150.0
-53042.0
-40806.0
-42676.0
-50589.0
-55902.0
-55426.0
-49735.0
-51624.0
-52401.0
-45143.0
-57912.0
-84251.0
-101869.0
-62691.0
-71421.0
-60761.0
-52021.0
-54723.0
-61981.0
-66244.0
-88156.0
-63690.0
-116164.0
-85660.0
-62610.0
-90244.0
-280809.0
-147615.0
-264493.0
-174065.0
-66799.0
-58337.0
-46248.0
-44197.0
-49452.0
-49762.0
-43811.0
-47891.0
-61021.0
-50926.0
-58983.0
-51187.0
-55845.0
-45450.0
-46308.0
-73845.0
-61314.0
-35816.0
-53387.0
-68454.0
-48841.0
-58626.0
-73836.0
-62781.0
-57298.0
-78238.0
-70253.0
-147507.0
-85108.0
-63801.0
-86183.0
-88070.0
-73945.0
-80376.0
-64001.0
-46320.0
-92130.0
-90238.0
-50209.0
-54869.0
-47144.0
-34983.0
-36379.0
-68497.0
-53161.0
-64780.0
-54235.0
-70376.0
-83306.0
-53843.0
-91875.0
-48630.0
-67008.0
-52028.0
-45524.0
-92644.0
-55009.0
-57070.0
-63861.0
-50012.0
-56174.0
-48028.0
-45820.0
-50583.0
-37708.0
-41982.0
-41311.0
-45408.0
-45684.0
-41771.0
-73284.0
-82201.0
-66523.0
-61078.0
-58083.0
-75945.0
-78929.0
-57615.0
-49651.0
-66158.0
-64879.0
-44246.0
-44267.0
-47690.0
-64162.0
-44106.0
-68276.0
-74632.0
-79392.0
-74274.0
-59390.0
-68174.0
-78261.0
-41976.0
-48339.0
-48213.0
-58229.0
-64137.0
-63455.0
-47158.0
-46841.0
-47095.0
-51413.0
-66101.0
-92452.0
-70127.0
-123748.0
-85504.0
-119634.0
-103375.0
-86633.0
-70863.0
-74051.0
-62606.0
-58518.0
-53947.0
-60206.0
-56318.0
-55870.0
-48890.0
-49868.0
-47753.0
-53345.0
-44555.0
-46944.0
-44239.0
-38627.0
-43914.0
-46843.0
-67137.0
-46599.0
-67490.0
-69692.0
-52038.0
-65985.0
-52371.0
-43755.0
-98479.0
-43506.0
-49649.0
-53699.0
-66458.0
-42539.0
-77030.0
-59882.0
-80432.0
-56530.0
-84113.0
-81867.0
-72436.0
-54544.0
-61094.0
-56438.0
-48458.0
-80090.0
-72087.0
-66265.0
-102444.0
-56593.0
-68150.0
-56097.0
-80979.0
-47536.0
-62629.0
-81124.0
-47933.0
-79936.0
-67495.0
-102176.0
-58827.0
-64495.0
-86997.0
-56654.0
-48644.0
-57737.0
-65760.0
-57514.0
-71806.0
-61300.0
-57218.0
-42055.0
-40708.0
-82814.0
-42631.0
-44156.0
-46421.0
-58985.0
-31805.0
-36353.0
-38190.0
-38194.0
-43745.0
-44758.0
-39602.0
-53355.0
-49265.0
-39039.0
-45879.0
-40826.0
-41752.0
-44338.0
-41922.0
-41020.0
-52739.0
-63896.0
-54732.0
-44620.0
-36256.0
-49629.0
-43407.0
-39166.0
-54783.0
-87451.0
-37808.0
-44648.0
-47021.0
-42229.0
-61249.0
-55668.0
-47619.0
-46914.0
-60780.0
-38450.0
-36762.0
-37826.0
-56921.0
-37473.0
-33429.0
-45051.0
-45426.0
-46301.0
-59550.0
-55504.0
-39973.0
-49152.0
-46102.0
-61278.0
-35929.0
-34488.0
-59632.0
-49420.0
-60607.0
-31124.0
-48729.0
-54350.0
-52462.0
-41990.0
-47366.0
-40112.0
-50851.0
-33806.0
-42699.0
-32728.0
-48604.0
-41815.0
-40201.0
-35739.0
-36825.0
-37866.0
-43793.0
-48401.0
-50244.0
-44107.0
-94528.0
-39341.0
-83122.0
-58630.0
-40377.0
-59781.0
-62929.0
-86495.0
-41477.0
-51971.0
-62532.0
-64941.0
-30538.0
-35023.0
-35914.0
-38902.0
-38819.0
-50290.0
-45516.0
-38263.0
-39673.0
-45254.0
-45443.0
-39377.0
-40733.0
-44379.0
-45085.0
-105671.0
-89430.0
-45274.0
-58866.0
-55685.0
-34773.0
-48253.0
-73716.0
-82710.0
-70178.0
-50827.0
-58244.0
-51095.0
-59496.0
-42093.0
-48765.0
-39433.0
-73456.0
-107995.0
-76289.0
-42907.0
-69693.0
-81671.0
-94680.0
-93058.0
-57811.0
-48202.0
-51916.0
-39641.0
-44839.0
-38073.0
-41487.0
-47015.0
-52675.0
-50064.0
-44026.0
-46908.0
-89218.0
-68840.0
-50573.0
-48287.0
-70638.0
-32867.0
-68698.0
-45526.0
-51191.0
-47411.0
-73630.0
-59034.0
-35090.0
-79492.0
-45945.0
-89202.0
-38803.0
-79352.0
-56434.0
-41151.0
-67029.0
-66921.0
-69603.0
-48897.0
-52663.0
-42618.0
-37824.0
-38455.0
-52017.0
-55838.0
-99200.0
-48553.0
-73692.0
-60206.0
-103621.0
-49464.0
-78119.0
-71708.0
-63095.0
-40032.0
-52385.0
-46005.0
-65641.0
-102324.0
-73275.0
-49524.0
-58969.0
-53430.0
-70247.0
-70576.0
-58741.0
-72823.0
-67373.0
-55660.0
-36331.0
-39668.0
-39645.0
-37252.0
-31051.0
-35913.0
-40806.0
-31782.0
-37523.0
-41157.0
-57204.0
-72248.0
-41211.0
-35325.0
-34394.0
-42889.0
-43849.0
-46907.0
-36422.0
-45513.0
-62340.0
-60027.0
-33667.0
-65438.0
-77282.0
-52213.0
-79662.0
-66404.0
-68261.0
-59318.0
-68537.0
-91545.0
-106450.0
-66674.0
-89964.0
-89958.0
-87500.0
-79358.0
-41628.0
-74220.0
-83810.0
-97660.0
-58470.0
-70755.0
-66655.0
-53087.0
-50557.0
-54940.0
-64911.0
-45763.0
-49534.0
-35887.0
-68807.0
-116104.0
-80321.0
-49624.0
-53533.0
-71941.0
-68656.0
-80346.0
-65537.0
-67272.0
-53334.0
-80215.0
-46623.0
-57496.0
-78180.0
-95368.0
-54141.0
-40885.0
-63497.0
-81547.0
-44319.0
-58558.0
-113526.0
-64970.0
-62347.0
-44233.0
-67832.0
-58142.0
-45322.0
-60841.0
-74639.0
-52942.0
-133962.0
-58179.0
-53939.0
-54087.0
-57351.0
-78253.0
-60923.0
-80947.0
-60219.0
-52122.0
-79063.0
-56125.0
-65498.0
-44427.0
-61914.0
-65670.0
-75712.0
-80521.0
-65503.0
-149110.0
-108286.0
-154269.0
-79085.0
-77428.0
-109799.0
-107668.0
-65223.0
-56894.0
-95207.0
-125043.0
-53740.0
-68933.0
-43440.0
-111680.0
-92513.0
-44071.0
-80553.0
-190767.0
-61608.0
-57173.0
-102485.0
-118910.0
-127794.0
-151340.0
-75344.0
-95506.0
-89558.0
-86254.0
-116167.0
-51331.0
-75745.0
-60771.0
-59695.0
-85461.0
-82550.0
-93025.0
-116388.0
-98865.0
-100975.0
-52483.0
-28712.0
-41002.0
-40749.0
-92077.0
-161504.0
-218381.0
-59230.0
-107280.0
-86202.0
-131634.0
-89484.0
-107075.0
-137284.0
-96030.0
-110997.0
-104660.0
-119720.0
-105771.0
-85964.0
-46054.0
-60092.0
-46027.0
-62679.0
-146286.0
-128839.0
-72520.0
-71642.0
-67326.0
-135804.0
-103426.0
-85907.0
-101895.0
-96754.0
-111567.0
-64016.0
-175981.0
-344108.0
-223319.0
-106355.0
-68764.0
-89150.0
-103220.0
-66469.0
-108040.0
-103277.0
-68412.0
-109405.0
-106154.0
-99839.0
-96353.0
-112893.0
-66378.0
-51762.0
-75549.0
-83795.0
-102114.0
-142758.0
-65663.0
-61044.0
-144180.0
-240069.0
-201633.0
-107277.0
-118053.0
-73155.0
-126193.0
-169386.0
-121179.0
-174189.0
-78944.0
-131468.0
-143192.0
-132633.0
-76285.0
-48204.0
-94719.0
-128213.0
-138933.0
-161358.0
-121429.0
-97208.0
-76165.0
-54464.0
-66079.0
-79548.0
-47573.0
-74683.0
-56650.0
-39578.0
-52134.0
-42269.0
-38538.0
-57298.0
-86836.0
-44187.0
-92814.0
-59252.0
-57305.0
-54925.0
-64189.0
-63388.0
-218720.0
-399096.0
-451031.0
-365066.0
-349504.0
-238629.0
-252291.0
-173809.0
-139219.0
-129212.0
-93315.0
-106019.0
-95914.0
-87122.0
-143863.0
-124605.0
-73982.0
-89327.0
-159754.0
-272306.0
-826388.0
-438844.0
-471779.0
-368197.0
-127057.0
-118458.0
-123877.0
-215694.0
-347636.0
-141277.0
-101631.0
-221249.0
-146056.0
-100487.0
-50595.0
-87488.0
-101114.0
-184989.0
-116179.0
-92512.0
-113471.0
-286031.0
-365712.0
-200846.0
-231677.0
-160250.0
-221985.0
-94472.0
-179875.0
-107379.0
-157277.0
-69022.0
-112088.0
-102075.0
-92534.0
-168132.0
-142727.0
-116416.0
-106149.0
-117257.0
-139257.0
-144301.0
-168463.0
-149492.0
-180803.0
-175970.0
-141637.0
-206621.0
-244111.0
-161406.0
-142656.0
-267163.0
-190707.0
-170593.0
-188564.0
-147003.0
-118826.0
-70241.0
-136499.0
-110740.0
-113100.0
-224460.0
-134133.0
-194427.0
-362008.0
-349104.0
-392254.0
-229194.0
-280235.0
-270315.0
-105887.0
-211285.0
-244831.0
-155938.0
-100000.0
-115345.0
-89380.0
-117046.0
-136246.0
-93972.0
-107503.0
-95396.0
-138942.0
-117212.0
-60972.0
-82439.0
-59251.0
-52775.0
-56260.0
-57451.0
-59609.0
-63486.0
-67737.0
-78115.0
-59068.0
-62008.0
-70268.0
-56031.0
-63983.0
-58555.0
-71930.0
-59745.0
-71291.0
-86095.0
-77978.0
-111387.0
-132776.0
-123961.0
-206321.0
-103130.0
-102859.0
-105542.0
-183487.0
-111489.0
-122807.0
-131057.0
-123898.0
-86765.0
-139681.0
-109905.0
-109937.0
-134982.0
-137397.0
-131220.0
-90928.0
-130204.0
-98042.0
-94030.0
-84298.0
-108217.0
-141528.0
-123903.0
-86047.0
-87902.0
-62615.0
-126266.0
-153767.0
-102591.0
-55837.0
-87394.0
-101441.0
-137024.0
-90792.0
-90255.0
-103162.0
-137613.0
-167341.0
-103266.0
-145677.0
-118738.0
-138146.0
-65821.0
-59287.0
-78595.0
-110632.0
-152397.0
-151836.0
-168461.0
-109708.0
-112026.0
-104919.0
-170298.0
-88481.0
-108375.0
-125037.0
-120585.0
-137106.0
-122011.0
-233201.0
-146629.0
-111963.0
-136036.0
-94955.0
-183291.0
-104128.0
-107723.0
-148176.0
-159390.0
-104121.0
-164195.0
-151752.0
-178810.0
-183531.0
-126787.0
-169098.0
-173023.0
-146846.0
-193304.0
-145584.0
-167169.0
-178384.0
-184982.0
-192971.0
-124595.0
-138353.0
-125814.0
-103539.0
-127377.0
-91517.0
-121603.0
-118657.0
-58497.0
-58294.0
-87539.0
-71382.0
-89128.0
-73215.0
-66501.0
-93319.0
-68943.0
-73499.0
-51918.0
-51995.0
-63681.0
-98625.0
-112212.0
-128588.0
-122805.0
-97700.0
-73105.0
-60997.0
-110259.0
-74934.0
-60556.0
-84201.0
-50705.0
-54042.0
-53565.0
-39231.0
-42284.0
-40136.0
-43787.0
-43865.0
-41474.0
-52770.0
-34580.0
-43899.0
-41926.0
-37916.0
-29727.0
-49418.0
-47095.0
-80899.0
-87254.0
-61228.0
-68159.0
-71615.0
-59224.0
-58017.0
-51765.0
-52063.0
-43520.0
-34701.0
-54141.0
-54813.0
-65876.0
-79777.0
-107421.0
-104741.0
-116184.0
-76849.0
-69844.0
-144373.0
-160090.0
-111295.0
-148916.0
-118301.0
-98896.0
-123432.0
-96858.0
-78143.0
-69110.0
-63590.0
-55191.0
-49637.0
-53768.0
-53601.0
-47230.0
-52522.0
-61087.0
-68631.0
-72350.0
-83043.0
-94090.0
-89596.0
-141220.0
-115494.0
-89619.0
-61170.0
-70498.0
-89945.0
-150661.0
