43158
58134
50209
44086
33165
49293
41395
50318
47433
42778
45493
45917
63108
71198
44631
47488
40217
44542
44624
38420
62842
37797
67528
44851
64906
42021
36218
45273
46232
61620
52042
33620
42689
41121
48040
60008
41757
45849
47014
41175
40838
40586
37966
37151
44255
37379
38602
38154
37722
51478
30033
37423
37995
46719
44991
35898
46127
36656
35023
48906
31478
35954
40957
27763
46326
31982
39974
33845
38964
40682
33359
41953
43411
38880
39860
34474
37079
42701
44074
51213
31869
40167
39008
47828
44422
27094
42862
31129
34132
33271
30611
36067
28201
35332
42815
38403
59613
36083
32706
33444
32404
28633
36111
44593
34339
33390
32157
33871
41920
30581
32624
28875
38051
40337
27891
33438
39152
32331
30953
37561
31739
32933
42413
33540
32940
30533
29872
34425
38929
30896
29006
32503
34508
30082
35182
32336
32848
32074
27025
28059
31461
26489
29630
29619
37203
33955
28312
30270
26001
32353
36070
31372
28495
38943
31615
25212
25768
32989
29549
34078
37448
30790
31515
26282
34697
27030
29436
30412
29292
27332
26740
27564
30800
31063
28992
25822
28804
28062
24525
26511
25856
27786
26485
25969
30562
25057
27164
26478
27749
32789
32346
33590
25998
32364
26087
29465
29408
26692
29720
27654
29225
28085
27959
29181
24239
22944
24957
26120
25149
27813
24836
26967
29044
26104
23361
22390
31565
24240
25979
29010
25054
26625
23500
31919
29739
23499
28120
26681
30730
27823
24777
26903
24270
27059
23209
27500
28711
31279
22175
29594
24472
24870
22474
20008
20866
25500
25292
25148
28908
23530
27305
21608
22773
25440
23813
24225
23661
25902
22709
23373
24408
25029
22774
24350
27529
21082
21403
23153
23018
23988
20111
23418
21360
22377
32841
22021
24560
29627
19195
24702
21128
22988
21403
23548
20086
24194
22923
21122
21710
21253
23548
23641
19246
23412
21796
18731
20807
18731
19095
23173
19830
19852
24968
23672
19397
21677
19454
18113
17211
22417
20588
20836
19931
23196
19745
20586
23269
20886
19921
20801
18629
22214
19725
21324
20841
21839
18450
21211
20075
26183
17785
19185
19714
22104
20749
20694
20353
25251
20224
20786
16987
18519
19399
19562
22363
19315
21004
18512
19839
18756
19745
33582
21250
18423
19304
26001
23806
18793
19819
18841
19343
18402
18979
16986
19854
24597
16390
19165
20637
17906
21557
18864
20453
18183
17837
20856
20404
17712
18881
20501
18056
18741
17088
18184
22291
18365
19591
16841
16199
18736
19279
22822
19098
17608
19989
20120
19512
19893
18508
16011
20780
17111
20896
19239
17416
24770
17898
18271
19854
21215
15944
18361
18395
18697
19978
20232
17956
17193
17605
17464
15267
18793
18046
22330
16214
15984
16983
17241
18447
14873
17787
17461
17452
17555
16002
19981
20147
18593
16974
21255
17017
16995
16544
16402
18088
16338
16481
15493
17329
16474
16649
20544
17833
19478
16962
19053
17573
14904
16576
27498
16430
15524
15938
17193
16332
14736
16341
18305
22817
17967
16803
20888
17392
15595
15393
19227
21205
16246
23635
17917
20375
16777
16677
17730
22004
15819
25929
19152
18068
15384
18504
16048
16746
15585
15649
16771
15399
15323
15473
13809
15020
18037
15574
16349
17378
19200
17890
23986
25787
17349
20786
15857
15030
15709
13755
15395
15445
15466
16802
16442
16293
16734
16296
13734
14767
16016
13493
15953
18044
15704
15223
15993
14816
14605
13903
15169
15226
13576
13712
16029
16885
13792
14779
62518
15780
16371
14609
16592
16883
15631
13880
15187
15126
15177
16460
16045
16271
14616
41968
16935
17651
13526
15547
13529
20233
13802
15739
16046
14877
12972
14278
15264
13423
15835
13524
14113
16017
16125
15592
13414
13555
13444
14193
13632
16502
17602
13833
14458
15349
13068
14142
13767
93947
15323
13656
13500
12654
17194
14152
14001
15044
14851
14119
16423
13836
14151
13599
15241
14193
12597
14400
14548
15168
14097
19371
14856
15998
15050
13295
14739
13935
12626
22727
16495
16379
11595
12704
12875
14695
13177
13229
12680
12909
13452
13219
12255
12511
12707
15661
13489
13649
12738
12302
13857
14381
13554
12362
13552
12572
11877
12178
12515
14232
12764
12895
13412
15985
12121
14832
14096
12791
13793
13117
13004
11914
13466
12410
13783
14599
13362
12085
11351
21215
20402
13084
13007
13747
11599
12591
11028
12224
12238
13310
11719
13472
13006
28529
12766
15316
15353
14057
12958
48636
13025
10261
12997
12999
13462
12623
20280
