44532
43205
45176
43150
45552
41499
38827
38916
41290
57705
40507
38410
48418
39179
32275
42233
41747
47557
39931
35695
34495
56200
39148
55192
31352
37326
37165
37579
42915
36915
45142
34238
40007
39265
52935
51043
43681
46652
42276
44539
32332
36696
36904
35322
39320
35200
45574
38550
49980
37167
46624
43154
35120
48695
40073
36166
35896
39399
31697
35127
31803
37855
44180
27265
31938
39345
36689
30977
40028
31691
32965
49856
39514
46725
37355
38354
31670
33215
37693
37993
32449
34970
44310
31307
37703
32027
33529
33811
36641
33229
40711
34608
34331
29631
41082
36462
39755
41169
31790
38033
32765
38331
33615
37051
33282
29626
29187
28628
32148
30251
36382
26674
29146
32747
30003
32552
35715
36956
28453
31482
37139
29182
27662
32424
31623
49632
36052
28860
41281
27797
28531
27247
45146
24428
27553
33207
40237
27589
26906
32597
30459
28267
33859
29202
27426
35798
32708
27089
31436
26521
29462
24176
32072
25266
32699
33482
24575
31844
30000
32414
32758
29778
29350
32329
32982
26557
26136
26587
25872
24386
26133
27725
29362
32792
28873
29842
35592
27163
27154
25832
25380
28075
25284
30985
29506
24124
28494
23820
37317
26793
26537
24452
30900
28204
26642
26186
23227
24600
28323
26190
28583
28601
28719
29956
25088
29811
20203
24549
25526
23337
22140
20080
25629
24531
25891
25148
25140
23666
23938
25483
25615
24487
25045
27355
25767
25362
23600
27367
23738
24227
25517
24692
22951
26174
19166
23920
22912
24603
22734
25350
23628
23228
27533
22868
21176
20401
22007
22164
23159
22832
26502
21600
28102
22853
23824
24814
23373
27138
23211
23508
21502
22600
24013
18756
22662
22725
22985
23819
21461
25127
27129
21184
20924
22879
24677
25799
22891
24041
24534
21192
23053
23903
22148
20847
19604
20560
20315
22222
21860
17788
22493
21278
20215
25782
22700
18144
24234
24029
21426
23602
20470
20404
23448
19049
28384
22892
21611
28573
20792
22783
21372
19852
23496
21413
22117
20837
23512
22371
20181
20988
21411
20770
18666
20630
20332
21309
18848
22018
22097
16790
23981
19036
20487
21768
20403
18332
18886
20475
18316
20204
23285
21294
26237
20487
18408
19956
19293
19417
22627
19553
22279
17706
22036
20279
20386
18816
18752
19848
20419
18854
18824
18797
17692
21349
18365
18899
20377
18431
23253
18847
17697
20013
20576
19315
19116
18257
17170
18503
17048
19261
17253
19758
19988
19167
20273
17553
19478
19622
24698
19083
16206
18725
17379
17868
14834
17231
18746
17005
16222
19793
17381
18706
17387
17091
20461
14999
20278
17749
23351
17779
18852
21007
18290
18830
18122
17915
16361
16321
17975
15606
21421
25539
21043
16865
16854
18129
17991
14601
22075
19321
17652
18503
18078
14261
19054
17338
21110
15852
15760
16190
15906
21052
17140
16346
16108
16543
17719
17995
15593
17781
18039
16904
17801
18152
16107
19783
19363
14835
16362
15915
17029
18644
17078
17285
14168
16558
16825
15635
14120
16337
17354
15908
15204
16304
15422
15658
16002
17794
16900
15591
16699
21620
16330
14136
15942
15650
17760
15836
15173
16367
15536
15510
15564
14167
13401
18796
15251
14555
14795
17674
15306
12786
15314
18193
15142
16350
17975
15361
30244
17529
13426
15180
16382
16900
15239
13717
15962
13534
15009
15116
20499
13500
16007
14932
14672
14598
14851
27820
16959
16045
13465
14334
15667
17613
18292
14983
15894
15423
14020
13825
18505
16432
15751
14462
15367
13954
16338
14382
14640
15182
14960
14406
13952
13982
13753
14517
13669
14171
13356
14245
15977
17903
14769
16074
15525
14181
13899
14220
13693
14465
15806
14434
13284
15160
14411
15349
14981
15481
13063
14042
15417
14608
17760
14211
14352
13602
12896
14182
13147
17881
12115
263702
14220
36936
15475
17973
16505
12981
15260
21248
17653
14897
13897
18121
16283
15812
14718
13395
13716
16805
15668
18089
18867
37079
13865
20279
57971
40150
106618
13840
20380
13649
13231
23438
46748
21306
17376
43286
29720
35435
25169
20524
17070
14531
16435
16254
15365
13322
29564
12324
12193
18410
15739
18171
13263
12907
12366
12353
12622
14092
14032
16267
47734
14770
14093
12628
14472
13821
19579
14890
13865
18835
23512
16231
14953
107673
17198
16201
40814
20392
12899
15545
15667
11782
23466
13353
16552
12742
11439
20470
12206
14348
60631
11874
17482
14926
16094
16201
13478
15263
17238
12529
20481
13978
14168
11663
12446
12133
31640
107685
