16.238888888888887
18.76648148148148
17.663888888888888
16.154814814814817
14.577222222222222
16.813333333333333
14.855925925925925
16.524814814814814
16.430185185185184
18.60796296296296
15.925925925925926
15.616111111111111
20.652962962962963
20.440185185185186
14.241851851851852
16.615
15.17851851851852
17.05537037037037
15.658333333333333
13.725
18.02537037037037
17.40685185185185
19.754814814814814
18.526481481481483
17.825555555555557
14.693888888888889
13.589444444444444
15.342962962962963
16.508703703703702
18.247222222222224
17.997037037037035
12.566296296296295
15.314074074074075
14.886296296296296
18.699074074074073
20.565
15.821851851851852
17.129814814814814
16.535185185185185
15.872962962962964
13.55
14.311481481481481
13.864814814814816
13.420925925925927
15.476851851851851
13.440555555555555
15.588148148148148
14.204444444444444
16.24111111111111
16.41574074074074
14.19574074074074
14.921666666666667
13.539814814814815
17.66925925925926
15.752592592592592
13.345185185185185
15.189444444444444
14.084259259259259
12.355555555555556
15.561666666666667
11.718703703703703
13.668333333333333
15.766111111111112
10.19037037037037
14.493333333333334
13.208703703703703
14.196851851851852
12.004074074074074
14.628148148148147
13.402407407407408
12.282222222222222
17.001666666666665
15.356481481481481
15.852777777777778
14.299074074074074
13.486666666666666
12.731296296296296
14.058518518518518
15.142037037037037
16.51962962962963
11.91074074074074
13.914259259259259
15.42925925925926
14.65462962962963
15.208333333333334
10.948333333333334
14.146481481481482
12.025925925925925
13.106111111111112
12.314814814814815
13.207777777777778
13.087962962962964
11.58
12.030185185185186
15.53648148148148
13.863888888888889
18.401481481481483
14.305925925925926
11.943703703703704
13.236481481481482
12.068333333333333
12.40074074074074
12.912222222222223
15.119259259259259
12.522407407407407
11.669629629629629
11.36
11.573888888888888
13.716296296296296
11.265185185185185
12.778888888888888
10.286851851851852
12.443888888888889
13.534074074074073
10.721111111111112
12.22037037037037
13.86425925925926
12.830925925925927
11.001111111111111
12.78574074074074
12.755185185185185
11.502777777777778
12.976851851851851
12.215555555555556
11.956111111111111
14.84537037037037
12.208148148148148
11.719444444444445
14.853703703703705
10.869074074074074
10.655
11.064814814814815
14.75074074074074
10.094444444444445
11.617592592592592
12.137592592592593
13.53425925925926
11.048703703703703
9.987222222222222
11.232592592592592
11.466666666666667
10.14
11.757222222222222
10.892777777777777
11.968333333333334
12.917222222222222
11.3
10.622037037037037
10.636481481481482
10.902592592592592
12.135555555555555
10.286666666666667
11.216111111111111
11.890555555555556
11.91
10.869259259259259
9.322777777777778
12.00611111111111
11.027592592592592
12.313333333333333
13.001111111111111
11.216296296296296
11.271296296296295
10.85388888888889
12.533148148148149
9.923518518518518
10.29111111111111
10.55537037037037
10.215555555555556
9.577407407407408
9.791296296296297
10.238703703703704
11.141111111111112
11.825
10.71574074074074
10.308148148148149
11.925185185185185
10.226851851851851
9.570185185185185
9.693148148148149
9.488148148148149
10.34462962962963
9.586851851851852
10.547037037037038
11.123703703703704
9.107592592592592
10.307037037037038
9.314444444444444
12.049259259259259
11.033703703703704
10.904259259259259
10.748518518518518
10.536666666666667
11.216296296296296
9.76462962962963
10.30574074074074
9.747222222222222
9.498518518518518
10.748703703703704
9.971111111111112
10.705185185185185
10.497407407407408
10.495925925925926
10.951296296296297
9.134629629629629
9.769444444444444
8.362962962962962
9.383148148148148
9.38425925925926
9.472222222222221
8.699259259259259
8.712407407407408
10.124629629629629
9.376851851851852
9.120740740740741
8.803333333333333
10.500925925925927
8.871481481481482
9.24388888888889
10.091296296296296
9.383148148148148
9.465185185185184
8.989814814814816
10.976666666666667
10.278888888888888
9.048333333333334
9.577777777777778
10.008888888888889
10.086666666666666
9.63888888888889
9.313703703703704
9.55462962962963
8.74462962962963
9.857962962962963
7.847222222222222
9.522222222222222
9.559814814814814
10.34851851851852
8.316481481481482
10.174814814814814
8.907407407407407
8.907037037037037
9.260555555555555
7.94
7.785555555555556
8.500185185185185
8.759074074074075
8.761481481481482
9.642037037037037
8.585555555555555
9.96425925925926
8.001481481481482
9.421296296296296
8.943148148148149
8.821666666666667
9.081296296296296
8.71
9.822222222222223
8.503703703703703
8.681666666666667
8.501851851851852
8.820185185185185
8.664259259259259
7.982592592592592
9.294629629629629
8.112407407407407
8.22
8.698518518518519
8.236851851851851
9.09537037037037
8.748148148148148
8.259629629629629
7.83037037037037
8.380740740740741
10.65148148148148
8.855555555555556
8.787222222222223
9.938518518518519
8.097962962962963
8.498888888888889
8.181666666666667
8.683518518518518
8.065
8.221296296296297
7.35
8.287777777777778
8.007037037037037
8.026666666666667
8.068518518518518
7.229814814814815
8.526111111111112
8.318333333333333
7.307592592592592
9.11
8.24
6.828703703703703
8.340925925925927
7.9185185185185185
7.503888888888889
8.662037037037036
7.462962962962963
7.454814814814815
8.965925925925927
7.911296296296296
8.848333333333333
8.253518518518518
7.604629629629629
8.645555555555555
7.037592592592593
8.37037037037037
7.770370370370371
7.534814814814815
8.042037037037037
8.260925925925926
7.752222222222223
7.670925925925926
8.663148148148148
8.010555555555555
7.426296296296297
7.738703703703703
7.4148148148148145
7.96
7.109444444444445
7.769259259259259
7.62462962962963
7.99037037037037
6.907037037037037
8.00537037037037
7.8096296296296295
7.957962962962963
7.734444444444445
7.077962962962963
7.444629629629629
8.124444444444444
7.62074074074074
7.227037037037037
7.266481481481481
8.467777777777778
7.137037037037037
7.590740740740741
7.457777777777777
7.372777777777777
8.45111111111111
7.4164814814814815
7.550185185185185
7.272407407407408
7.462407407407407
7.023888888888889
7.864074074074074
7.0942592592592595
7.782222222222222
9.497777777777777
8.015925925925925
7.167037037037037
7.35
8.299444444444445
7.881111111111111
7.1557407407407405
7.451481481481482
6.980555555555555
7.067962962962963
6.888703703703704
6.790925925925926
7.099074074074074
7.077592592592593
8.054814814814815
6.808703703703704
6.9622222222222225
8.127777777777778
6.806111111111111
7.269259259259259
7.1994444444444445
7.597962962962963
6.9440740740740745
6.843148148148148
7.243148148148149
6.958148148148148
6.7064814814814815
6.653518518518519
7.363333333333333
6.538703703703704
7.129444444444444
6.865925925925926
6.916851851851852
7.8822222222222225
6.651481481481482
7.235
6.752407407407407
7.573518518518519
7.0035185185185185
6.571296296296296
7.693888888888889
6.755
6.569629629629629
6.448703703703703
6.916851851851852
7.0848148148148145
6.832962962962963
6.431481481481481
6.63037037037037
7.066851851851852
6.632777777777778
7.089444444444444
6.727777777777778
7.014259259259259
7.364629629629629
7.069629629629629
6.67037037037037
8.000925925925927
7.221111111111111
6.4437037037037035
7.29037037037037
6.7935185185185185
6.9494444444444445
7.055555555555555
7.064259259259259
6.355
6.206296296296296
6.588888888888889
6.124074074074074
6.794074074074074
8.20962962962963
7.238703703703703
7.258333333333334
6.123703703703704
6.317222222222222
6.476666666666667
5.8966666666666665
7.504074074074074
6.332222222222223
6.562777777777778
6.66
6.57962962962963
5.891851851851852
6.491851851851852
6.910925925925926
7.640185185185185
6.378703703703704
6.061851851851852
6.934259259259259
6.096851851851852
7.045740740740741
6.237777777777778
6.064444444444445
6.332592592592593
6.089074074074074
6.333333333333333
6.201481481481482
6.096666666666667
6.343518518518518
6.423703703703704
6.934814814814815
6.598888888888889
6.968518518518518
6.123888888888889
7.191851851851852
6.84
5.5072222222222225
6.0996296296296295
8.039444444444445
6.196111111111111
6.327407407407407
6.114074074074074
6.384814814814815
5.648148148148148
5.795185185185185
6.141851851851852
6.285185185185185
6.840185185185185
6.352592592592592
6.32537037037037
6.814074074074074
6.036296296296296
5.907222222222222
5.7064814814814815
6.4601851851851855
6.890185185185185
6.303703703703704
7.506481481481481
6.205185185185186
6.865555555555556
7.110555555555556
6.1124074074074075
5.901111111111111
7.027037037037037
5.827592592592593
8.090555555555556
6.479259259259259
6.1557407407407405
5.879814814814814
6.303703703703704
5.844074074074074
5.983333333333333
5.50962962962963
5.37962962962963
6.586481481481481
5.675925925925926
5.532962962962963
5.605185185185185
5.830185185185186
5.615925925925926
5.707962962962963
5.72
6.3966666666666665
6.022222222222222
6.583333333333333
6.641666666666667
7.286481481481482
10.376111111111111
6.458888888888889
6.335555555555556
5.747592592592593
5.8170370370370375
6.038703703703704
5.369259259259259
5.391111111111111
5.816111111111111
5.37037037037037
5.890925925925926
5.844074074074074
6.8133333333333335
5.598888888888889
5.982037037037037
5.308518518518518
5.451666666666667
5.66925925925926
5.248888888888889
8.106111111111112
6.482037037037037
5.879444444444444
5.312592592592592
5.6161111111111115
5.645
5.966296296296297
5.962037037037037
5.583703703703704
5.762962962962963
5.370185185185186
5.135555555555555
5.528518518518519
6.553703703703704
5.597037037037037
5.6537037037037035
14.255555555555556
5.767962962962963
5.6157407407407405
5.730925925925926
5.735925925925926
5.837592592592593
5.706111111111111
5.340740740740741
5.480185185185185
5.384814814814815
5.399814814814815
5.595
5.65962962962963
5.544444444444444
5.330925925925926
10.245185185185186
5.774074074074074
6.227407407407408
5.820185185185185
5.614074074074074
5.482037037037037
6.621851851851852
5.182037037037037
5.488518518518519
5.604814814814815
5.29074074074074
5.080925925925926
5.571111111111111
5.49962962962963
4.9457407407407405
5.739814814814815
5.173148148148148
5.455925925925926
5.74037037037037
5.852962962962963
5.306481481481481
5.084444444444444
5.365185185185185
5.194814814814815
5.917222222222223
5.1561111111111115
5.713703703703704
5.778518518518519
4.949814814814815
5.303703703703704
5.277037037037037
5.731296296296296
4.8624074074074075
51.383148148148145
20.030925925925924
9.677592592592593
5.394629629629629
5.828333333333333
5.399814814814815
5.587962962962963
5.446666666666666
6.527592592592592
6.055
5.5088888888888885
5.188148148148148
6.397037037037037
5.577592592592593
5.548703703703704
5.243888888888889
5.302962962962963
5.168333333333333
5.444814814814815
5.568148148148148
6.043888888888889
6.302777777777778
9.477037037037038
6.154814814814815
6.506481481481481
13.697962962962963
10.222222222222221
22.20611111111111
5.292407407407407
6.354629629629629
4.8657407407407405
6.658888888888889
7.395
11.690185185185186
6.092777777777778
5.57037037037037
10.400185185185185
8.225
9.002222222222223
7.110740740740741
6.148888888888889
5.551666666666667
5.182037037037037
5.491481481481482
5.279444444444445
5.162222222222222
4.820185185185185
8.375
4.780185185185185
4.785555555555556
5.768148148148148
5.192777777777778
5.931111111111111
5.119259259259259
4.900185185185185
4.579259259259259
4.7972222222222225
4.665555555555556
4.809074074074074
4.853703703703704
5.33
11.475185185185186
5.098888888888889
4.997777777777777
4.822222222222222
5.640185185185185
4.804074074074074
6.372407407407407
5.3677777777777775
4.936296296296296
6.042222222222223
6.783148148148148
5.413888888888889
4.975370370370371
22.43314814814815
5.482962962962963
5.5525925925925925
10.261666666666667
6.250740740740741
4.626666666666667
4.980740740740741
6.83
5.96
6.768518518518518
4.881481481481481
5.610925925925926
4.507592592592593
4.45
5.832962962962963
4.524074074074074
4.923333333333333
13.692777777777778
4.369074074074074
5.732222222222222
5.172592592592593
8.263518518518518
5.364259259259259
5.332222222222223
5.66962962962963
5.79537037037037
4.719814814814815
12.799444444444445
5.000555555555556
4.523888888888889
4.566666666666666
4.712037037037037
4.739814814814815
8.196851851851852
23.697222222222223
