7.992222222222222
10.765555555555556
9.297962962962963
8.164074074074074
6.141666666666667
9.128333333333334
7.66574074074074
9.318148148148149
8.783888888888889
7.9218518518518515
8.42462962962963
8.503148148148147
11.686666666666667
13.184814814814814
8.265
8.794074074074073
7.447592592592593
8.248518518518518
8.263703703703703
7.114814814814815
11.637407407407407
6.999444444444444
12.505185185185185
8.30574074074074
12.01962962962963
7.781666666666666
6.707037037037037
8.383888888888889
8.561481481481481
11.411111111111111
9.637407407407407
6.225925925925926
7.90537037037037
7.615
8.896296296296295
11.112592592592593
7.732777777777778
8.490555555555556
8.706296296296296
7.625
7.562592592592592
7.515925925925926
7.0307407407407405
6.879814814814814
8.19537037037037
6.922037037037037
7.148518518518519
7.065555555555555
6.985555555555556
9.532962962962962
5.5616666666666665
6.930185185185185
7.036111111111111
8.651666666666667
8.331666666666667
6.647777777777778
8.542037037037037
6.7881481481481485
6.485740740740741
9.056666666666667
5.829259259259259
6.658148148148148
7.58462962962963
5.1412962962962965
8.578888888888889
5.922592592592593
7.402592592592592
6.267592592592592
7.2155555555555555
7.533703703703703
6.1775925925925925
7.769074074074074
8.039074074074074
7.2
7.381481481481481
6.384074074074074
6.866481481481482
7.907592592592593
8.161851851851852
9.483888888888888
5.901666666666666
7.4383333333333335
7.223703703703704
8.857037037037037
8.226296296296296
5.017407407407408
7.937407407407408
5.7646296296296295
6.3207407407407405
6.161296296296296
5.668703703703704
6.679074074074074
5.222407407407408
6.542962962962963
7.928703703703704
7.111666666666666
11.039444444444445
6.682037037037037
6.056666666666667
6.193333333333333
6.000740740740741
5.302407407407407
6.687222222222222
8.257962962962964
6.359074074074074
6.183333333333334
5.955
6.272407407407408
7.762962962962963
5.6631481481481485
6.0414814814814815
5.347222222222222
7.046481481481481
7.469814814814815
5.165
6.192222222222222
7.25037037037037
5.987222222222222
5.732037037037037
6.95574074074074
5.877592592592593
6.098703703703704
7.854259259259259
6.211111111111111
6.1
5.654259259259259
5.531851851851852
6.375
7.209074074074074
5.721481481481481
5.3714814814814815
6.019074074074074
6.390370370370371
5.5707407407407405
6.515185185185185
5.988148148148148
6.082962962962963
5.939629629629629
5.00462962962963
5.196111111111111
5.8261111111111115
4.90537037037037
5.487037037037037
5.485
6.889444444444444
6.287962962962963
5.242962962962963
5.605555555555555
4.815
5.991296296296296
6.67962962962963
5.8096296296296295
5.276851851851852
7.211666666666667
5.854629629629629
4.668888888888889
4.771851851851852
6.109074074074074
5.472037037037037
6.310740740740741
6.934814814814815
5.701851851851852
5.836111111111111
4.867037037037037
6.42537037037037
5.0055555555555555
5.4511111111111115
5.631851851851851
5.424444444444444
5.061481481481482
4.951851851851852
5.104444444444445
5.703703703703703
5.752407407407407
5.368888888888889
4.781851851851852
5.334074074074074
5.196666666666666
4.541666666666667
4.9094444444444445
4.7881481481481485
5.145555555555555
4.904629629629629
4.809074074074074
5.65962962962963
4.640185185185185
5.03037037037037
4.903333333333333
5.138703703703704
6.072037037037037
5.99
6.220370370370371
4.814444444444445
5.993333333333333
4.830925925925926
5.4564814814814815
5.445925925925926
4.942962962962963
5.503703703703704
5.121111111111111
5.412037037037037
5.200925925925926
5.1775925925925925
5.403888888888889
4.488703703703703
4.248888888888889
4.621666666666667
4.837037037037037
4.657222222222222
5.150555555555556
4.599259259259259
4.993888888888889
5.3785185185185185
4.834074074074074
4.3261111111111115
4.146296296296296
5.845370370370371
4.488888888888889
4.810925925925926
5.372222222222222
4.6396296296296295
4.930555555555555
4.351851851851852
5.910925925925926
5.5072222222222225
4.351666666666667
5.207407407407407
4.940925925925926
5.690740740740741
5.1524074074074075
4.588333333333333
4.982037037037037
4.4944444444444445
5.010925925925926
4.297962962962963
5.092592592592593
5.316851851851852
5.792407407407407
4.106481481481482
5.480370370370371
4.531851851851852
4.605555555555555
4.161851851851852
3.705185185185185
3.864074074074074
4.722222222222222
4.683703703703704
4.657037037037037
5.3533333333333335
4.357407407407408
5.056481481481481
4.001481481481481
4.217222222222222
4.711111111111111
4.409814814814815
4.486111111111111
4.381666666666667
4.796666666666667
4.20537037037037
4.328333333333333
4.52
4.635
4.217407407407407
4.5092592592592595
5.097962962962963
3.904074074074074
3.9635185185185184
4.287592592592593
4.2625925925925925
4.442222222222222
3.7242592592592594
4.336666666666667
3.9555555555555557
4.143888888888889
6.081666666666667
4.077962962962963
4.548148148148148
5.486481481481482
3.5546296296296296
4.5744444444444445
3.9125925925925924
4.257037037037037
3.9635185185185184
4.360740740740741
3.7196296296296296
4.480370370370371
4.245
3.9114814814814816
4.020370370370371
3.9357407407407408
4.360740740740741
4.377962962962963
3.564074074074074
4.335555555555556
4.036296296296296
3.468703703703704
3.853148148148148
3.468703703703704
3.536111111111111
4.291296296296296
3.672222222222222
3.676296296296296
4.623703703703704
4.383703703703704
3.592037037037037
4.014259259259259
3.602592592592593
3.3542592592592593
3.187222222222222
4.151296296296296
3.8125925925925928
3.8585185185185185
3.6909259259259257
4.295555555555556
3.6564814814814817
3.812222222222222
4.309074074074074
3.867777777777778
3.689074074074074
3.852037037037037
3.4498148148148147
4.113703703703703
3.6527777777777777
3.948888888888889
3.8594444444444442
4.04425925925926
3.4166666666666665
3.927962962962963
3.7175925925925926
4.848703703703704
3.2935185185185185
3.5527777777777776
3.6507407407407406
4.093333333333334
3.8424074074074075
3.832222222222222
3.7690740740740742
4.676111111111111
3.745185185185185
3.8492592592592594
3.1457407407407407
3.4294444444444445
3.5924074074074075
3.622592592592593
4.1412962962962965
3.5768518518518517
3.8896296296296295
3.428148148148148
3.673888888888889
3.473333333333333
3.6564814814814817
6.2188888888888885
3.935185185185185
3.4116666666666666
3.5748148148148147
4.815
4.408518518518519
3.480185185185185
3.670185185185185
3.489074074074074
3.582037037037037
3.4077777777777776
3.5146296296296295
3.1455555555555557
3.6766666666666667
4.555
3.035185185185185
3.549074074074074
3.8216666666666668
3.3159259259259257
3.992037037037037
3.493333333333333
3.7875925925925924
3.3672222222222223
3.303148148148148
3.862222222222222
3.7785185185185184
3.28
3.4964814814814815
3.7964814814814813
3.343703703703704
3.4705555555555554
3.1644444444444444
3.3674074074074074
4.127962962962963
3.400925925925926
3.627962962962963
3.1187037037037038
2.999814814814815
3.4696296296296296
3.5701851851851854
4.226296296296296
3.5366666666666666
3.260740740740741
3.7016666666666667
3.725925925925926
3.6133333333333333
3.6838888888888888
3.4274074074074075
2.965
3.848148148148148
3.1687037037037036
3.8696296296296295
3.562777777777778
3.225185185185185
4.587037037037037
3.3144444444444443
3.3835185185185184
3.6766666666666667
3.928703703703704
2.9525925925925924
3.400185185185185
3.4064814814814817
3.4624074074074076
3.6996296296296296
3.7466666666666666
3.3251851851851852
3.1838888888888888
3.2601851851851853
3.234074074074074
2.8272222222222223
3.480185185185185
3.341851851851852
4.135185185185185
3.0025925925925927
2.96
3.145
3.1927777777777777
3.4161111111111113
2.754259259259259
3.293888888888889
3.2335185185185185
3.231851851851852
3.2509259259259258
2.9633333333333334
3.7001851851851852
3.7309259259259258
3.4431481481481483
3.1433333333333335
3.936111111111111
3.1512962962962963
3.147222222222222
3.0637037037037036
3.0374074074074073
3.3496296296296295
3.0255555555555556
3.052037037037037
2.869074074074074
3.209074074074074
3.0507407407407405
3.083148148148148
3.8044444444444445
3.3024074074074075
3.607037037037037
3.141111111111111
3.5283333333333333
3.254259259259259
2.76
3.0696296296296297
5.092222222222222
3.0425925925925927
2.874814814814815
2.9514814814814816
3.1838888888888888
3.0244444444444443
2.7288888888888887
3.026111111111111
3.3898148148148146
4.225370370370371
3.3272222222222223
3.111666666666667
3.868148148148148
3.220740740740741
2.887962962962963
2.8505555555555557
3.5605555555555557
3.926851851851852
3.0085185185185184
4.3768518518518515
3.317962962962963
3.7731481481481484
3.106851851851852
3.0883333333333334
3.283333333333333
4.074814814814815
2.9294444444444445
4.801666666666667
3.546666666666667
3.345925925925926
2.848888888888889
3.4266666666666667
2.9718518518518517
3.101111111111111
2.886111111111111
2.897962962962963
3.1057407407407407
2.8516666666666666
2.8375925925925927
2.8653703703703703
2.5572222222222223
2.7814814814814817
3.3401851851851854
2.884074074074074
3.0275925925925926
3.218148148148148
3.5555555555555554
3.312962962962963
4.441851851851852
4.7753703703703705
3.2127777777777777
3.8492592592592594
2.9364814814814815
2.783333333333333
2.909074074074074
2.547222222222222
2.850925925925926
2.8601851851851854
2.864074074074074
3.1114814814814813
3.044814814814815
3.0172222222222222
3.098888888888889
3.017777777777778
2.5433333333333334
2.7346296296296297
2.965925925925926
2.4987037037037036
2.9542592592592594
3.3414814814814813
2.908148148148148
2.819074074074074
2.9616666666666664
2.7437037037037038
2.7046296296296295
2.5746296296296296
2.8090740740740743
2.8196296296296297
2.514074074074074
2.5392592592592593
2.9683333333333333
3.126851851851852
2.554074074074074
2.736851851851852
11.577407407407408
2.922222222222222
3.0316666666666667
2.70537037037037
3.0725925925925925
3.1264814814814814
2.8946296296296294
2.5703703703703704
2.8124074074074072
2.801111111111111
2.8105555555555557
3.0481481481481483
2.971296296296296
3.013148148148148
2.7066666666666666
7.771851851851852
3.136111111111111
3.2687037037037037
2.504814814814815
2.879074074074074
2.5053703703703705
3.7468518518518517
2.555925925925926
2.9146296296296295
2.9714814814814816
2.755
2.402222222222222
2.6440740740740742
2.8266666666666667
2.4857407407407406
2.9324074074074074
2.5044444444444443
2.6135185185185184
2.966111111111111
2.986111111111111
2.8874074074074074
2.484074074074074
2.5101851851851853
2.4896296296296296
2.6283333333333334
2.5244444444444443
3.055925925925926
3.2596296296296297
2.5616666666666665
2.6774074074074075
2.8424074074074075
2.42
2.618888888888889
2.5494444444444446
17.39759259259259
2.8375925925925927
2.528888888888889
2.5
2.3433333333333333
3.1840740740740743
2.620740740740741
2.5927777777777776
2.785925925925926
2.750185185185185
2.6146296296296296
3.0412962962962964
2.562222222222222
2.6205555555555557
2.5183333333333335
2.8224074074074075
2.6283333333333334
2.332777777777778
2.6666666666666665
2.694074074074074
2.8088888888888888
2.6105555555555555
3.587222222222222
2.7511111111111113
2.9625925925925927
2.787037037037037
2.462037037037037
2.7294444444444443
2.5805555555555557
2.3381481481481483
4.208703703703704
3.0546296296296296
3.033148148148148
2.147222222222222
2.352592592592593
2.384259259259259
2.721296296296296
2.440185185185185
2.4498148148148147
2.348148148148148
2.3905555555555558
2.491111111111111
2.447962962962963
2.2694444444444444
2.316851851851852
2.353148148148148
2.900185185185185
2.497962962962963
2.5275925925925926
2.358888888888889
2.2781481481481483
2.5661111111111112
2.663148148148148
2.51
2.2892592592592593
2.5096296296296297
2.328148148148148
2.1994444444444445
2.2551851851851854
2.3175925925925926
2.6355555555555554
2.363703703703704
2.387962962962963
2.4837037037037035
2.960185185185185
2.2446296296296295
2.7466666666666666
2.6103703703703705
2.3687037037037038
2.5542592592592595
2.429074074074074
2.408148148148148
2.2062962962962964
2.4937037037037038
2.2981481481481483
2.5524074074074075
2.7035185185185187
2.4744444444444444
2.237962962962963
2.102037037037037
3.928703703703704
3.7781481481481483
2.4229629629629628
2.408703703703704
2.5457407407407406
2.147962962962963
2.3316666666666666
2.042222222222222
2.2637037037037038
2.2662962962962965
2.464814814814815
2.170185185185185
2.4948148148148146
2.4085185185185187
5.283148148148148
2.364074074074074
2.8362962962962963
2.843148148148148
2.603148148148148
2.39962962962963
9.006666666666666
2.412037037037037
1.9001851851851852
2.406851851851852
2.4072222222222224
2.492962962962963
2.3375925925925927
3.7555555555555555
