-178932.0
-185072.0
-187336.0
-176806.0
-160345.0
-147614.0
-168293.0
-187638.0
-163861.0
-240709.0
-162472.0
-169737.0
-245507.0
-149858.0
-148961.0
-152260.0
-166713.0
-236760.0
-135365.0
-148132.0
-194678.0
-223813.0
-187084.0
-212294.0
-167504.0
-139119.0
-132785.0
-153963.0
-176568.0
-190594.0
-210630.0
-122976.0
-159667.0
-138114.0
-202222.0
-216038.0
-183729.0
-187558.0
-158646.0
-173875.0
-152915.0
-141485.0
-155801.0
-160432.0
-148566.0
-124710.0
-171623.0
-149498.0
-172880.0
-171603.0
-176249.0
-155986.0
-136775.0
-183616.0
-138093.0
-149906.0
-134426.0
-134185.0
-139771.0
-155084.0
-137191.0
-170783.0
-155914.0
-103876.0
-161018.0
-156164.0
-133925.0
-125827.0
-148498.0
-114965.0
-152638.0
-188091.0
-151332.0
-168411.0
-146393.0
-137547.0
-107709.0
-151624.0
-152509.0
-147518.0
-128164.0
-165821.0
-151482.0
-145153.0
-151528.0
-114639.0
-158192.0
-123113.0
-148238.0
-120711.0
-164685.0
-140764.0
-134822.0
-131198.0
-166287.0
-155562.0
-175938.0
-149524.0
-139310.0
-162553.0
-115460.0
-121076.0
-119930.0
-172410.0
-119908.0
-102881.0
-108831.0
-126095.0
-126110.0
-124198.0
-141375.0
-97480.0
-126552.0
-132654.0
-101818.0
-119174.0
-149362.0
-120214.0
-111112.0
-116772.0
-145835.0
-114875.0
-130798.0
-110116.0
-118255.0
-207945.0
-128805.0
-103515.0
-166254.0
-119012.0
-120567.0
-127125.0
-172430.0
-94458.0
-125718.0
-127548.0
-131829.0
-149926.0
-104024.0
-141239.0
-102855.0
-117631.0
-143642.0
-118631.0
-115456.0
-148629.0
-121900.0
-104601.0
-114942.0
-99343.0
-110872.0
-84102.0
-115369.0
-102611.0
-126891.0
-122996.0
-121031.0
-132683.0
-118932.0
-130614.0
-111365.0
-110871.0
-114046.0
-120865.0
-132827.0
-108873.0
-100030.0
-97872.0
-103011.0
-86307.0
-106953.0
-105179.0
-121575.0
-123788.0
-120154.0
-105806.0
-130862.0
-104556.0
-101485.0
-88551.0
-98535.0
-118277.0
-114899.0
-99884.0
-113585.0
-100842.0
-121647.0
-120021.0
-128538.0
-129128.0
-121839.0
-110600.0
-106241.0
-126175.0
-126181.0
-95666.0
-80754.0
-88142.0
-109949.0
-100045.0
-105156.0
-106778.0
-119003.0
-109106.0
-94402.0
-106778.0
-86248.0
-93273.0
-100873.0
-84886.0
-86006.0
-68790.0
-99587.0
-87106.0
-99228.0
-89259.0
-94968.0
-82063.0
-96854.0
-101042.0
-100911.0
-93766.0
-89190.0
-118088.0
-114956.0
-95289.0
-77467.0
-96456.0
-93524.0
-88267.0
-113776.0
-85076.0
-96617.0
-105399.0
-67031.0
-103134.0
-91498.0
-113291.0
-84725.0
-112881.0
-94426.0
-99990.0
-111088.0
-80471.0
-85330.0
-97282.0
-103878.0
-85244.0
-89052.0
-71740.0
-104541.0
-80202.0
-104604.0
-86480.0
-88070.0
-96874.0
-85724.0
-106623.0
-77941.0
-95352.0
-83846.0
-86915.0
-88471.0
-77010.0
-81562.0
-103342.0
-78300.0
-102407.0
-98667.0
-92069.0
-110607.0
-89854.0
-82141.0
-91249.0
-113277.0
-117279.0
-105207.0
-92740.0
-83214.0
-80371.0
-81995.0
-89320.0
-81954.0
-72365.0
-74138.0
-91381.0
-71587.0
-85482.0
-94936.0
-65281.0
-80469.0
-81350.0
-91781.0
-92835.0
-85121.0
-60378.0
-92115.0
-92242.0
-71116.0
-103898.0
-76873.0
-70947.0
-86527.0
-85085.0
-92145.0
-85140.0
-94275.0
-98007.0
-85691.0
-85292.0
-78268.0
-87292.0
-85040.0
-72168.0
-88964.0
-88564.0
-96060.0
-94163.0
-72978.0
-76416.0
-78381.0
-74638.0
-76701.0
-80342.0
-72683.0
-77949.0
-70820.0
-76671.0
-101067.0
-82470.0
-107863.0
-66742.0
-81417.0
-81308.0
-70544.0
-65792.0
-64004.0
-79498.0
-60693.0
-73593.0
-92859.0
-93285.0
-77164.0
-76801.0
-82710.0
-69246.0
-83582.0
-65475.0
-88575.0
-67526.0
-81816.0
-80246.0
-86223.0
-73569.0
-76610.0
-93342.0
-74881.0
-87873.0
-80274.0
-85305.0
-78417.0
-82693.0
-79474.0
-86544.0
-72588.0
-82380.0
-74380.0
-66771.0
-88092.0
-82710.0
-71767.0
-81843.0
-85524.0
-68743.0
-66829.0
-63781.0
-64388.0
-82271.0
-60811.0
-94709.0
-59256.0
-71948.0
-75108.0
-64956.0
-67901.0
-83471.0
-81137.0
-78224.0
-89480.0
-69306.0
-52142.0
-68593.0
-63982.0
-82599.0
-66262.0
-72119.0
-91724.0
-65024.0
-70768.0
-71164.0
-66432.0
-70168.0
-70806.0
-63188.0
-74105.0
-62195.0
-62406.0
-69227.0
-102319.0
-75959.0
-70309.0
-87991.0
-71970.0
-63408.0
-72457.0
-70465.0
-72375.0
-54671.0
-63052.0
-67888.0
-67853.0
-93457.0
-63554.0
-66875.0
-61963.0
-69194.0
-65658.0
-63664.0
-69026.0
-71050.0
-92730.0
-68208.0
-67003.0
-64164.0
-72887.0
-81751.0
-69943.0
-74563.0
-62061.0
-61611.0
-66649.0
-71103.0
-56760.0
-68451.0
-58111.0
-79946.0
-57976.0
-84737.0
-62060.0
-55396.0
-60995.0
-82792.0
-64723.0
-68245.0
-61348.0
-63655.0
-68614.0
-60479.0
-76553.0
-71013.0
-77258.0
-89997.0
-73362.0
-72005.0
-57215.0
-60817.0
-59351.0
-52325.0
-72238.0
-64516.0
-62894.0
-70296.0
-53442.0
-63171.0
-58939.0
-58532.0
-55057.0
-71053.0
-76622.0
-64744.0
-71663.0
-92244.0
-62601.0
-74862.0
-59144.0
-60991.0
-60307.0
-66762.0
-61693.0
-68059.0
-51263.0
-58452.0
-69134.0
-54679.0
-58747.0
-68309.0
-53953.0
-68311.0
-49140.0
-68277.0
-67691.0
-51568.0
-59933.0
-64580.0
-63825.0
-59085.0
-62699.0
-93907.0
-110771.0
-78606.0
-51415.0
-60623.0
-74185.0
-71888.0
-43612.0
-47594.0
-61285.0
-57096.0
-66330.0
-54427.0
-74490.0
-61543.0
-63501.0
-63950.0
-57553.0
-59289.0
-57897.0
-92711.0
-85992.0
-66163.0
-55401.0
-57043.0
-65228.0
-53998.0
-62521.0
-59296.0
-62636.0
-68599.0
-58042.0
-50534.0
-56576.0
-65637.0
-65139.0
-74116.0
-74178.0
-54943.0
-53741.0
-46784.0
-49050.0
-52749.0
-66243.0
-61126.0
-60597.0
-55467.0
-51787.0
-57372.0
-55757.0
-40286.0
-62281.0
-66502.0
-64074.0
-60361.0
-57371.0
-61683.0
-64680.0
-50030.0
-51106.0
-64078.0
-47655.0
-56702.0
-85796.0
-54990.0
-54888.0
-67455.0
-49354.0
-46152.0
-64689.0
-57276.0
-50775.0
-53227.0
-61024.0
-49141.0
-59013.0
-48204.0
-57534.0
-46251.0
-65742.0
-64053.0
-52388.0
-57640.0
-52287.0
-785163.0
-150065.0
-112149.0
-56340.0
-60097.0
-62112.0
-53284.0
-51350.0
-77091.0
-57548.0
-51080.0
-50845.0
-76272.0
-67809.0
-53540.0
-60731.0
-49440.0
-54332.0
-57063.0
-51054.0
-81967.0
-98425.0
-112554.0
-59097.0
-85343.0
-197439.0
-143899.0
-309153.0
-49342.0
-80008.0
-53414.0
-54829.0
-86636.0
-159129.0
-64496.0
-61126.0
-135310.0
-97255.0
-124882.0
-75947.0
-63754.0
-64586.0
-48556.0
-57239.0
-56047.0
-60001.0
-53140.0
-103378.0
-38992.0
-41775.0
-63778.0
-67673.0
-69089.0
-47270.0
-41851.0
-39451.0
-54682.0
-46186.0
-61318.0
-72419.0
-60516.0
-156344.0
-51519.0
-43632.0
-39430.0
-45194.0
-50903.0
-86056.0
-48239.0
-45477.0
-72441.0
-91449.0
-62423.0
-57387.0
-347663.0
-54673.0
-61991.0
-148911.0
-73772.0
-41428.0
-56133.0
-60630.0
-60760.0
-82078.0
-42098.0
-57933.0
-59731.0
-50136.0
-71790.0
-43220.0
-46865.0
-178429.0
-46160.0
-61479.0
-49598.0
-60597.0
-47921.0
-49815.0
-46647.0
-66367.0
-41747.0
-109735.0
-57795.0
-49682.0
-35452.0
-59208.0
-52165.0
-103941.0
-314790.0
