-347484.0
-440932.0
-400448.0
-347527.0
-310524.0
-327310.0
-338902.0
-368137.0
-338752.0
-456954.0
-334054.0
-355322.0
-478699.0
-402047.0
-328475.0
-315210.0
-328402.0
-449312.0
-280149.0
-288592.0
-437582.0
-414118.0
-440437.0
-423511.0
-392479.0
-284937.0
-277224.0
-317454.0
-349050.0
-400763.0
-404905.0
-260104.0
-303354.0
-288577.0
-418521.0
-441004.0
-355769.0
-371938.0
-329267.0
-351444.0
-323782.0
-286089.0
-322929.0
-314501.0
-317985.0
-257045.0
-319984.0
-301880.0
-326174.0
-368693.0
-308975.0
-309761.0
-265909.0
-354101.0
-292242.0
-292465.0
-289404.0
-274588.0
-285743.0
-337912.0
-277960.0
-334765.0
-322697.0
-211201.0
-357091.0
-304077.0
-286600.0
-263053.0
-295495.0
-253653.0
-286447.0
-348406.0
-337366.0
-336787.0
-294629.0
-268436.0
-237472.0
-321079.0
-311831.0
-320579.0
-248099.0
-330452.0
-307769.0
-308111.0
-322886.0
-222103.0
-325700.0
-235769.0
-284502.0
-251570.0
-297317.0
-274871.0
-249037.0
-270374.0
-322703.0
-304670.0
-390919.0
-296261.0
-279029.0
-318702.0
-243481.0
-227127.0
-252335.0
-364931.0
-246382.0
-229279.0
-223171.0
-252002.0
-283613.0
-245188.0
-277124.0
-201489.0
-290356.0
-287187.0
-202695.0
-247744.0
-305952.0
-235058.0
-229705.0
-245591.0
-288212.0
-240478.0
-305926.0
-225230.0
-247322.0
-388619.0
-251644.0
-224057.0
-338897.0
-236534.0
-240009.0
-259391.0
-335230.0
-197775.0
-250527.0
-250959.0
-264643.0
-313749.0
-218930.0
-260893.0
-212234.0
-229999.0
-275536.0
-249118.0
-251981.0
-277929.0
-234400.0
-214853.0
-219476.0
-219949.0
-226503.0
-197713.0
-217870.0
-248241.0
-250659.0
-230720.0
-241098.0
-259045.0
-244160.0
-268224.0
-236853.0
-230075.0
-222229.0
-229140.0
-267673.0
-230444.0
-221346.0
-200595.0
-224447.0
-182366.0
-206688.0
-209585.0
-250267.0
-243770.0
-233551.0
-205044.0
-263531.0
-205967.0
-201321.0
-180411.0
-200618.0
-236819.0
-232252.0
-204092.0
-246692.0
-205201.0
-241249.0
-248706.0
-238270.0
-273884.0
-253337.0
-247375.0
-203949.0
-259333.0
-249004.0
-197782.0
-183170.0
-177712.0
-218223.0
-202733.0
-213962.0
-209416.0
-236878.0
-217934.0
-193787.0
-197832.0
-191887.0
-187184.0
-192852.0
-176571.0
-182317.0
-148158.0
-206280.0
-186772.0
-192255.0
-178923.0
-215710.0
-163951.0
-190258.0
-227717.0
-203799.0
-200394.0
-182628.0
-242705.0
-246717.0
-193944.0
-169802.0
-199315.0
-211221.0
-176853.0
-231173.0
-174365.0
-196301.0
-214618.0
-148729.0
-219552.0
-198902.0
-262484.0
-170005.0
-226280.0
-184056.0
-210584.0
-208162.0
-159311.0
-170856.0
-210250.0
-210810.0
-184960.0
-206628.0
-149588.0
-213914.0
-163673.0
-197002.0
-189205.0
-173000.0
-196743.0
-172630.0
-214356.0
-161643.0
-190822.0
-173803.0
-179305.0
-185868.0
-160640.0
-182611.0
-194448.0
-159294.0
-204304.0
-194680.0
-184851.0
-201989.0
-184164.0
-160336.0
-177655.0
-244098.0
-220941.0
-205319.0
-209801.0
-157125.0
-168959.0
-171275.0
-178698.0
-163590.0
-151279.0
-152426.0
-182301.0
-148213.0
-169141.0
-191511.0
-138659.0
-163339.0
-167923.0
-178336.0
-180057.0
-172345.0
-124425.0
-173627.0
-176578.0
-138101.0
-214964.0
-147400.0
-142555.0
-186614.0
-173323.0
-160737.0
-171219.0
-186238.0
-176199.0
-157370.0
-180197.0
-163093.0
-178016.0
-162905.0
-153952.0
-171584.0
-186606.0
-197041.0
-186115.0
-159491.0
-150965.0
-150698.0
-151661.0
-154058.0
-168648.0
-148356.0
-160727.0
-135388.0
-156628.0
-192774.0
-178893.0
-186766.0
-132331.0
-164896.0
-157416.0
-137197.0
-134621.0
-133834.0
-167794.0
-130332.0
-149489.0
-165648.0
-184009.0
-147382.0
-150606.0
-169730.0
-141811.0
-177024.0
-124866.0
-170097.0
-137685.0
-152226.0
-194210.0
-177391.0
-142186.0
-151234.0
-206462.0
-165280.0
-171318.0
-155003.0
-167230.0
-154784.0
-158490.0
-163526.0
-160705.0
-147216.0
-175513.0
-131585.0
-143513.0
-170033.0
-159560.0
-152546.0
-158616.0
-177127.0
-140007.0
-136611.0
-135745.0
-137993.0
-163079.0
-130076.0
-187740.0
-118145.0
-141909.0
-140699.0
-127721.0
-136094.0
-171236.0
-158189.0
-149424.0
-151149.0
-142762.0
-105925.0
-151907.0
-132897.0
-167805.0
-139110.0
-148326.0
-186929.0
-138062.0
-155134.0
-128775.0
-140234.0
-137189.0
-143566.0
-130823.0
-141489.0
-137420.0
-125375.0
-146955.0
-186022.0
-158847.0
-133807.0
-163030.0
-143929.0
-129853.0
-144781.0
-134078.0
-143866.0
-111631.0
-126473.0
-131312.0
-121382.0
-172903.0
-125816.0
-153473.0
-126335.0
-132253.0
-124300.0
-139128.0
-124623.0
-132250.0
-181367.0
-136495.0
-144655.0
-137481.0
-142704.0
-167295.0
-145505.0
-157687.0
-123772.0
-140353.0
-136802.0
-147413.0
-111106.0
-139132.0
-122727.0
-154198.0
-109310.0
-161397.0
-124270.0
-111419.0
-120778.0
-162932.0
-134769.0
-141716.0
-120979.0
-135354.0
-131396.0
-123427.0
-155413.0
-161298.0
-142455.0
-175304.0
-142032.0
-136885.0
-116931.0
-120226.0
-117971.0
-110051.0
-151201.0
-133237.0
-118073.0
-159179.0
-109218.0
-125805.0
-120048.0
-125789.0
-115654.0
-137500.0
-161331.0
-145431.0
-151647.0
-169102.0
-124669.0
-159150.0
-136257.0
-126438.0
-138695.0
-145415.0
-126693.0
-133932.0
-113083.0
-120679.0
-134624.0
-114770.0
-122869.0
-126266.0
-108844.0
-135645.0
-103792.0
-125338.0
-134975.0
-106363.0
-119745.0
-123843.0
-127755.0
-125524.0
-131731.0
-206368.0
-217903.0
-163218.0
-115451.0
-119318.0
-142276.0
-124678.0
-87388.0
-99543.0
-115736.0
-123688.0
-135689.0
-108457.0
-146673.0
-130982.0
-138056.0
-122343.0
-118118.0
-127083.0
-107168.0
-148042.0
-173676.0
-132860.0
-111910.0
-113769.0
-125581.0
-104190.0
-116760.0
-123247.0
-119847.0
-131158.0
-116964.0
-104673.0
-112406.0
-131448.0
-128133.0
-263301.0
-141640.0
-111309.0
-106332.0
-103413.0
-108425.0
-106376.0
-121338.0
-121146.0
-123900.0
-109684.0
-110574.0
-114757.0
-123566.0
-85641.0
-218176.0
-145611.0
-132205.0
-117695.0
-113038.0
-122044.0
-139487.0
-98094.0
-100258.0
-134633.0
-102025.0
-109749.0
-162149.0
-110135.0
-101288.0
-133196.0
-98640.0
-90217.0
-130149.0
-114101.0
-107084.0
-103970.0
-117914.0
-92856.0
-104742.0
-98445.0
-124064.0
-103026.0
-133948.0
-130028.0
-108194.0
-104549.0
-108386.0
-1020568.0
-452357.0
-217324.0
-107752.0
-115993.0
-118739.0
-125442.0
-106070.0
-143187.0
-118258.0
-107634.0
-103181.0
-152735.0
-134595.0
-104603.0
-118138.0
-100745.0
-108584.0
-104630.0
-104757.0
-154206.0
-183329.0
-182991.0
-136004.0
-153294.0
-320532.0
-204547.0
-434125.0
-103805.0
-150257.0
-104203.0
-127933.0
-155330.0
-250117.0
-117038.0
-114393.0
-195246.0
-188526.0
-193760.0
-125500.0
-106567.0
-119803.0
-97697.0
-100353.0
-104479.0
-111555.0
-104996.0
-172071.0
-79672.0
-89804.0
-119243.0
-120163.0
-121977.0
-94349.0
-85291.0
-78957.0
-114196.0
-93377.0
-120536.0
-141140.0
-114129.0
-265928.0
-98698.0
-82023.0
-79507.0
-98414.0
-93311.0
-155214.0
-96272.0
-87229.0
-127315.0
-150791.0
-111680.0
-103175.0
-446323.0
-99843.0
-110839.0
-226966.0
-127839.0
-83871.0
-105173.0
-126530.0
-133332.0
-134535.0
-89992.0
-103755.0
-114343.0
-107055.0
-112100.0
-82593.0
-86444.0
-310672.0
-88123.0
-112047.0
-93000.0
-147806.0
-85728.0
-103445.0
-92824.0
-120892.0
-80145.0
-313492.0
-109678.0
-88406.0
-70797.0
-114504.0
-113033.0
-177296.0
-463260.0
