8.246666666666666
8.000925925925927
8.365925925925925
7.9907407407407405
8.435555555555556
7.685
7.190185185185185
7.206666666666667
7.646296296296296
10.686111111111112
7.501296296296296
7.112962962962963
8.966296296296296
7.25537037037037
5.976851851851852
7.820925925925926
7.730925925925926
8.806851851851851
7.394629629629629
6.610185185185185
6.387962962962963
10.407407407407407
7.24962962962963
10.220740740740741
5.8059259259259255
6.912222222222222
6.882407407407407
6.959074074074074
7.947222222222222
6.836111111111111
8.35962962962963
6.34037037037037
7.408703703703703
7.271296296296296
9.802777777777777
9.452407407407408
8.089074074074073
8.639259259259259
7.828888888888889
8.247962962962964
5.9874074074074075
6.795555555555556
6.834074074074074
6.541111111111111
7.281481481481482
6.518518518518518
8.43962962962963
7.138888888888889
9.255555555555556
6.882777777777778
8.634074074074075
7.991481481481482
6.503703703703704
9.017592592592592
7.420925925925926
6.6974074074074075
6.647407407407408
7.296111111111111
5.869814814814815
6.505
5.889444444444444
7.010185185185185
8.181481481481482
5.049074074074074
5.914444444444444
7.286111111111111
6.79425925925926
5.736481481481482
7.412592592592593
5.868703703703703
6.104629629629629
9.232592592592592
7.317407407407408
8.652777777777779
6.917592592592593
7.102592592592592
5.864814814814815
6.150925925925926
6.980185185185185
7.03574074074074
6.009074074074074
6.475925925925926
8.205555555555556
5.797592592592593
6.982037037037037
5.9309259259259255
6.209074074074074
6.261296296296297
6.78537037037037
6.153518518518519
7.539074074074074
6.408888888888889
6.357592592592592
5.487222222222222
7.607777777777778
6.752222222222223
7.362037037037037
7.623888888888889
5.887037037037037
7.043148148148148
6.067592592592592
7.098333333333334
6.225
6.861296296296296
6.163333333333333
5.486296296296296
5.405
5.301481481481481
5.953333333333333
5.602037037037037
6.7374074074074075
4.939629629629629
5.397407407407408
6.064259259259259
5.556111111111111
6.028148148148148
6.613888888888889
6.843703703703704
5.269074074074074
5.83
6.877592592592593
5.4040740740740745
5.122592592592593
6.004444444444444
5.856111111111111
9.19111111111111
6.676296296296297
5.344444444444444
7.644629629629629
5.147592592592592
5.283518518518519
5.045740740740741
8.36037037037037
4.523703703703704
5.102407407407408
6.149444444444445
7.451296296296296
5.109074074074074
4.982592592592592
6.036481481481482
5.640555555555555
5.234629629629629
6.270185185185185
5.407777777777778
5.078888888888889
6.62925925925926
6.057037037037037
5.016481481481481
5.821481481481482
4.911296296296296
5.455925925925926
4.477037037037037
5.939259259259259
4.678888888888889
6.055370370370371
6.20037037037037
4.550925925925926
5.897037037037037
5.555555555555555
6.002592592592593
6.066296296296296
5.514444444444444
5.435185185185185
5.986851851851852
6.107777777777778
4.917962962962963
4.84
4.923518518518518
4.791111111111111
4.515925925925926
4.839444444444444
5.1342592592592595
5.437407407407408
6.072592592592593
5.346851851851852
5.526296296296296
6.591111111111111
5.030185185185185
5.028518518518519
4.783703703703703
4.7
5.199074074074074
4.682222222222222
5.737962962962963
5.464074074074074
4.467407407407407
5.276666666666666
4.411111111111111
6.910555555555556
4.961666666666667
4.914259259259259
4.528148148148148
5.722222222222222
5.222962962962963
4.933703703703704
4.849259259259259
4.301296296296297
4.555555555555555
5.245
4.85
5.293148148148148
5.296481481481481
5.318333333333333
5.547407407407407
4.645925925925926
5.520555555555555
3.741296296296296
4.546111111111111
4.727037037037037
4.321666666666666
4.1
3.7185185185185183
4.746111111111111
4.542777777777777
4.79462962962963
4.657037037037037
4.655555555555556
4.382592592592593
4.4329629629629625
4.719074074074074
4.743518518518519
4.53462962962963
4.637962962962963
5.065740740740741
4.7716666666666665
4.696666666666666
4.37037037037037
5.067962962962963
4.395925925925926
4.486481481481482
4.725370370370371
4.572592592592593
4.2501851851851855
4.847037037037037
3.549259259259259
4.42962962962963
4.242962962962963
4.556111111111111
4.21
4.694444444444445
4.375555555555556
4.301481481481481
5.098703703703704
4.234814814814815
3.9214814814814813
3.7779629629629627
4.07537037037037
4.104444444444445
4.288703703703704
4.228148148148148
4.907777777777778
4.0
5.204074074074074
4.232037037037037
4.411851851851852
4.595185185185185
4.328333333333333
5.025555555555556
4.298333333333333
4.3533333333333335
3.981851851851852
4.185185185185185
4.446851851851852
3.473333333333333
4.196666666666666
4.208333333333333
4.256481481481481
4.410925925925926
3.9742592592592594
4.653148148148148
5.023888888888889
3.9229629629629628
3.874814814814815
4.236851851851852
4.569814814814815
4.777592592592592
4.239074074074074
4.452037037037037
4.543333333333333
3.9244444444444446
4.269074074074074
4.426481481481481
4.101481481481481
3.8605555555555555
3.6303703703703705
3.8074074074074074
3.762037037037037
4.115185185185185
4.048148148148148
3.294074074074074
4.16537037037037
3.9403703703703705
3.7435185185185187
4.774444444444445
4.203703703703703
3.36
4.487777777777778
4.449814814814815
3.9677777777777776
4.37074074074074
3.7907407407407407
3.7785185185185184
4.342222222222222
3.5275925925925926
5.256296296296297
4.239259259259259
4.002037037037037
5.291296296296296
3.85037037037037
4.219074074074074
3.957777777777778
3.676296296296296
4.351111111111111
3.9653703703703704
4.095740740740741
3.8587037037037035
4.354074074074074
4.142777777777778
3.737222222222222
3.8866666666666667
3.965
3.846296296296296
3.4566666666666666
3.8203703703703704
3.765185185185185
3.946111111111111
3.4903703703703703
4.077407407407407
4.092037037037037
3.109259259259259
4.440925925925926
3.525185185185185
3.793888888888889
4.0311111111111115
3.7783333333333333
3.394814814814815
3.4974074074074073
3.7916666666666665
3.3918518518518517
3.7414814814814816
4.312037037037037
3.9433333333333334
4.8587037037037035
3.793888888888889
3.408888888888889
3.6955555555555555
3.5727777777777776
3.595740740740741
4.190185185185185
3.620925925925926
4.125740740740741
3.278888888888889
4.08074074074074
3.7553703703703705
3.775185185185185
3.4844444444444442
3.4725925925925925
3.6755555555555555
3.781296296296296
3.4914814814814816
3.485925925925926
3.4809259259259258
3.2762962962962963
3.9535185185185187
3.400925925925926
3.499814814814815
3.7735185185185185
3.413148148148148
4.306111111111111
3.4901851851851853
3.277222222222222
3.706111111111111
3.81037037037037
3.5768518518518517
3.54
3.380925925925926
3.1796296296296296
3.4264814814814817
3.157037037037037
3.566851851851852
3.195
3.658888888888889
3.7014814814814816
3.5494444444444446
3.754259259259259
3.2505555555555556
3.607037037037037
3.633703703703704
4.573703703703703
3.533888888888889
3.0011111111111113
3.4675925925925926
3.2183333333333333
3.3088888888888888
2.747037037037037
3.1909259259259257
3.4714814814814816
3.149074074074074
3.004074074074074
3.66537037037037
3.218703703703704
3.464074074074074
3.2198148148148147
3.165
3.7890740740740743
2.7775925925925926
3.7551851851851854
3.2868518518518517
4.324259259259259
3.2924074074074072
3.491111111111111
3.890185185185185
3.387037037037037
3.487037037037037
3.3559259259259258
3.3175925925925926
3.0298148148148147
3.022407407407407
3.3287037037037037
2.89
3.966851851851852
4.729444444444445
3.896851851851852
3.123148148148148
3.121111111111111
3.357222222222222
3.3316666666666666
2.703888888888889
4.087962962962963
3.577962962962963
3.2688888888888887
3.4264814814814817
3.347777777777778
2.640925925925926
3.5285185185185184
3.2107407407407407
3.9092592592592594
2.9355555555555557
2.9185185185185185
2.998148148148148
2.9455555555555555
3.8985185185185185
3.174074074074074
3.027037037037037
2.982962962962963
3.0635185185185185
3.281296296296296
3.3324074074074073
2.8875925925925925
3.292777777777778
3.3405555555555555
3.1303703703703705
3.2964814814814813
3.3614814814814813
2.9827777777777778
3.6635185185185186
3.5857407407407407
2.7472222222222222
3.03
2.9472222222222224
3.1535185185185184
3.4525925925925924
3.1625925925925924
3.200925925925926
2.6237037037037036
3.0662962962962963
3.115740740740741
2.89537037037037
2.6148148148148147
3.0253703703703705
3.2137037037037035
2.945925925925926
2.8155555555555556
3.0192592592592593
2.8559259259259258
2.89962962962963
2.9633333333333334
3.295185185185185
3.1296296296296298
2.8872222222222224
3.0924074074074075
4.003703703703704
3.024074074074074
2.617777777777778
2.9522222222222223
2.8981481481481484
3.2888888888888888
2.9325925925925924
2.809814814814815
3.030925925925926
2.877037037037037
2.8722222222222222
2.882222222222222
2.6235185185185186
2.4816666666666665
3.4807407407407407
2.8242592592592595
2.6953703703703704
2.7398148148148147
3.272962962962963
2.8344444444444443
2.367777777777778
2.8359259259259257
3.369074074074074
2.804074074074074
3.0277777777777777
3.3287037037037037
2.8446296296296296
5.600740740740741
3.246111111111111
2.4862962962962962
2.811111111111111
3.033703703703704
3.1296296296296298
2.822037037037037
2.540185185185185
2.955925925925926
2.5062962962962962
2.7794444444444446
2.799259259259259
3.796111111111111
2.5
2.964259259259259
2.765185185185185
2.717037037037037
2.703333333333333
2.750185185185185
5.151851851851852
3.1405555555555558
2.971296296296296
2.4935185185185187
2.6544444444444446
2.9012962962962963
3.2616666666666667
3.3874074074074074
2.77462962962963
2.9433333333333334
2.8561111111111113
2.596296296296296
2.560185185185185
3.426851851851852
3.042962962962963
2.916851851851852
2.678148148148148
2.845740740740741
2.584074074074074
3.0255555555555556
2.6633333333333336
2.7111111111111112
2.8114814814814815
2.77037037037037
2.667777777777778
2.5837037037037036
2.589259259259259
2.546851851851852
2.6883333333333335
2.531296296296296
2.6242592592592593
2.473333333333333
2.637962962962963
2.9587037037037036
3.3153703703703705
2.735
2.9766666666666666
2.875
2.6261111111111113
2.573888888888889
2.6333333333333333
2.535740740740741
2.678703703703704
2.927037037037037
2.6729629629629628
2.46
2.8074074074074074
2.6687037037037036
2.8424074074074075
2.774259259259259
2.8668518518518518
2.419074074074074
2.60037037037037
2.855
2.705185185185185
3.2888888888888888
2.631666666666667
2.6577777777777776
2.5188888888888887
2.388148148148148
2.6262962962962964
2.4346296296296295
3.3112962962962964
2.2435185185185187
48.833703703703705
2.6333333333333333
6.84
2.865740740740741
3.328333333333333
3.0564814814814816
2.403888888888889
2.825925925925926
3.934814814814815
3.2690740740740742
2.758703703703704
2.5735185185185183
3.3557407407407407
3.0153703703703703
2.928148148148148
2.7255555555555557
2.4805555555555556
2.54
3.112037037037037
2.9014814814814813
3.349814814814815
3.493888888888889
6.866481481481482
2.5675925925925926
3.7553703703703705
10.73537037037037
7.435185185185185
19.744074074074074
2.562962962962963
3.774074074074074
2.5275925925925926
2.4501851851851852
4.34037037037037
8.657037037037037
3.9455555555555555
3.2177777777777776
8.015925925925925
5.503703703703704
6.562037037037037
4.660925925925926
3.8007407407407405
3.161111111111111
2.6909259259259257
3.0435185185185185
3.01
2.8453703703703703
2.467037037037037
5.474814814814815
2.2822222222222224
2.257962962962963
3.4092592592592594
2.9146296296296295
3.365
2.456111111111111
2.390185185185185
2.29
2.2875925925925924
2.3374074074074076
2.6096296296296297
2.5985185185185187
3.0124074074074074
8.839629629629629
2.7351851851851854
2.609814814814815
2.3385185185185184
2.68
2.5594444444444444
3.6257407407407407
2.7574074074074075
2.5675925925925926
3.487962962962963
4.354074074074074
3.0057407407407406
2.7690740740740742
19.939444444444444
3.184814814814815
3.000185185185185
7.558148148148148
3.7762962962962963
2.3887037037037038
2.8787037037037035
2.9012962962962963
2.1818518518518517
4.345555555555555
2.472777777777778
3.065185185185185
2.3596296296296297
2.118333333333333
3.7907407407407407
2.2603703703703704
2.657037037037037
11.227962962962962
2.198888888888889
3.2374074074074075
2.764074074074074
2.9803703703703706
3.000185185185185
2.495925925925926
2.8264814814814816
3.192222222222222
2.3201851851851854
3.792777777777778
2.5885185185185184
2.6237037037037036
2.1598148148148146
2.3048148148148146
2.2468518518518517
5.859259259259259
19.941666666666666
