-168552.0
-255860.0
-213112.0
-170721.0
-150179.0
-179696.0
-170609.0
-180499.0
-174891.0
-216245.0
-171582.0
-185585.0
-233192.0
-252189.0
-179514.0
-162950.0
-161689.0
-212552.0
-144784.0
-140460.0
-242904.0
-190305.0
-253353.0
-211217.0
-224975.0
-145818.0
-144439.0
-163491.0
-172482.0
-210169.0
-194275.0
-137128.0
-143687.0
-150463.0
-216299.0
-224966.0
-172040.0
-184380.0
-170621.0
-177569.0
-170867.0
-144604.0
-167128.0
-154069.0
-169419.0
-132335.0
-148361.0
-152382.0
-153294.0
-197090.0
-132726.0
-153775.0
-129134.0
-170485.0
-154149.0
-142559.0
-154978.0
-140403.0
-145972.0
-182828.0
-140769.0
-163982.0
-166783.0
-107325.0
-196073.0
-147913.0
-152675.0
-137226.0
-146997.0
-138688.0
-133809.0
-160315.0
-186034.0
-168376.0
-148236.0
-130889.0
-129763.0
-169455.0
-159322.0
-173061.0
-119935.0
-164631.0
-156287.0
-162958.0
-171358.0
-107464.0
-167508.0
-112656.0
-136264.0
-130859.0
-132632.0
-134107.0
-114215.0
-139176.0
-156416.0
-149108.0
-214981.0
-146737.0
-139719.0
-156149.0
-128021.0
-106051.0
-132405.0
-192521.0
-126474.0
-126398.0
-114340.0
-125907.0
-157503.0
-120990.0
-135749.0
-104009.0
-163804.0
-154533.0
-100877.0
-128570.0
-156590.0
-114844.0
-118593.0
-128819.0
-142377.0
-125603.0
-175128.0
-115114.0
-129067.0
-180674.0
-122839.0
-120542.0
-172643.0
-117522.0
-119442.0
-132266.0
-162800.0
-103317.0
-124809.0
-123411.0
-132814.0
-163823.0
-114906.0
-119654.0
-109379.0
-112368.0
-131894.0
-130487.0
-136525.0
-129300.0
-112500.0
-110252.0
-104534.0
-120606.0
-115631.0
-113611.0
-102501.0
-145630.0
-123768.0
-107724.0
-120067.0
-126362.0
-125228.0
-137610.0
-125488.0
-119204.0
-108183.0
-108275.0
-134846.0
-121571.0
-121316.0
-102723.0
-121436.0
-96059.0
-99735.0
-104406.0
-128692.0
-119982.0
-113397.0
-99238.0
-132669.0
-101411.0
-99836.0
-91860.0
-102083.0
-118542.0
-117353.0
-104208.0
-133107.0
-104359.0
-119602.0
-128685.0
-109732.0
-144756.0
-131498.0
-136775.0
-97708.0
-133158.0
-122823.0
-102116.0
-102416.0
-89570.0
-108274.0
-102688.0
-108806.0
-102638.0
-117875.0
-108828.0
-99385.0
-91054.0
-105639.0
-93911.0
-91979.0
-91685.0
-96311.0
-79368.0
-106693.0
-99666.0
-93027.0
-89664.0
-120742.0
-81888.0
-93404.0
-126675.0
-102888.0
-106628.0
-93438.0
-124617.0
-131761.0
-98655.0
-92335.0
-102859.0
-117697.0
-88586.0
-117397.0
-89289.0
-99684.0
-109219.0
-81698.0
-116418.0
-107404.0
-149193.0
-85280.0
-113399.0
-89630.0
-110594.0
-97074.0
-78840.0
-85526.0
-112968.0
-106932.0
-99716.0
-117576.0
-77848.0
-109373.0
-83471.0
-92398.0
-102725.0
-84930.0
-99869.0
-86906.0
-107733.0
-83702.0
-95470.0
-89957.0
-92390.0
-97397.0
-83630.0
-101049.0
-91106.0
-80994.0
-101897.0
-96013.0
-92782.0
-91382.0
-94310.0
-78195.0
-86406.0
-130821.0
-103662.0
-100112.0
-117061.0
-73911.0
-88588.0
-89280.0
-89378.0
-81636.0
-78914.0
-78288.0
-90920.0
-76626.0
-83659.0
-96575.0
-73378.0
-82870.0
-86573.0
-86555.0
-87222.0
-87224.0
-64047.0
-81512.0
-84336.0
-66985.0
-111066.0
-70527.0
-71608.0
-100087.0
-88238.0
-68592.0
-86079.0
-91963.0
-78192.0
-71679.0
-94905.0
-84825.0
-90724.0
-77865.0
-81784.0
-82620.0
-98042.0
-100981.0
-91952.0
-86513.0
-74549.0
-72317.0
-77023.0
-77357.0
-88306.0
-75673.0
-82778.0
-64568.0
-79957.0
-91707.0
-96423.0
-78903.0
-65589.0
-83479.0
-76108.0
-66653.0
-68829.0
-69830.0
-88296.0
-69639.0
-75896.0
-72789.0
-90724.0
-70218.0
-73805.0
-87020.0
-72565.0
-93442.0
-59391.0
-81522.0
-70159.0
-70410.0
-113964.0
-91168.0
-68617.0
-74624.0
-113120.0
-90399.0
-83445.0
-74729.0
-81925.0
-76367.0
-75797.0
-84052.0
-74161.0
-74628.0
-93133.0
-57205.0
-76742.0
-81941.0
-76850.0
-80779.0
-76773.0
-91603.0
-71264.0
-69782.0
-71964.0
-73605.0
-80808.0
-69265.0
-93031.0
-58889.0
-69961.0
-65591.0
-62765.0
-68193.0
-87765.0
-77052.0
-71200.0
-61669.0
-73456.0
-53783.0
-83314.0
-68915.0
-85206.0
-72848.0
-76207.0
-95205.0
-73038.0
-84366.0
-57611.0
-73802.0
-67021.0
-72760.0
-67635.0
-67384.0
-75225.0
-62969.0
-77728.0
-83703.0
-82888.0
-63498.0
-75039.0
-71959.0
-66445.0
-72324.0
-63613.0
-71491.0
-56960.0
-63421.0
-63424.0
-53529.0
-79446.0
-62262.0
-86598.0
-64372.0
-63059.0
-58642.0
-75464.0
-55597.0
-61200.0
-88637.0
-68287.0
-77652.0
-73317.0
-69817.0
-85544.0
-75562.0
-83124.0
-61711.0
-78742.0
-70153.0
-76310.0
-54346.0
-70681.0
-64616.0
-74252.0
-51334.0
-76660.0
-62210.0
-56023.0
-59783.0
-80140.0
-70046.0
-73471.0
-59631.0
-71699.0
-62782.0
-62948.0
-78860.0
-90285.0
-65197.0
-85307.0
-68670.0
-64880.0
-59716.0
-59409.0
-58620.0
-57726.0
-78963.0
-68721.0
-55179.0
-88883.0
-55776.0
-62634.0
-61109.0
-67257.0
-60597.0
-66447.0
-84709.0
-80687.0
-79984.0
-76858.0
-62068.0
-84288.0
-77113.0
-65447.0
-78388.0
-78653.0
-65000.0
-65873.0
-61820.0
-62227.0
-65490.0
-60091.0
-64122.0
-57957.0
-54891.0
-67334.0
-54652.0
-57061.0
-67284.0
-54795.0
-59812.0
-59263.0
-63930.0
-66439.0
-69032.0
-112461.0
-107132.0
-84612.0
-64036.0
-58695.0
-68091.0
-52790.0
-43776.0
-51949.0
-54451.0
-66592.0
-69359.0
-54030.0
-72183.0
-69439.0
-74555.0
-58393.0
-60565.0
-67794.0
-49271.0
-55331.0
-87684.0
-66697.0
-56509.0
-56726.0
-60353.0
-50192.0
-54239.0
-63951.0
-57211.0
-62559.0
-58922.0
-54139.0
-55830.0
-65811.0
-62994.0
-189185.0
-67462.0
-56366.0
-52591.0
-56629.0
-59375.0
-53627.0
-55095.0
-60020.0
-63303.0
-54217.0
-58787.0
-57385.0
-67809.0
-45355.0
-155895.0
-79109.0
-68131.0
-57334.0
-55667.0
-60361.0
-74807.0
-48064.0
-49152.0
-70555.0
-54370.0
-53047.0
-76353.0
-55145.0
-46400.0
-65741.0
-49286.0
-44065.0
-65460.0
-56825.0
-56309.0
-50743.0
-56890.0
-43715.0
-45729.0
-50241.0
-66530.0
-56775.0
-68206.0
-65975.0
-55806.0
-46909.0
-56099.0
-235405.0
-302292.0
-105175.0
-51412.0
-55896.0
-56627.0
-72158.0
-54720.0
-66096.0
-60710.0
-56554.0
-52336.0
-76463.0
-66786.0
-51063.0
-57407.0
-51305.0
-54252.0
-47567.0
-53703.0
-72239.0
-84904.0
-70437.0
-76907.0
-67951.0
-123093.0
-60648.0
-124972.0
-54463.0
-70249.0
-50789.0
-73104.0
-68694.0
-90988.0
-52542.0
-53267.0
-59936.0
-91271.0
-68878.0
-49553.0
-42813.0
-55217.0
-49141.0
-43114.0
-48432.0
-51554.0
-51856.0
-68693.0
-40680.0
-48029.0
-55465.0
-52490.0
-52888.0
-47079.0
-43440.0
-39506.0
-59514.0
-47191.0
-59218.0
-68721.0
-53613.0
-109584.0
-47179.0
-38391.0
-40077.0
-53220.0
-42408.0
-69158.0
-48033.0
-41752.0
-54874.0
-59342.0
-49257.0
-45788.0
-98660.0
-45170.0
-48848.0
-78055.0
-54067.0
-42443.0
-49040.0
-65900.0
-72572.0
-52457.0
-47894.0
-45822.0
-54612.0
-56919.0
-40310.0
-39373.0
-39579.0
-132243.0
-41963.0
-50568.0
-43402.0
-87209.0
-37807.0
-53630.0
-46177.0
-54525.0
-38398.0
-203757.0
-51883.0
-38724.0
-35345.0
-55296.0
-60868.0
-73355.0
-148470.0
