9.325185185185186
8.132962962962964
12.186851851851852
6.614814814814815
11.256481481481481
7.566111111111111
6.847407407407408
8.787592592592592
7.318888888888889
6.492407407407407
7.665
6.350925925925926
7.465
6.059259259259259
6.449259259259259
6.82037037037037
7.223333333333334
10.939074074074075
7.953333333333333
4.992037037037037
6.791111111111111
8.419444444444444
18.345555555555556
14.342592592592593
7.033333333333333
7.617592592592593
13.463333333333333
19.758518518518517
6.401851851851852
9.12
7.953703703703703
9.504074074074074
17.99111111111111
7.582222222222223
6.96037037037037
6.602777777777778
26.357592592592592
8.794444444444444
9.76388888888889
33.107962962962965
8.693148148148149
17.08425925925926
8.386111111111111
5.853703703703704
24.294074074074075
6.088888888888889
9.327962962962962
10.045
39.75092592592593
20.489814814814814
9.974074074074075
10.93388888888889
31.035
12.623518518518518
11.075185185185186
11.242962962962963
6.772407407407408
13.526666666666667
35.651296296296294
24.67685185185185
51.28333333333333
13.966666666666667
10.18962962962963
24.35648148148148
36.565185185185186
13.498888888888889
8.90074074074074
47.94222222222222
39.830925925925925
29.68777777777778
99.8488888888889
76.03222222222222
62.01870370370371
58.93018518518519
129.49555555555557
53.37796296296296
17.236296296296295
76.38666666666667
126.9887037037037
169.14851851851853
106.47222222222223
16.427407407407408
80.835
50.053518518518516
52.13962962962963
157.51685185185184
98.07685185185186
47.62777777777778
149.46037037037038
127.01518518518519
166.38333333333333
165.44981481481483
259.3072222222222
105.03981481481482
303.1914814814815
251.75703703703704
303.1525925925926
519.0466666666666
657.4542592592593
617.3198148148148
