-34372.0
-30526.0
-48046.0
-23432.0
-45647.0
-28212.0
-23460.0
-32803.0
-26844.0
-22200.0
-28805.0
-21747.0
-27851.0
-22269.0
-22434.0
-24445.0
-25966.0
-44442.0
-29774.0
-16449.0
-24652.0
-31702.0
-75639.0
-60115.0
-26079.0
-29067.0
-54280.0
-83224.0
-24155.0
-36307.0
-30634.0
-37801.0
-77699.0
-28533.0
-25767.0
-22800.0
-113927.0
-34410.0
-40756.0
-142132.0
-33598.0
-72978.0
-31620.0
-20736.0
-107764.0
-21195.0
-37885.0
-40870.0
-178812.0
-91317.0
-40274.0
-44585.0
-137685.0
-53983.0
-38292.0
-46079.0
-22636.0
-55020.0
-164538.0
-107677.0
-236492.0
-57260.0
-41615.0
-109046.0
-171287.0
-54348.0
-34111.0
-225390.0
-182623.0
-131982.0
-484230.0
-358564.0
-297052.0
-283187.0
-631729.0
-243887.0
-72398.0
-364395.0
-587207.0
-836719.0
-444080.0
-65887.0
-360234.0
-223093.0
-223327.0
-743351.0
-431810.0
-218332.0
-706946.0
-599018.0
-807164.0
-795275.0
-1318789.0
-500692.0
-1564325.0
-1311129.0
-1538057.0
-2693955.0
-3465051.0
-3327217.0
