50356
43918
65809
35720
60785
40857
36976
47453
39522
35059
41391
34295
40311
32720
34826
36830
39006
59071
42948
26957
36672
45465
99066
77450
37980
41135
72702
106696
34570
49248
42950
51322
97152
40944
37586
35655
142331
47490
52725
178783
46943
92255
45285
31610
131188
32880
50371
54243
214655
110645
53860
59043
167589
68167
59806
60712
36571
73044
192517
133255
276930
75420
55024
131525
197452
72894
48064
258888
215087
160314
539184
410574
334901
318223
699276
288241
93076
412488
685739
913402
574950
88708
436509
270289
281554
850591
529615
257190
807086
685882
898470
893429
1400259
567215
1637234
1359488
1637024
2802852
3550253
3333527
