8.402777777777779
7.223888888888889
10.262962962962963
6.568888888888889
7.448518518518519
6.557592592592592
6.819444444444445
6.521481481481482
7.767407407407408
7.578333333333333
6.073888888888889
6.21425925925926
7.079259259259259
10.738888888888889
7.553888888888889
7.7811111111111115
6.0670370370370375
6.328703703703703
4.939629629629629
6.836111111111111
6.4383333333333335
5.126296296296296
6.411111111111111
5.965185185185185
7.542592592592593
6.087777777777778
5.714814814814815
6.100925925925926
8.291666666666666
6.819814814814815
5.640185185185185
5.13462962962963
5.652777777777778
9.742592592592592
5.517037037037037
5.8133333333333335
5.899444444444445
5.295
5.104074074074074
6.551296296296297
5.411666666666667
3.9824074074074076
4.661666666666667
4.79962962962963
3.9483333333333333
5.3462962962962965
5.647222222222222
5.3768518518518515
5.316296296296296
5.470185185185185
5.286851851851852
5.618333333333333
4.847962962962963
4.782962962962963
4.987222222222222
4.231111111111111
4.564259259259259
5.389814814814815
5.854814814814815
4.415555555555556
4.247037037037037
3.9146296296296295
4.085925925925926
5.04962962962963
4.371111111111111
4.774444444444445
4.753148148148148
5.1066666666666665
3.765185185185185
4.279629629629629
5.4222222222222225
3.907037037037037
4.032592592592593
4.064074074074074
4.5183333333333335
3.8161111111111112
4.069629629629629
4.217962962962963
3.9851851851851854
4.206296296296296
5.287222222222222
3.7888888888888888
3.8925925925925924
4.310185185185185
4.084074074074074
3.6724074074074076
3.771851851851852
4.27
4.705
3.6416666666666666
4.661851851851852
3.964074074074074
3.5522222222222224
3.9675925925925926
4.188518518518518
4.032592592592593
3.5103703703703704
4.0092592592592595
3.7762962962962963
3.0994444444444444
14.317777777777778
5.894814814814815
4.115925925925926
5.057407407407408
24.73648148148148
3.5755555555555554
3.8738888888888887
3.1772222222222224
3.5044444444444443
4.864814814814815
3.2111111111111112
3.4846296296296297
2.743148148148148
3.178148148148148
3.724074074074074
5.53037037037037
3.4231481481481483
3.115740740740741
3.0544444444444445
3.120185185185185
3.5064814814814813
3.4203703703703705
3.5277777777777777
3.617037037037037
2.890185185185185
3.2912962962962964
3.462037037037037
3.5585185185185186
3.225185185185185
3.287037037037037
5.9746296296296295
4.5398148148148145
3.8668518518518518
5.441111111111111
3.331851851851852
3.9625925925925927
3.040185185185185
2.816666666666667
2.7666666666666666
2.8094444444444444
3.1524074074074075
5.672592592592593
3.9874074074074075
3.2364814814814813
3.457037037037037
3.5146296296296295
2.3694444444444445
2.705
2.443888888888889
2.6894444444444443
2.6892592592592592
3.325925925925926
2.7087037037037036
2.5185185185185186
124.88203703703704
5.898148148148148
4.87925925925926
3.0231481481481484
5.761111111111111
80.68944444444445
9.468148148148147
4.42
3.1857407407407408
7.191111111111111
4.359074074074074
15.178888888888888
7.995185185185186
3.8937037037037037
8.227037037037038
7.628333333333333
6.762037037037037
3.5527777777777776
3.011296296296296
5.254814814814814
2.3914814814814815
3.160740740740741
2.615740740740741
2.997777777777778
3.047222222222222
3.65
3.7025925925925924
14.32
57.34962962962963
5.372592592592593
22.306296296296296
4.800740740740741
3.2794444444444446
7.658518518518519
3.1887037037037036
3.9314814814814816
12.01074074074074
4.419074074074074
3.1237037037037036
7.654814814814815
8.992407407407407
14.083703703703703
560.8483333333334
10.913333333333334
22.283148148148147
7.386666666666667
