-31512.0
-25717.0
-40024.0
-23141.0
-27463.0
-23387.0
-24811.0
-22509.0
-28950.0
-28253.0
-21461.0
-21969.0
-25718.0
-42247.0
-26387.0
-28947.0
-21492.0
-22313.0
-15830.0
-24082.0
-22628.0
-16846.0
-20480.0
-20439.0
-26981.0
-20976.0
-19961.0
-20332.0
-31030.0
-24503.0
-19741.0
-16422.0
-19167.0
-38937.0
-18737.0
-17716.0
-19500.0
-17462.0
-16726.0
-21300.0
-17523.0
-11801.0
-15052.0
-15704.0
-11959.0
-17365.0
-18026.0
-17712.0
-18478.0
-18091.0
-17354.0
-19237.0
-15733.0
-14717.0
-13538.0
-13171.0
-12733.0
-17626.0
-20120.0
-13156.0
-10910.0
-11595.0
-12452.0
-16472.0
-12751.0
-14717.0
-14219.0
-17731.0
-10959.0
-12335.0
-17761.0
-12824.0
-12924.0
-12129.0
-14566.0
-11642.0
-11606.0
-13062.0
-11958.0
-12948.0
-16426.0
-11339.0
-11185.0
-13478.0
-12100.0
-9100.0
-9911.0
-12455.0
-14965.0
-10504.0
-14532.0
-10733.0
-9514.0
-11659.0
-12870.0
-12370.0
-9327.0
-11331.0
-9243.0
-8062.0
-59225.0
-17776.0
-12537.0
-15873.0
-113845.0
-8963.0
-11536.0
-7773.0
-8850.0
-14919.0
-8426.0
-9349.0
-6362.0
-9113.0
-9274.0
-20305.0
-9996.0
-8040.0
-8234.0
-8255.0
-9968.0
-10101.0
-10312.0
-10550.0
-6605.0
-8613.0
-10038.0
-10238.0
-7233.0
-8300.0
-21347.0
-13945.0
-11707.0
-18250.0
-9082.0
-11867.0
-7671.0
-6657.0
-6414.0
-6809.0
-7069.0
-20260.0
-12247.0
-8395.0
-9521.0
-10485.0
-5031.0
-6174.0
-5403.0
-5966.0
-5920.0
-9435.0
-6827.0
-5732.0
-614234.0
-23200.0
-17956.0
-8012.0
-21104.0
-390140.0
-36426.0
-15698.0
-8069.0
-25453.0
-13967.0
-63201.0
-30888.0
-10880.0
-32007.0
-27124.0
-23425.0
-9946.0
-8221.0
-17783.0
-5340.0
-8497.0
-5590.0
-6314.0
-7364.0
-10702.0
-10019.0
-54954.0
-263739.0
-18067.0
-101555.0
-15181.0
-9339.0
-28469.0
-8514.0
-12682.0
-48730.0
-13526.0
-8143.0
-29119.0
-36599.0
-62061.0
-2965040.0
-42563.0
-98283.0
-27207.0
