45375
39009
55420
35472
40222
35411
36825
35216
41944
40923
32799
33557
38228
57990
40791
42018
32762
34175
26674
36915
34767
27682
34620
32212
40730
32874
30860
32945
44775
36827
30457
27727
30525
52610
29792
31392
31857
28593
27562
35377
29223
21505
25173
25918
21321
28870
30495
29035
28708
29539
28549
30339
26179
25828
26931
22848
24647
29105
31616
23844
22934
21139
22064
27268
23604
25782
25667
27576
20332
23110
29280
21098
21776
21946
24399
20607
21976
22777
21520
22714
28551
20460
21020
23275
22054
19831
20368
23058
25407
19665
25174
21406
19182
21425
22618
21776
18956
21650
20392
16737
77316
31832
22226
27310
133577
19308
20919
17157
18924
26270
17340
18817
14813
17162
20110
29864
18485
16825
16494
16849
18935
18470
19050
19532
15607
17773
18695
19216
17416
17750
32263
24515
20881
29382
17992
21398
16417
15210
14940
15171
17023
30632
21532
17477
18668
18979
12795
14607
13197
14523
14522
17960
14627
13600
674363
31850
26348
16325
31110
435723
51128
23868
17203
38832
23539
81966
43174
21026
44426
41193
36515
19185
16261
28376
12914
17068
14125
16188
16455
19710
19994
77328
309688
29012
120454
25924
17709
41356
17219
21230
64858
23863
16868
41336
48559
76052
3028581
58932
120329
39888
