-16004274.0
-29275874.0
-17671673.0
-15711413.0
-18624922.0
-15714563.0
-19621328.0
-21775259.0
-18071535.0
-15980792.0
-13329397.0
-15909102.0
-20131342.0
-15670731.0
-17891637.0
-16399972.0
-14799856.0
-15534357.0
-13746217.0
-13790089.0
-13766317.0
-16766403.0
-18503327.0
-24916843.0
-16096269.0
-12337432.0
-34669846.0
-14981115.0
-15756222.0
-26984772.0
-14541325.0
-19695501.0
-19393999.0
-36659111.0
-27177748.0
-14128855.0
-13758384.0
-19984400.0
-17050430.0
-16517708.0
-13107401.0
-18957317.0
-13322912.0
-19005370.0
-14283048.0
-16673677.0
-15959392.0
-18993820.0
-13676190.0
-19067099.0
-23372594.0
-27084852.0
-18798240.0
-16884447.0
-30344325.0
-34688000.0
-40640587.0
-25519487.0
-21122083.0
-18654058.0
-56527510.0
-40710688.0
-36800967.0
-57000552.0
-76096713.0
-42366496.0
-76682221.0
-48824481.0
-55654444.0
-33609932.0
-13945843.0
-26141629.0
-26822159.0
-36440583.0
-62936702.0
-68541959.0
-27873549.0
-32118144.0
-28197163.0
-48575567.0
-62534477.0
-53814648.0
-47707032.0
-41102482.0
-52111741.0
-95683476.0
-142188422.0
-70521080.0
-83348796.0
-61523084.0
-89395814.0
-62490634.0
-81699076.0
-81041122.0
-42578058.0
-150718829.0
-110288693.0
-143047505.0
-174099222.0
-84181491.0
