244690
509903
288195
240506
319391
245124
294737
339047
273784
238126
186589
240379
318332
246098
284560
241486
227135
226427
216426
202540
189724
260797
263928
436297
232610
180145
621512
220988
243803
518127
262524
277125
330369
643535
439326
197196
198135
286502
264581
233801
195953
282187
205539
287655
229848
255988
235833
313937
215115
304564
374526
469453
311781
249999
487010
620517
663154
426758
329677
272831
1143376
855185
636103
1235182
1583532
813868
1549589
1003703
1090154
516313
196390
443874
450334
731367
1366354
1428172
424136
626298
494313
843510
1247074
1121066
963365
765319
1094200
2077986
2895771
1602507
1867685
1343671
2080887
1225545
1871066
1638690
869502
3573044
2635744
3395265
3943514
2020712
