45.31296296296296
94.42648148148149
53.36944444444445
44.538148148148146
59.14648148148148
45.39333333333333
54.580925925925925
62.78648148148148
50.70074074074074
44.09740740740741
34.553518518518516
44.51462962962963
58.95037037037037
45.57370370370371
52.696296296296296
44.71962962962963
42.06203703703704
41.930925925925926
40.07888888888889
37.507407407407406
35.13407407407407
48.29574074074074
48.87555555555556
80.79574074074074
43.07592592592592
33.36018518518519
115.09481481481481
40.9237037037037
45.1487037037037
95.94944444444444
48.61555555555555
51.31944444444444
61.17944444444444
119.17314814814814
81.35666666666667
36.51777777777778
36.69166666666667
53.055925925925926
48.99648148148148
43.29648148148148
36.287592592592596
52.25685185185185
38.062777777777775
53.269444444444446
42.56444444444445
47.40518518518518
43.672777777777775
58.13648148148148
39.83611111111111
56.400740740740744
69.35666666666667
86.93574074074074
57.73722222222222
46.29611111111111
90.18703703703704
114.91055555555556
122.8062962962963
79.02925925925926
61.05129629629629
50.52425925925926
211.7362962962963
158.3675925925926
117.79685185185186
228.7374074074074
293.24666666666667
150.7162962962963
286.96092592592595
185.87092592592592
201.88037037037037
95.61351851851852
36.36851851851852
82.19888888888889
83.39518518518518
135.43833333333333
253.02851851851852
264.4762962962963
78.5437037037037
115.9811111111111
91.53944444444444
156.20555555555555
230.93962962962962
207.6048148148148
178.40092592592592
141.72574074074075
202.62962962962962
384.8122222222222
536.2538888888889
296.7605555555556
345.8675925925926
248.82796296296297
385.34944444444443
226.95277777777778
346.4937037037037
303.4611111111111
161.01888888888888
661.6748148148148
488.1007407407407
628.7527777777777
730.2803703703704
374.20592592592595
