24882
24457
28992
39594
30984
31642
23397
23390
25574
42238
27203
23352
30280
22877
28058
22663
22516
27580
23693
27343
28712
24980
23425
22928
23941
18566
23610
27192
20806
22131
29849
26774
25156
22352
25735
32400
24979
19677
19796
22439
25027
19821
19608
24064
23648
20842
22672
21179
25220
19920
19477
25983
21651
21211
20792
20541
19492
25631
23912
21411
25379
22177
20522
19167
21259
20832
21610
21239
23445
19844
24180
18883
19942
23034
30539
17885
20691
16594
19976
25509
22559
22582
23039
21547
18728
22456
16635
23883
16045
21981
19127
19680
19779
18474
22883
18268
19229
20108
17672
17751
17868
20867
18858
19969
17395
18469
21675
18393
17329
21921
23277
19756
20504
23224
18368
22127
19115
16670
15135
14373
19581
20102
21048
17403
18702
18764
19237
16997
19240
16128
23490
19617
19120
15242
15469
17200
19479
20193
15385
15680
17755
19787
17683
20442
18625
14702
19589
15310
14742
18756
19629
19611
16991
17764
18209
20661
20939
15729
16330
17983
15983
15732
16502
15606
15330
15999
16074
15390
16699
17863
16701
16488
15258
13563
16955
14936
19000
16438
16586
15486
13538
14751
14962
15995
16045
19138
16151
15797
15443
14266
13982
17721
15269
14879
15097
16417
17308
17409
15917
14070
15351
15007
16845
16095
14101
18018
14338
16259
15461
15595
13908
12746
13190
14162
16033
13905
13938
15460
12372
13964
13736
14041
15008
14375
11353
15581
12238
15267
16275
14990
13586
12652
17696
12526
12517
13590
14148
11532
12786
14856
12015
13642
12560
13034
12902
14821
13059
14599
11364
12212
12998
14105
12654
13433
12906
12647
11668
11485
14305
11927
12298
14098
11727
12776
11471
14332
13504
11701
11084
15356
12805
12273
11891
12671
14972
15286
12158
13014
12662
12319
11815
10107
13857
12547
11305
11262
11626
11236
11545
12915
11215
12813
11596
12855
11719
10963
13308
13823
10847
11959
11621
11222
11633
12434
10944
11044
11849
10446
10250
12241
11340
11233
11364
11441
12971
13441
11301
10819
12630
11333
11952
10935
12482
12747
14588
12107
11876
11446
11712
11447
10922
9615
10099
12849
11280
12129
10778
10759
11641
11224
9722
9816
10350
10741
11575
10364
13516
10668
11883
9737
11589
11289
11748
10047
11205
10011
9871
10611
10095
11281
11968
9323
10202
10680
10697
10142
10024
9912
10218
10801
10333
10245
11530
10502
10175
10125
10549
9422
11005
10014
10328
10234
10314
10465
10467
10342
8040
8871
9241
9042
9462
8753
9019
10622
9518
9834
9373
9120
9048
8538
8252
9223
9222
10345
8524
10770
9780
7401
8972
9375
10599
9798
9400
9645
8688
9988
10014
11001
10403
7872
9690
10760
8758
9658
7914
9167
9039
9250
8904
8640
9242
7886
15586
10537
9546
9763
9292
9181
7959
10524
9535
9054
9890
10518
8506
8486
9224
8951
8988
7981
9800
9440
8913
9271
8810
8761
9255
8325
8497
8534
8727
8987
8380
10125
7981
7559
7623
7404
8715
8557
7372
7588
8969
8392
7928
8484
8377
8519
9096
8611
8196
8776
8066
9056
9088
7622
6633
7401
7404
8000
6857
8574
7554
8252
8563
9684
8420
7019
6684
7540
7887
9097
7589
7279
7063
8002
8059
8223
6947
7094
7955
7960
7524
7590
6873
6445
10386
7682
8837
7837
7593
7366
6524
8012
7712
7184
6939
8220
6853
7070
6842
7858
6702
7413
7449
8375
6918
6742
6383
7251
6594
5963
8218
7751
7496
7475
7870
6289
7466
8863
7920
8385
7523
9259
6613
7332
8707
7570
8449
7230
7360
6597
7586
7413
7724
8381
7752
6907
6386
6658
8358
6729
6986
7930
7488
7793
6984
7990
7187
6886
7438
5711
7037
6759
7352
5701
6670
6540
7629
6176
6564
6703
7353
6401
8041
6234
5677
6897
6681
7156
