4.21037037037037
4.109444444444445
5.236111111111111
4.952592592592593
4.04074074074074
4.375925925925926
4.78574074074074
6.557407407407408
4.158333333333333
5.471111111111111
4.5868518518518515
4.887222222222222
5.5435185185185185
3.9653703703703704
4.529629629629629
4.652222222222222
5.225185185185185
3.2688888888888887
4.779259259259259
4.592592592592593
4.6557407407407405
4.642222222222222
3.4985185185185186
4.692962962962963
4.707592592592593
4.912962962962963
5.063148148148148
3.8035185185185183
4.680370370370371
6.659814814814815
4.249444444444444
3.9205555555555556
4.41462962962963
4.246296296296296
3.674074074074074
4.95462962962963
5.685925925925926
4.742222222222222
4.542592592592593
3.7292592592592593
5.510925925925926
3.202777777777778
4.1557407407407405
3.482222222222222
3.471111111111111
3.7196296296296296
3.243333333333333
4.548703703703704
4.06
3.5903703703703704
3.8375925925925927
3.8937037037037037
4.95
3.8175925925925926
4.387777777777778
4.463518518518518
3.632037037037037
4.872592592592593
3.802037037037037
3.3805555555555555
5.030185185185185
3.8801851851851854
3.7024074074074074
3.5637037037037036
3.594259259259259
4.538333333333333
3.5964814814814816
3.58037037037037
3.7624074074074074
3.8446296296296296
3.900185185185185
4.581296296296296
3.541851851851852
3.622592592592593
4.292222222222223
3.3353703703703705
3.4537037037037037
3.75
3.752407407407407
3.343148148148148
3.707777777777778
3.4427777777777777
4.195
3.566851851851852
4.160925925925926
3.7744444444444443
3.4724074074074074
4.701481481481482
3.8633333333333333
3.361851851851852
3.4722222222222223
3.145925925925926
3.305740740740741
4.449074074074074
3.3524074074074073
3.849074074074074
3.7712962962962964
3.8153703703703705
3.015
4.069259259259259
3.3203703703703704
3.5855555555555556
2.986851851851852
3.285740740740741
3.177962962962963
3.3955555555555557
3.5612962962962964
3.540185185185185
3.2887037037037037
3.2781481481481483
3.0905555555555555
3.5933333333333333
3.7375925925925926
3.400925925925926
3.2131481481481483
3.3787037037037035
4.4222222222222225
3.247037037037037
4.1537037037037035
3.4657407407407406
2.859259259259259
3.7462962962962965
2.9383333333333335
3.4674074074074075
3.602777777777778
3.6331481481481482
3.520185185185185
3.01
3.085
2.85037037037037
2.9803703703703706
3.907962962962963
2.9275925925925925
3.4566666666666666
3.22537037037037
3.875185185185185
2.910740740740741
3.3814814814814813
3.462222222222222
3.657037037037037
2.796851851851852
2.932777777777778
3.1605555555555553
3.1864814814814815
3.697037037037037
2.8783333333333334
2.6953703703703704
3.2509259259259258
3.2581481481481482
3.493148148148148
3.070925925925926
2.9394444444444443
3.6596296296296296
3.830185185185185
2.647037037037037
3.563148148148148
2.785740740740741
3.1094444444444442
2.616111111111111
4.673148148148148
2.9768518518518516
2.962222222222222
2.8559259259259258
2.8042592592592595
3.421666666666667
2.9337037037037037
2.9296296296296296
3.3285185185185187
3.1592592592592594
2.9664814814814813
2.8703703703703702
2.9768518518518516
2.7711111111111113
2.706851851851852
3.1096296296296297
3.2133333333333334
2.8625925925925926
2.890740740740741
3.09
2.7896296296296295
2.7377777777777776
3.3966666666666665
2.9266666666666667
3.0907407407407406
2.7242592592592594
2.6424074074074073
3.1622222222222223
2.6924074074074076
3.063148148148148
2.5346296296296296
2.669259259259259
2.631851851851852
2.7264814814814815
2.693888888888889
2.7155555555555555
2.792777777777778
2.511296296296296
2.8625925925925926
2.497777777777778
2.7309259259259258
2.560925925925926
2.341111111111111
2.7274074074074073
2.3922222222222222
2.868148148148148
2.6168518518518518
2.7294444444444443
2.548888888888889
2.9944444444444445
2.6455555555555557
2.675
2.2264814814814815
2.5625925925925928
2.5751851851851852
2.412962962962963
2.704074074074074
2.576111111111111
2.873148148148148
3.044814814814815
2.4085185185185187
2.5392592592592593
2.549259259259259
2.383888888888889
2.737222222222222
2.9720370370370373
2.4935185185185187
2.169259259259259
2.477592592592593
2.466111111111111
2.2225925925925925
2.137962962962963
2.8264814814814816
2.524259259259259
2.723888888888889
2.1257407407407407
2.419259259259259
2.1255555555555556
2.8383333333333334
2.531111111111111
2.5064814814814813
2.5964814814814816
2.4525925925925924
2.430740740740741
2.7511111111111113
2.1507407407407406
2.5614814814814815
2.368333333333333
2.2868518518518517
2.926851851851852
2.8562962962962963
2.1803703703703703
2.3674074074074074
2.4194444444444443
2.4755555555555557
2.135
2.2468518518518517
2.322962962962963
2.4207407407407406
2.314814814814815
2.213888888888889
2.667962962962963
2.32
2.801111111111111
2.314074074074074
2.2175925925925926
2.1174074074074074
2.32
2.5785185185185187
2.6257407407407407
2.280925925925926
2.115925925925926
2.4157407407407407
2.149259259259259
2.1455555555555557
2.1616666666666666
2.344074074074074
2.5005555555555556
2.1927777777777777
2.2825925925925925
2.013888888888889
2.225
2.1055555555555556
2.025
2.0542592592592595
2.2511111111111113
2.435925925925926
2.046666666666667
2.0659259259259257
2.5566666666666666
2.0424074074074072
2.027037037037037
2.1266666666666665
2.276851851851852
2.3366666666666664
2.0225925925925927
2.1394444444444445
2.453888888888889
2.3248148148148147
2.098888888888889
1.806851851851852
2.3668518518518518
1.8616666666666666
2.113888888888889
1.8131481481481482
2.143148148148148
2.1057407407407407
2.2637037037037038
2.1666666666666665
2.2153703703703704
1.9296296296296296
2.2805555555555554
1.8377777777777777
2.147222222222222
2.026851851851852
1.9916666666666667
2.133888888888889
2.170185185185185
2.1385185185185187
2.409074074074074
2.108888888888889
2.1764814814814817
2.005925925925926
2.042037037037037
1.8718518518518519
1.9833333333333334
2.3744444444444444
1.9666666666666666
2.229074074074074
2.1038888888888887
2.2135185185185184
2.085
1.9425925925925926
1.8364814814814814
1.977037037037037
2.062777777777778
1.7685185185185186
1.8294444444444444
1.858148148148148
2.0714814814814817
2.0011111111111113
2.3248148148148147
1.757037037037037
2.1746296296296297
2.0237037037037036
1.798888888888889
1.8685185185185185
2.008703703703704
2.038148148148148
1.9862962962962962
2.0592592592592593
1.9794444444444443
2.115925925925926
2.075925925925926
1.973148148148148
1.8292592592592594
1.8905555555555555
1.8425925925925926
1.7781481481481483
2.0896296296296297
1.8864814814814814
1.8616666666666666
1.8727777777777779
1.973148148148148
1.8946296296296297
1.76
1.885185185185185
2.0437037037037036
1.7075925925925926
1.9659259259259259
2.201296296296296
1.7218518518518517
1.665185185185185
2.1135185185185184
2.19
1.5985185185185184
2.651111111111111
1.7542592592592592
1.9466666666666668
2.285185185185185
1.7344444444444445
1.8609259259259259
1.8162962962962963
1.7957407407407406
1.691111111111111
1.8625925925925926
1.81
1.7187037037037036
1.5827777777777778
2.31462962962963
2.0574074074074074
1.921851851851852
1.8335185185185185
1.6237037037037036
1.666111111111111
1.9364814814814815
1.5537037037037038
2.089074074074074
2.134074074074074
2.0575925925925924
1.9224074074074073
1.8396296296296297
2.2714814814814814
1.667037037037037
1.646111111111111
2.0657407407407407
1.643888888888889
2.3375925925925927
1.9381481481481482
1.6855555555555555
1.4387037037037036
1.8077777777777777
1.9905555555555556
1.7651851851851852
1.7483333333333333
1.7816666666666667
1.737037037037037
1.6287037037037038
1.5633333333333332
1.6322222222222222
1.940925925925926
1.502962962962963
1.6285185185185185
1.7644444444444445
1.6692592592592592
1.6681481481481482
1.4166666666666667
1.5087037037037037
1.4155555555555555
1.5594444444444444
1.6322222222222222
1.5494444444444444
1.7385185185185186
1.8366666666666667
1.3833333333333333
1.866111111111111
1.8598148148148148
1.386111111111111
1.3401851851851851
1.8362962962962963
1.7325925925925927
1.612962962962963
1.739074074074074
1.519074074074074
1.7196296296296296
1.845
1.4416666666666667
1.6966666666666668
1.6035185185185186
1.7472222222222222
1.4448148148148148
1.5264814814814816
1.6342592592592593
1.6107407407407408
1.5542592592592592
1.5827777777777778
1.5705555555555555
1.4427777777777777
1.5161111111111112
1.4759259259259259
1.4594444444444445
1.2962962962962963
1.7337037037037037
1.602037037037037
1.4211111111111112
1.7124074074074074
1.4574074074074075
1.6985185185185185
1.9353703703703704
1.5572222222222223
1.4081481481481481
1.4981481481481482
1.4696296296296296
1.4107407407407409
1.4594444444444445
1.714074074074074
1.2012962962962963
1.8025925925925925
1.4179629629629629
1.4422222222222223
1.3485185185185184
1.4707407407407407
1.4737037037037037
1.5233333333333334
1.2135185185185184
1.207962962962963
1.6981481481481482
1.613888888888889
1.855925925925926
1.7418518518518518
1.4168518518518518
1.5472222222222223
1.4812962962962963
1.566851851851852
1.6094444444444445
1.2937037037037038
1.3172222222222223
1.5927777777777778
1.2675925925925926
1.636111111111111
1.7433333333333334
1.3824074074074073
1.267962962962963
1.593888888888889
1.5574074074074074
1.5875925925925927
1.5253703703703703
1.4403703703703703
1.3907407407407408
1.3025925925925925
1.507962962962963
1.2937037037037038
1.4657407407407408
1.7205555555555556
1.407037037037037
1.4085185185185185
1.6512962962962963
1.3866666666666667
1.516851851851852
1.430925925925926
1.3111111111111111
1.3387037037037037
1.3575925925925927
1.2053703703703704
1.3614814814814815
1.364074074074074
1.497962962962963
1.3120370370370371
1.3005555555555555
1.237037037037037
1.4203703703703703
1.4527777777777777
1.3151851851851852
1.296851851851852
1.5816666666666668
1.6298148148148148
1.2762962962962963
1.5262962962962963
1.539074074074074
1.2253703703703704
1.2848148148148149
1.3733333333333333
1.1977777777777778
1.3472222222222223
1.478888888888889
1.2914814814814815
1.6212962962962962
1.231111111111111
1.3562962962962963
1.3301851851851851
1.4787037037037036
1.3888888888888888
1.2296296296296296
1.2553703703703705
1.3305555555555555
1.28
1.1753703703703704
1.4198148148148149
1.2335185185185185
1.390925925925926
1.0687037037037037
1.1216666666666666
1.4922222222222221
1.2829629629629629
1.4642592592592591
1.181111111111111
1.2642592592592592
1.1687037037037038
1.3903703703703705
1.2851851851851852
1.2435185185185185
1.21
1.2751851851851852
1.1592592592592592
1.0657407407407407
1.2216666666666667
1.461111111111111
1.1283333333333334
1.2572222222222222
1.6242592592592593
1.1724074074074073
1.3824074074074073
1.2501851851851853
1.3112962962962964
1.3035185185185185
1.3901851851851852
1.430925925925926
1.181851851851852
1.2561111111111112
1.2862962962962963
1.1735185185185186
1.1735185185185186
1.2053703703703704
1.4624074074074074
1.3198148148148148
7.9309259259259255
1.1507407407407408
1.5112962962962964
1.2416666666666667
1.1053703703703703
1.0507407407407408
