-98789.0
-78706.5
-106705.0
-139021.75
-100152.5
-102435.0
-80501.0
-94685.75
-90513.75
-179945.75
-93912.25
-98283.0
-133307.5
-96011.5
-101871.25
-88335.0
-94532.0
-115140.0
-88256.5
-145888.5
-124398.5
-96792.5
-83911.25
-82538.75
-98766.75
-76294.75
-88289.0
-98575.0
-83061.5
-105647.75
-126721.0
-99543.0
-104386.5
-88519.0
-91347.75
-113144.0
-106366.25
-75710.75
-79554.5
-91912.75
-96584.25
-82270.5
-80167.75
-82847.0
-98654.75
-75268.75
-73533.75
-64851.0
-79920.5
-68065.0
-75739.75
-90887.75
-91343.25
-68459.5
-74912.25
-84773.5
-69850.5
-106431.5
-83570.75
-73470.25
-102853.75
-70521.0
-72628.75
-68400.0
-73393.25
-79074.0
-86509.25
-65465.5
-84690.75
-79936.5
-92313.75
-79040.5
-64924.25
-92850.25
-103973.25
-56623.75
-72994.5
-79906.5
-75365.25
-88950.75
-94859.5
-98106.25
-95143.5
-75367.0
-78697.0
-81635.5
-68040.75
-80372.25
-66700.5
-72713.0
-69868.25
-59042.5
-72602.25
-80261.75
-79798.5
-61400.75
-78579.0
-90735.25
-65571.5
-59210.25
-72177.75
-72597.25
-61443.5
-71574.75
-63492.0
-59532.75
-75369.75
-65923.75
-78407.0
-82509.25
-82992.5
-71351.5
-67569.0
-99995.0
-75489.75
-74783.25
-71950.75
-65413.75
-69144.0
-59501.5
-67306.25
-73323.75
-76936.0
-71582.75
-70585.0
-92432.75
-84314.5
-60268.25
-79176.0
-52812.75
-84335.0
-76969.0
-77756.0
-64174.75
-61232.0
-55225.75
-66702.5
-71626.5
-60363.25
-57224.5
-77459.25
-81044.5
-70620.5
-86976.5
-66566.0
-50856.5
-62196.25
-58829.5
-68466.5
-58635.0
-63919.0
-70997.75
-65551.75
-76295.5
-52079.0
-94491.75
-71220.75
-55271.0
-70007.75
-72390.75
-60076.75
-61007.75
-67058.75
-60341.25
-72914.5
-63322.5
-60263.0
-63799.0
-60118.0
-67459.25
-55387.5
-59404.75
-58340.75
-53317.5
-56203.5
-60493.0
-62193.25
-57133.75
-71343.75
-55911.75
-45733.25
-55438.25
-72170.0
-59234.0
-52356.5
-68955.5
-59863.0
-59339.25
-58262.25
-50101.75
-49586.5
-68685.75
-53880.0
-50104.0
-52497.75
-57928.25
-60062.75
-58729.0
-50226.0
-57609.0
-58959.25
-45709.75
-71484.75
-54800.25
-50637.75
-56144.5
-49643.0
-54353.25
-49022.5
-49715.25
-56150.25
-51143.75
-45445.25
-52007.0
-60709.0
-51155.5
-57912.75
-55505.75
-45702.0
-60724.5
-61647.0
-53509.25
-61354.5
-49272.5
-46070.25
-58687.0
-43593.5
-53428.0
-62189.0
-52233.0
-49529.5
-41690.5
-59499.25
-49329.25
-40225.5
-41995.25
-44190.75
-43056.75
-50227.75
-55517.75
-37506.0
-57644.5
-38395.5
-57356.25
-49238.25
-57920.25
-41925.5
-52195.5
-46900.0
-39638.25
-44503.0
-46304.75
-43937.5
-49251.5
-42867.75
-50952.75
-41507.5
-43176.5
-49122.75
-41565.25
-47446.0
-42326.5
-48718.75
-48461.0
-37373.25
-50162.0
-46640.25
-50265.75
-44198.75
-65083.25
-47974.5
-44851.75
-43499.75
-45482.75
-56633.75
-66889.25
-42193.25
-43478.0
-50528.75
-45049.25
-42575.5
-38013.5
-47343.75
-41961.25
-45452.75
-39608.5
-47138.25
-42514.5
-38407.5
-49267.25
-45633.5
-52388.5
-41629.5
-50763.0
-35877.5
-44886.25
-56307.25
-44878.5
-43099.75
-47313.75
-39223.5
-43676.25
-37108.25
-43072.5
-31733.25
-33877.25
-42476.0
-39203.5
-38708.5
-35919.25
-46340.25
-35573.5
-55275.0
-44908.0
-46004.75
-53687.25
-37763.5
-41809.5
-44575.5
-39112.25
-40377.0
-32539.75
-47754.0
-43366.75
-48352.0
-41926.0
-46609.0
-47150.75
-47880.75
-42396.5
-40346.0
-35969.5
-36050.25
-55486.25
-43441.5
-50337.75
-41612.75
-34711.0
-44557.5
-47552.75
-41375.0
-32218.25
-39596.5
-37375.0
-37144.0
-35390.0
-50581.75
-39159.75
-47755.25
-34709.75
-35565.25
-40181.5
-41140.75
-38432.75
-40489.0
-37065.0
-33549.75
-33855.5
-42655.5
-35258.0
-39822.5
-35928.75
-41647.75
-39083.0
-37613.5
-39589.0
-44019.75
-31729.5
-41412.0
-47472.0
-36888.0
-33453.75
-41738.25
-35317.5
-39899.5
-39319.0
-40450.25
-43278.5
-36656.75
-34062.75
-51598.0
-45488.5
-39612.5
-32588.25
-37818.0
-39938.5
-30572.0
-34484.5
-35408.5
-32802.75
-34833.5
-33495.5
-34470.0
-30566.5
-35585.25
-35739.5
-34751.75
-39329.5
-32099.25
-34928.75
-24464.0
-36370.25
-32113.25
-38908.5
-36009.25
-28668.75
-38381.5
-32893.25
-32981.0
-37117.0
-40879.75
-40250.0
-36634.75
-38088.5
-31889.75
-32773.25
-38668.5
-34561.0
-37963.25
-37936.5
-33850.5
-37302.75
-27249.25
-38638.25
-31295.0
-33834.5
-32017.75
-32836.25
-34198.5
-34139.25
-32944.75
-30344.0
-50746.75
-32547.5
-27076.0
-34654.75
-26242.0
-28893.75
-27756.5
-40709.25
-31545.5
-29777.5
-35854.5
-41609.0
-40329.5
-33217.75
-32411.0
-26752.0
-38765.25
-26502.5
-34610.75
-35170.25
-34168.5
-26230.0
-33702.25
-33353.25
-36411.0
-35887.75
-29025.75
-30097.75
-20292.5
-29940.25
-27557.25
-36731.0
-28994.25
-27555.25
-24869.25
-30157.75
-27599.5
-26029.25
-24027.5
-27562.25
-28986.5
-29479.25
-23783.25
-28255.75
-31754.25
-28365.5
-39894.25
-26317.5
-27307.0
-30865.25
-34384.75
-28785.75
-23389.0
-34982.5
-21261.0
-27975.0
-24616.0
-26678.75
-24703.5
-32745.0
-32444.0
-27455.5
-34565.5
-29994.75
-30096.0
-24272.25
-29144.75
-29549.5
-23492.75
-31049.75
-37241.25
-24127.25
-27749.0
-27338.0
-24770.5
-29225.75
-26060.5
-25553.75
-23646.5
-29096.0
-23164.0
-31204.0
-29781.5
-23744.75
-37705.75
-33063.25
-31466.25
-23618.75
-25994.0
-35486.75
-25679.5
-26706.0
-36788.0
-29446.25
-25553.5
-29632.5
-29510.25
-26741.75
-25037.0
-23803.75
-21842.5
-27826.75
-28595.75
-31331.25
-23246.25
-31454.5
-20785.5
-21384.75
-27610.75
-19595.25
-34269.5
-35688.5
-27538.5
-25476.75
-20383.0
-21785.5
-25443.25
-31434.75
-25983.75
-26373.25
-30040.0
-35594.75
-22613.5
-26356.5
-36323.5
-29379.75
-27399.25
-25163.0
-28344.75
-28998.0
-29964.75
-25189.75
-38831.5
-23869.0
-25407.75
-21484.75
-20297.25
-24707.5
-31926.25
-22629.0
-23528.0
-28897.5
-27720.0
-29001.75
-23319.0
-29113.25
-31510.75
-18430.25
-22341.25
-20117.75
-29722.0
-23831.25
-30020.5
-23314.25
-22598.5
-22715.0
-28001.0
-18308.75
-24445.5
-27031.0
-29747.0
-31575.25
-57369.5
-18663.25
-23141.0
-18149.75
-20208.5
-20009.25
