8.818148148148149
8.638518518518518
10.605
12.284814814814816
9.778518518518519
10.235555555555555
9.118518518518519
10.88888888888889
8.89425925925926
13.292962962962964
9.624444444444444
9.211666666666666
11.150925925925925
8.201851851851853
9.725555555555555
8.849074074074075
9.394814814814815
8.376296296296296
9.166851851851852
9.65611111111111
9.972777777777777
9.268148148148148
7.836481481481481
8.938888888888888
9.141111111111112
8.351111111111111
9.43537037037037
8.839074074074073
8.533333333333333
10.758148148148148
9.777037037037037
8.878703703703703
9.073148148148148
8.385555555555555
8.439814814814815
10.954629629629629
10.311666666666667
8.386111111111111
8.208518518518519
7.88462962962963
10.145555555555555
6.873333333333333
7.786851851851852
7.938518518518518
7.850370370370371
7.579259259259259
7.441851851851852
8.470740740740741
8.73037037037037
7.279259259259259
7.444444444444445
8.705370370370371
8.959444444444445
7.745555555555556
8.238148148148149
8.267407407407408
7.241666666666666
9.619074074074074
8.230185185185185
7.345555555555555
9.73
7.987037037037037
7.502777777777778
7.113148148148148
7.5311111111111115
8.39611111111111
7.598333333333334
7.513518518518518
8.104074074074074
7.519444444444445
8.377962962962963
8.078148148148149
7.234814814814815
7.888148148148148
9.947592592592592
6.647407407407408
7.28537037037037
6.822962962962963
7.451666666666667
8.067037037037037
7.885370370370371
7.62462962962963
8.461481481481481
7.557037037037037
7.629074074074074
7.9329629629629625
6.552962962962963
9.12425925925926
6.83462962962963
7.432407407407408
7.014259259259259
6.79037037037037
6.968518518518518
7.870185185185186
7.59
7.232037037037037
7.332222222222223
7.539074074074074
6.287592592592593
7.356481481481482
6.62925925925926
7.449814814814815
6.479074074074074
6.9837037037037035
6.399259259259259
6.815740740740741
7.575185185185185
6.946296296296296
6.497777777777777
7.337592592592593
7.401111111111111
7.2518518518518515
7.53462962962963
7.701666666666667
6.614629629629629
7.476296296296296
7.962037037037037
6.334074074074074
6.9564814814814815
6.127407407407407
6.4853703703703705
7.4688888888888885
6.836111111111111
6.690185185185185
7.066111111111111
7.107962962962963
7.082592592592593
6.157592592592593
6.647962962962963
5.837037037037037
7.33037037037037
7.54074074074074
6.468333333333334
6.279259259259259
6.09
7.060370370370371
6.517962962962963
7.120925925925926
6.311296296296296
6.560740740740741
6.0848148148148145
6.597037037037037
6.435185185185185
6.972037037037037
7.146111111111111
5.600925925925926
6.322962962962963
6.086111111111111
5.988148148148148
6.966481481481481
6.705925925925926
6.571111111111111
6.806111111111111
7.119814814814815
6.019074074074074
7.389259259259259
6.663333333333333
6.022222222222222
5.640185185185185
8.003333333333334
5.9366666666666665
5.875555555555556
5.911851851851852
5.694259259259259
6.260555555555555
5.896481481481482
5.906296296296296
6.178518518518518
6.251666666666667
6.274444444444445
5.963148148148148
6.030185185185185
5.596666666666667
5.218518518518518
6.249444444444444
5.979259259259259
6.381111111111111
5.934814814814815
6.161481481481482
5.657407407407407
5.244814814814815
6.128333333333333
5.6974074074074075
6.052777777777778
5.695555555555556
6.186481481481482
6.153148148148148
5.6177777777777775
5.922962962962963
5.176481481481481
5.258518518518518
5.913518518518519
5.554074074074074
5.449259259259259
5.511296296296297
5.832962962962963
5.716481481481481
6.086481481481481
5.44537037037037
5.336481481481481
5.4037037037037035
5.120185185185186
5.846851851851852
5.372777777777777
5.479444444444445
5.953518518518519
5.38462962962963
5.559814814814815
5.857592592592592
5.533518518518519
5.250555555555556
4.5868518518518515
5.005185185185185
5.197777777777778
5.382037037037037
5.2790740740740745
5.157222222222222
5.736111111111111
5.335925925925926
4.9944444444444445
5.082962962962963
5.149444444444445
5.1631481481481485
5.399259259259259
5.0744444444444445
5.378888888888889
4.435555555555555
5.304814814814815
5.48
4.998518518518519
4.653888888888889
5.169444444444444
5.801296296296297
5.0435185185185185
4.4437037037037035
4.935925925925926
4.745555555555556
4.973888888888889
4.898888888888889
5.257592592592593
4.821481481481482
4.978888888888889
4.756666666666667
5.1648148148148145
4.54
5.306111111111111
4.786666666666667
4.99037037037037
5.031296296296296
5.1177777777777775
4.587407407407407
4.979444444444445
4.762777777777778
4.963148148148148
4.525
4.588888888888889
4.4837037037037035
4.547592592592593
4.963888888888889
4.422592592592593
4.94537037037037
4.930740740740741
4.972777777777778
4.68
4.341851851851852
4.771481481481482
4.8207407407407405
4.74537037037037
4.678333333333334
5.12462962962963
4.487222222222222
4.688518518518518
4.351296296296296
4.492037037037037
4.934259259259259
5.174814814814815
4.752037037037037
4.602777777777778
4.627407407407407
4.295185185185185
4.412962962962963
3.977222222222222
4.591111111111111
4.377777777777778
4.34462962962963
4.521481481481482
4.19962962962963
4.1466666666666665
4.694629629629629
4.434074074074074
4.103888888888889
4.499444444444444
4.42425925925926
4.717222222222222
4.192777777777778
4.16962962962963
4.918333333333333
4.88462962962963
4.107592592592592
4.021481481481482
4.518888888888889
3.939814814814815
4.268148148148148
4.1157407407407405
4.169814814814814
4.150925925925926
4.457962962962963
4.101111111111111
4.113518518518519
4.196481481481482
4.3805555555555555
3.917962962962963
4.251666666666667
4.145555555555555
4.393703703703704
4.622962962962963
4.262962962962963
4.142037037037037
4.747962962962963
4.207592592592593
4.389814814814815
4.030925925925926
4.353518518518518
4.232407407407408
4.684814814814815
4.616481481481482
4.165925925925926
4.348703703703704
4.272777777777778
4.333333333333333
4.107592592592592
3.723148148148148
3.7066666666666666
4.356481481481482
4.151666666666666
4.0146296296296295
3.8253703703703703
3.8505555555555557
4.227222222222222
4.07962962962963
4.1251851851851855
3.5748148148148147
4.091296296296297
4.012777777777778
3.9424074074074076
3.787777777777778
4.511666666666667
4.013703703703704
4.186851851851852
3.8624074074074075
4.125555555555556
4.2064814814814815
4.251481481481481
3.8337037037037036
3.904259259259259
3.7444444444444445
3.6705555555555556
3.743148148148148
3.959074074074074
3.9755555555555557
4.077962962962963
3.5992592592592594
3.8624074074074075
3.8724074074074073
3.740925925925926
3.763333333333333
3.9
3.543148148148148
3.8581481481481483
4.201481481481482
3.6353703703703704
3.5624074074074072
4.248703703703704
4.134814814814815
3.4827777777777778
4.526111111111111
3.707777777777778
3.6914814814814814
4.323148148148148
3.588888888888889
3.7735185185185185
3.7114814814814814
3.705740740740741
3.629074074074074
3.800925925925926
3.725185185185185
3.2075925925925928
3.2255555555555557
4.025925925925926
3.731851851851852
3.674074074074074
3.4544444444444444
3.293888888888889
3.6331481481481482
3.699074074074074
3.374814814814815
3.8248148148148147
3.822962962962963
3.7331481481481483
3.5035185185185185
3.367777777777778
3.9794444444444443
3.374814814814815
3.561851851851852
3.6442592592592593
3.638333333333333
4.148703703703704
3.3087037037037037
3.3470370370370373
3.1748148148148148
3.7705555555555557
3.805
3.505925925925926
3.5344444444444445
3.3905555555555558
3.5866666666666664
3.4831481481481483
3.6005555555555557
3.5587037037037037
3.3987037037037036
3.2974074074074076
3.621111111111111
3.386296296296296
3.457777777777778
3.133703703703704
3.114259259259259
3.1825925925925924
3.1285185185185185
3.2083333333333335
3.232222222222222
3.260925925925926
3.198888888888889
4.722962962962963
3.33462962962963
3.633888888888889
3.667777777777778
3.106851851851852
3.04037037037037
3.310185185185185
3.6814814814814816
3.3787037037037035
3.4157407407407407
3.3505555555555557
3.6674074074074072
3.420185185185185
3.013148148148148
3.4048148148148147
3.261111111111111
3.4116666666666666
2.9227777777777777
3.341296296296296
3.3824074074074075
3.261296296296296
3.2711111111111113
3.214259259259259
3.192962962962963
3.1566666666666667
3.057777777777778
3.0494444444444446
3.039814814814815
2.9124074074074073
3.397962962962963
3.153888888888889
3.296111111111111
3.1903703703703705
2.857222222222222
3.1101851851851854
3.3064814814814816
3.171111111111111
2.992777777777778
2.8633333333333333
2.874814814814815
3.0716666666666668
3.0135185185185187
3.1822222222222223
2.772407407407407
3.3538888888888887
2.9955555555555557
3.1266666666666665
2.9431481481481483
2.9885185185185184
3.098888888888889
3.017037037037037
2.8905555555555558
2.890925925925926
3.1096296296296297
2.8422222222222224
3.2264814814814815
3.112962962962963
2.8983333333333334
2.817037037037037
3.069074074074074
2.9657407407407406
3.1375925925925925
2.8794444444444443
3.1105555555555555
3.152037037037037
2.5674074074074076
2.8738888888888887
3.1396296296296295
2.842962962962963
2.9525925925925924
2.9992592592592593
2.9053703703703704
2.8955555555555557
3.007222222222222
2.932777777777778
2.9135185185185186
2.589074074074074
2.8216666666666668
2.7668518518518517
2.939814814814815
3.113888888888889
2.8125925925925928
2.6812962962962965
2.8448148148148147
3.31
2.9394444444444443
3.0674074074074076
2.7624074074074074
2.7448148148148146
2.7216666666666667
2.4135185185185186
2.8451851851851853
2.792222222222222
2.828333333333333
2.5970370370370373
2.8227777777777776
2.506111111111111
2.72962962962963
2.7198148148148147
2.77037037037037
2.537962962962963
2.9544444444444444
3.009259259259259
2.8272222222222223
2.8074074074074074
2.7875925925925924
2.4074074074074074
2.6275925925925927
2.5944444444444446
2.302037037037037
2.869074074074074
2.9142592592592593
2.6796296296296296
3.0055555555555555
2.6885185185185185
2.520925925925926
2.7127777777777777
3.12
2.8555555555555556
2.7824074074074074
2.6485185185185185
3.045185185185185
2.5046296296296298
2.533148148148148
3.0322222222222224
2.6353703703703704
2.9555555555555557
2.4075925925925925
2.4846296296296297
2.713888888888889
2.687777777777778
2.837037037037037
2.6114814814814813
2.8162962962962963
2.6042592592592593
2.6694444444444443
2.4677777777777776
2.4764814814814815
2.7577777777777777
2.5212962962962964
2.452962962962963
2.5342592592592594
2.6083333333333334
2.904259259259259
2.421666666666667
2.736851851851852
2.955185185185185
2.4475925925925925
2.7598148148148147
2.307777777777778
2.6144444444444446
2.5551851851851852
2.7516666666666665
2.486666666666667
2.417037037037037
2.4672222222222224
2.699074074074074
2.317222222222222
2.389074074074074
2.4466666666666668
2.824074074074074
2.5051851851851854
9.42
2.3051851851851852
2.5625925925925928
2.5188888888888887
2.3425925925925926
2.3759259259259258
