-190092.0
-152878.0
-206940.25
-250551.75
-184923.25
-198878.0
-169726.0
-205967.0
-179406.0
-328008.75
-183538.5
-195956.0
-250522.0
-181591.0
-194882.5
-188159.5
-193357.5
-196431.25
-180801.5
-257638.25
-224097.5
-184961.75
-156503.25
-172847.25
-199960.0
-171890.25
-180289.75
-177877.75
-184297.0
-221773.0
-221507.75
-181478.5
-203938.0
-180341.5
-180815.25
-228012.75
-216411.5
-167741.75
-158010.25
-172113.75
-205816.75
-158424.25
-162902.75
-159105.0
-185949.25
-147570.0
-134072.5
-140163.75
-151621.75
-137098.0
-157594.25
-166952.75
-194382.75
-140996.0
-153424.75
-176766.75
-133345.75
-210674.75
-160071.5
-135309.0
-216366.25
-135914.0
-148517.25
-141962.5
-146416.75
-187726.5
-171374.0
-129410.25
-164077.5
-163863.25
-193125.5
-172205.0
-138225.0
-171534.25
-216912.25
-115235.5
-140734.25
-164258.75
-149228.5
-159510.5
-176757.0
-178991.5
-175807.75
-145891.75
-167687.0
-157662.25
-135314.5
-165247.0
-139220.75
-141048.75
-135939.75
-119566.0
-145129.5
-163281.0
-143758.75
-124609.25
-156043.0
-182410.5
-127534.75
-133942.5
-153698.25
-142456.25
-126999.0
-139087.5
-128453.0
-122352.0
-144864.0
-136544.25
-149893.0
-152856.5
-152986.25
-139997.25
-138388.0
-182192.75
-147918.0
-144089.25
-152531.0
-130933.5
-164941.75
-127277.75
-125684.75
-147745.5
-145924.25
-145021.0
-143357.25
-181455.75
-165144.0
-112835.25
-148437.0
-106268.0
-153291.5
-157112.5
-151459.75
-133183.5
-131284.5
-114265.0
-122328.5
-139601.25
-120209.5
-122360.25
-144545.5
-150049.75
-130877.5
-163318.25
-143462.25
-107185.0
-116133.0
-119168.5
-135306.75
-119806.5
-132477.0
-134920.0
-143559.75
-158285.0
-102998.25
-187045.75
-135068.0
-112085.75
-133648.25
-151564.0
-121882.25
-118853.0
-128251.0
-121588.0
-154529.5
-120448.0
-116085.5
-126492.75
-123510.5
-139220.5
-108755.75
-115340.0
-115283.25
-110588.5
-121669.75
-121588.75
-120191.5
-121170.5
-137269.0
-111255.0
-91465.75
-115090.75
-142437.5
-112764.5
-103338.0
-130889.25
-119150.0
-120935.5
-116810.25
-101507.0
-98998.0
-126348.75
-107957.5
-104739.0
-104838.75
-115099.0
-111136.5
-122322.5
-99950.75
-114512.0
-112938.75
-89547.25
-136495.5
-106601.0
-103036.0
-104163.75
-101364.75
-104350.0
-108304.5
-96213.25
-109210.5
-100816.25
-99084.5
-100875.25
-108071.25
-101316.5
-109388.25
-115155.0
-102358.0
-118531.75
-118418.25
-104813.25
-113354.5
-101223.0
-103755.0
-114990.5
-84344.75
-103972.5
-115044.25
-102226.0
-93032.75
-90989.5
-105263.5
-107028.0
-82710.75
-88919.75
-84735.75
-97497.5
-101744.25
-108477.25
-78685.0
-112373.0
-80552.25
-114112.75
-98804.75
-113413.75
-80725.5
-98334.5
-95959.0
-89081.75
-86634.5
-85991.0
-86577.5
-101994.75
-77585.75
-102003.75
-84161.0
-91049.5
-93048.75
-83612.5
-100539.5
-80947.75
-102098.75
-101365.5
-74906.75
-87947.5
-88388.25
-105624.5
-93254.25
-118714.5
-91751.25
-91322.75
-85240.5
-85404.0
-105047.75
-124307.5
-87187.5
-83806.75
-96819.75
-92568.0
-86691.25
-77261.0
-88647.75
-80184.5
-92939.25
-84306.5
-92447.5
-79884.0
-84200.5
-95099.0
-91809.5
-100633.0
-83342.5
-94124.25
-72394.75
-89375.25
-111748.25
-86911.0
-85597.25
-87085.0
-80595.75
-82847.25
-76031.0
-85630.5
-66841.25
-67355.75
-95446.75
-79011.5
-78133.5
-70053.0
-93318.0
-68279.75
-108095.25
-87038.25
-87975.25
-99214.5
-77479.0
-85896.25
-88524.5
-78483.0
-79526.25
-71206.5
-92401.5
-78207.75
-91346.5
-88122.0
-92193.5
-97895.25
-91636.75
-83479.75
-84133.0
-75651.75
-73706.75
-100529.5
-82994.5
-94398.0
-79827.75
-73044.25
-89633.25
-94484.5
-89712.75
-64609.5
-85290.0
-75113.75
-70499.75
-66676.0
-93246.25
-80889.75
-87225.0
-70047.25
-75278.25
-80107.25
-84433.25
-76137.0
-76388.75
-75090.25
-66307.75
-61743.5
-86364.5
-65283.75
-73886.0
-78435.5
-79714.25
-75518.25
-76042.0
-76757.25
-88088.5
-62396.75
-82280.5
-93802.5
-71609.75
-61865.75
-86225.75
-69274.75
-75203.0
-90613.75
-78143.0
-88213.75
-74851.25
-65111.75
-102002.0
-90427.5
-77767.5
-67257.25
-70720.75
-79833.75
-63387.75
-64564.5
-81368.0
-71469.5
-75232.75
-65725.25
-68098.75
-60311.5
-75001.5
-66490.0
-75075.5
-81616.0
-68758.25
-75426.75
-52143.0
-81483.0
-64131.75
-78308.75
-81838.25
-59013.75
-83427.5
-74170.25
-67577.75
-72067.0
-77499.75
-83337.0
-71563.25
-69660.5
-64274.75
-60721.75
-73614.5
-63073.75
-74023.0
-81775.0
-63892.5
-67318.5
-55241.75
-76139.5
-62808.25
-65598.25
-57753.0
-61505.25
-67377.0
-65291.75
-67605.25
-64106.0
-93887.5
-60597.25
-53344.0
-67557.75
-48595.25
-54508.5
-55371.75
-74299.5
-55114.75
-62384.0
-65829.75
-77233.5
-83312.5
-65488.75
-65464.5
-53329.5
-77159.75
-57939.5
-62872.0
-71421.75
-68348.0
-52636.25
-67585.5
-63692.0
-67362.0
-72788.25
-60801.75
-58224.75
-41825.75
-60298.0
-56027.75
-66931.25
-55997.75
-57893.25
-53204.75
-68713.0
-59840.5
-48066.5
-52060.5
-56059.0
-53277.25
-59354.75
-50676.5
-50612.25
-68203.25
-53140.25
-76617.25
-49477.0
-48705.0
-57703.25
-68759.25
-49889.75
-42824.0
-70860.75
-48112.25
-62672.25
-55695.25
-53510.75
-51962.0
-64413.75
-69901.5
-58231.25
-65459.5
-57812.0
-62242.0
-51053.25
-54598.5
-65560.0
-48223.25
-55727.0
-76384.75
-54128.25
-60833.25
-52425.0
-48677.25
-55576.5
-51809.0
-55136.25
-48182.5
-57583.75
-50408.0
-66927.75
-60617.25
-53492.5
-63476.0
-65853.75
-60720.5
-44620.5
-48683.0
-68468.5
-50483.25
-53595.75
-70964.25
-56223.5
-48529.25
-60182.75
-58235.75
-53502.0
-50720.5
-46125.25
-44916.25
-56302.25
-55544.5
-59897.25
-48517.25
-56390.5
-42820.75
-42540.25
-53686.75
-37456.25
-60669.75
-68158.75
-50882.0
-53818.75
-40622.0
-46751.5
-48755.25
-61157.0
-54289.5
-51795.25
-55387.75
-64046.5
-43373.75
-48459.25
-65155.75
-60871.25
-53840.25
-49653.0
-52709.25
-58257.5
-60349.75
-51897.25
-70116.0
-51233.5
-50513.25
-42773.0
-43264.75
-46554.0
-56660.75
-46997.75
-44707.5
-50968.25
-52430.25
-61141.25
-45337.0
-52493.5
-62340.5
-34746.75
-45243.75
-43879.75
-59382.0
-46690.0
-57348.75
-51723.75
-47268.25
-46328.5
-52996.25
-37498.5
-47474.25
-54571.5
-59748.5
-61154.5
-175383.0
-38724.5
-54045.25
-37533.5
-40542.0
-37889.5
