22736
22191
28275
26744
21820
23630
25843
35410
22455
29544
24769
26391
29935
21413
24460
25122
28216
17652
25808
24800
25141
25068
18892
25342
25421
26530
27341
20539
25274
35963
22947
21171
23839
22930
19840
26755
30704
25608
24530
20138
29759
17295
22441
18804
18744
20086
17514
24563
21924
19388
20723
21026
26730
20615
23694
24103
19613
26312
20531
18255
27163
20953
19993
19244
19409
24507
19421
19334
20317
20761
21061
24739
19126
19562
23178
18011
18650
20250
20263
18053
20022
18591
22653
19261
22469
20382
18751
25388
20862
18154
18750
16988
17851
24025
18103
20785
20365
20603
16281
21974
17930
19362
16129
17743
17161
18336
19231
19117
17759
17702
16689
19404
20183
18365
17351
18245
23880
17534
22430
18715
15440
20230
15867
18724
19455
19619
19009
16254
16659
15392
16094
21103
15809
18666
17417
20926
15718
18260
18696
19748
15103
15837
17067
17207
19964
15543
14555
17555
17594
18863
16583
15873
19762
20683
14294
19241
15043
16791
14127
25235
16075
15996
15422
15143
18477
15842
15820
17974
17060
16019
15500
16075
14964
14617
16792
17352
15458
15610
16686
15064
14784
18342
15804
16690
14711
14269
17076
14539
16541
13687
14414
14212
14723
14547
14664
15081
13561
15458
13488
14747
13829
12642
14728
12918
15488
14131
14739
13764
16170
14286
14445
12023
13838
13906
13030
14602
13911
15515
16442
13006
13712
13766
12873
14781
16049
13465
11714
13379
13317
12002
11545
15263
13631
14709
11479
13064
11478
15327
13668
13535
14021
13244
13126
14856
11614
13832
12789
12349
15805
15424
11774
12784
13065
13368
11529
12133
12544
13072
12500
11955
14407
12528
15126
12496
11975
11434
12528
13924
14179
12317
11426
13045
11606
11586
11673
12658
13503
11841
12326
10875
12015
11370
10935
11093
12156
13154
11052
11156
13806
11029
10946
11484
12295
12618
10922
11553
13251
12554
11334
9757
12781
10053
11415
9791
11573
11371
12224
11700
11963
10420
12315
9924
11595
10945
10755
11523
11719
11548
13009
11388
11753
10832
11027
10108
10710
12822
10620
12037
11361
11953
11259
10490
9917
10676
11139
9550
9879
10034
11186
10806
12554
9488
11743
10928
9714
10090
10847
11006
10726
11120
10689
11426
11210
10655
9878
10209
9950
9602
11284
10187
10053
10113
10655
10231
9504
10180
11036
9221
10616
11887
9298
8992
11413
11826
8632
14316
9473
10512
12340
9366
10049
9808
9697
9132
10058
9774
9281
8547
12499
11110
10378
9901
8768
8997
10457
8390
11281
11524
11111
10381
9934
12266
9002
8889
11155
8877
12623
10466
9102
7769
9762
10749
9532
9441
9621
9380
8795
8442
8814
10481
8116
8794
9528
9014
9008
7650
8147
7644
8421
8814
8367
9388
9918
7470
10077
10043
7485
7237
9916
9356
8710
9391
8203
9286
9963
7785
9162
8659
9435
7802
8243
8825
8698
8393
8547
8481
7791
8187
7970
7881
7000
9362
8651
7674
9247
7870
9172
10451
8409
7604
8090
7936
7618
7881
9256
6487
9734
7657
7788
7282
7942
7958
8226
6553
6523
9170
8715
10022
9406
7651
8355
7999
8461
8691
6986
7113
8601
6845
8835
9414
7465
6847
8607
8410
8573
8237
7778
7510
7034
8143
6986
7915
9291
7598
7606
8917
7488
8191
7727
7080
7229
7331
6509
7352
7366
8089
7085
7023
6680
7670
7845
7102
7003
8541
8801
6892
8242
8311
6617
6938
7416
6468
7275
7986
6974
8755
6648
7324
7183
7985
7500
6640
6779
7185
6912
6347
7667
6661
7511
5771
6057
8058
6928
7907
6378
6827
6311
7508
6940
6715
6534
6886
6260
5755
6597
7890
6093
6789
8771
6331
7465
6751
7081
7039
7507
7727
6382
6783
6946
6337
6337
6509
7897
7127
42827
6214
8161
6705
5969
5674
