4.607777777777778
4.5290740740740745
5.368888888888889
7.332222222222223
5.737777777777778
5.859629629629629
4.332777777777777
4.3314814814814815
4.735925925925926
7.821851851851852
5.037592592592593
4.3244444444444445
5.607407407407408
4.236481481481482
5.195925925925926
4.196851851851852
4.16962962962963
5.107407407407408
4.3875925925925925
5.063518518518518
5.3170370370370375
4.625925925925926
4.337962962962963
4.245925925925926
4.433518518518518
3.438148148148148
4.372222222222222
5.035555555555556
3.852962962962963
4.098333333333334
5.527592592592592
4.958148148148148
4.658518518518519
4.139259259259259
4.765740740740741
6.0
4.625740740740741
3.6438888888888887
3.665925925925926
4.15537037037037
4.63462962962963
3.6705555555555556
3.631111111111111
4.456296296296296
4.37925925925926
3.8596296296296297
4.198518518518519
3.922037037037037
4.67037037037037
3.688888888888889
3.606851851851852
4.8116666666666665
4.009444444444444
3.927962962962963
3.85037037037037
3.803888888888889
3.6096296296296297
4.7464814814814815
4.428148148148148
3.965
4.699814814814815
4.106851851851852
3.8003703703703704
3.5494444444444446
3.936851851851852
3.8577777777777778
4.0018518518518515
3.933148148148148
4.341666666666667
3.6748148148148148
4.477777777777778
3.4968518518518517
3.692962962962963
4.265555555555555
5.65537037037037
3.312037037037037
3.8316666666666666
3.072962962962963
3.6992592592592595
4.723888888888889
4.1775925925925925
4.181851851851852
4.266481481481481
3.9901851851851853
3.468148148148148
4.158518518518519
3.0805555555555557
4.422777777777778
2.971296296296296
4.070555555555556
3.542037037037037
3.6444444444444444
3.662777777777778
3.421111111111111
4.237592592592593
3.382962962962963
3.560925925925926
3.7237037037037037
3.2725925925925927
3.2872222222222223
3.3088888888888888
3.864259259259259
3.4922222222222223
3.697962962962963
3.221296296296296
3.420185185185185
4.013888888888889
3.406111111111111
3.209074074074074
4.059444444444445
4.310555555555555
3.6585185185185187
3.797037037037037
4.300740740740741
3.4014814814814813
4.0975925925925925
3.539814814814815
3.087037037037037
2.8027777777777776
2.6616666666666666
3.6261111111111113
3.7225925925925925
3.897777777777778
3.222777777777778
3.4633333333333334
3.474814814814815
3.5624074074074072
3.1475925925925927
3.562962962962963
2.986666666666667
4.35
3.6327777777777777
3.5407407407407407
2.8225925925925925
2.8646296296296296
3.185185185185185
3.607222222222222
3.7394444444444446
2.849074074074074
2.903703703703704
3.287962962962963
3.6642592592592593
3.27462962962963
3.7855555555555553
3.449074074074074
2.7225925925925925
3.6275925925925927
2.835185185185185
2.73
3.473333333333333
3.635
3.631666666666667
3.1464814814814814
3.2896296296296295
3.372037037037037
3.826111111111111
3.8775925925925927
2.912777777777778
3.024074074074074
3.330185185185185
2.959814814814815
2.9133333333333336
3.055925925925926
2.89
2.838888888888889
2.9627777777777777
2.9766666666666666
2.85
3.0924074074074075
3.307962962962963
3.0927777777777776
3.0533333333333332
2.8255555555555554
2.5116666666666667
3.1398148148148146
2.765925925925926
3.5185185185185186
3.044074074074074
3.0714814814814817
2.867777777777778
2.507037037037037
2.7316666666666665
2.7707407407407407
2.962037037037037
2.971296296296296
3.544074074074074
2.990925925925926
2.9253703703703704
2.859814814814815
2.6418518518518517
2.589259259259259
3.2816666666666667
2.8275925925925924
2.7553703703703705
2.7957407407407406
3.040185185185185
3.205185185185185
3.223888888888889
2.9475925925925925
2.6055555555555556
2.8427777777777776
2.779074074074074
3.1194444444444445
2.9805555555555556
2.6112962962962962
3.3366666666666664
2.6551851851851853
3.010925925925926
2.863148148148148
2.887962962962963
2.5755555555555554
2.3603703703703705
2.4425925925925926
2.622592592592593
2.969074074074074
2.575
2.581111111111111
2.862962962962963
2.2911111111111113
2.5859259259259257
2.5437037037037036
2.600185185185185
2.779259259259259
2.662037037037037
2.1024074074074073
2.8853703703703704
2.2662962962962965
2.8272222222222223
3.013888888888889
2.775925925925926
2.515925925925926
2.342962962962963
3.277037037037037
2.3196296296296297
2.317962962962963
2.5166666666666666
2.62
2.1355555555555554
2.367777777777778
2.7511111111111113
2.225
2.5262962962962963
2.325925925925926
2.4137037037037037
2.3892592592592594
2.7446296296296295
2.4183333333333334
2.7035185185185187
2.1044444444444443
2.2614814814814816
2.407037037037037
2.612037037037037
2.3433333333333333
2.4875925925925926
2.39
2.342037037037037
2.160740740740741
2.126851851851852
2.649074074074074
2.2087037037037036
2.2774074074074075
2.6107407407407406
2.171666666666667
2.365925925925926
2.1242592592592593
2.654074074074074
2.5007407407407407
2.166851851851852
2.0525925925925925
2.843703703703704
2.3712962962962965
2.272777777777778
2.2020370370370372
2.3464814814814816
2.7725925925925927
2.830740740740741
2.2514814814814814
2.41
2.3448148148148147
2.281296296296296
2.187962962962963
1.8716666666666666
2.5661111111111112
2.3235185185185183
2.0935185185185183
2.0855555555555556
2.1529629629629627
2.080740740740741
2.137962962962963
2.3916666666666666
2.0768518518518517
2.372777777777778
2.147407407407407
2.3805555555555555
2.170185185185185
2.0301851851851853
2.4644444444444447
2.559814814814815
2.008703703703704
2.2146296296296297
2.152037037037037
2.078148148148148
2.154259259259259
2.3025925925925925
2.026666666666667
2.045185185185185
2.194259259259259
1.9344444444444444
1.8981481481481481
2.2668518518518517
2.1
2.080185185185185
2.1044444444444443
2.1187037037037038
2.402037037037037
2.489074074074074
2.0927777777777776
2.0035185185185185
2.338888888888889
2.0987037037037037
2.2133333333333334
2.025
2.3114814814814815
2.3605555555555555
2.7014814814814816
2.242037037037037
2.1992592592592595
2.1196296296296295
2.168888888888889
2.1198148148148146
2.0225925925925927
1.7805555555555554
1.8701851851851852
2.3794444444444443
2.088888888888889
2.246111111111111
1.9959259259259259
1.9924074074074074
2.155740740740741
2.0785185185185187
1.8003703703703704
1.8177777777777777
1.9166666666666667
1.989074074074074
2.1435185185185186
1.9192592592592592
2.502962962962963
1.9755555555555555
2.2005555555555554
1.8031481481481482
2.1461111111111113
2.0905555555555555
2.1755555555555555
1.8605555555555555
2.075
1.853888888888889
1.827962962962963
1.965
1.8694444444444445
2.089074074074074
2.216296296296296
1.7264814814814815
1.8892592592592592
1.9777777777777779
1.980925925925926
1.8781481481481481
1.8562962962962963
1.8355555555555556
1.8922222222222222
2.000185185185185
1.9135185185185186
1.8972222222222221
2.1351851851851853
1.9448148148148148
1.8842592592592593
1.875
1.9535185185185184
1.7448148148148148
2.037962962962963
1.8544444444444443
1.9125925925925926
1.895185185185185
1.91
1.9379629629629629
1.9383333333333332
1.915185185185185
1.488888888888889
1.6427777777777777
1.7112962962962963
1.6744444444444444
1.7522222222222221
1.6209259259259259
1.6701851851851852
1.9670370370370371
1.7625925925925925
1.8211111111111111
1.7357407407407408
1.6888888888888889
1.6755555555555555
1.5811111111111111
1.5281481481481483
1.707962962962963
1.7077777777777778
1.9157407407407407
1.5785185185185184
1.9944444444444445
1.8111111111111111
1.3705555555555555
1.6614814814814816
1.7361111111111112
1.9627777777777777
1.8144444444444445
1.7407407407407407
1.7861111111111112
1.6088888888888888
1.8496296296296297
1.8544444444444443
2.0372222222222223
1.9264814814814815
1.4577777777777778
1.7944444444444445
1.9925925925925927
1.6218518518518519
1.7885185185185186
1.4655555555555555
1.6975925925925925
1.673888888888889
1.712962962962963
1.6488888888888888
1.6
1.7114814814814814
1.4603703703703703
2.886296296296296
1.9512962962962963
1.7677777777777777
1.807962962962963
1.7207407407407407
1.7001851851851852
1.4738888888888888
1.948888888888889
1.7657407407407408
1.6766666666666667
1.8314814814814815
1.9477777777777778
1.5751851851851852
1.5714814814814815
1.7081481481481482
1.6575925925925925
1.6644444444444444
1.477962962962963
1.8148148148148149
1.7481481481481482
1.6505555555555556
1.7168518518518519
1.6314814814814815
1.6224074074074073
1.7138888888888888
1.5416666666666667
1.5735185185185185
1.5803703703703704
1.616111111111111
1.6642592592592593
1.5518518518518518
1.875
1.477962962962963
1.3998148148148148
1.4116666666666666
1.3711111111111112
1.613888888888889
1.5846296296296296
1.3651851851851853
1.405185185185185
1.660925925925926
1.5540740740740742
1.4681481481481482
1.5711111111111111
1.5512962962962964
1.5775925925925927
1.6844444444444444
1.5946296296296296
1.5177777777777777
1.6251851851851853
1.4937037037037038
1.677037037037037
1.682962962962963
1.4114814814814816
1.2283333333333333
1.3705555555555555
1.3711111111111112
1.4814814814814814
1.2698148148148147
1.5877777777777777
1.3988888888888888
1.5281481481481483
1.5857407407407407
1.7933333333333332
1.5592592592592593
1.2998148148148148
1.2377777777777779
1.3962962962962964
1.4605555555555556
1.6846296296296297
1.4053703703703704
1.347962962962963
1.307962962962963
1.4818518518518518
1.4924074074074074
1.5227777777777778
1.2864814814814816
1.3137037037037036
1.473148148148148
1.474074074074074
1.3933333333333333
1.4055555555555554
1.2727777777777778
1.1935185185185184
1.9233333333333333
1.4225925925925926
1.6364814814814814
1.4512962962962963
1.406111111111111
1.364074074074074
1.2081481481481482
1.4837037037037037
1.4281481481481482
1.3303703703703704
1.285
1.5222222222222221
1.269074074074074
1.3092592592592593
1.267037037037037
1.4551851851851851
1.241111111111111
1.3727777777777779
1.3794444444444445
1.5509259259259258
1.281111111111111
1.2485185185185186
1.182037037037037
1.3427777777777778
1.221111111111111
1.1042592592592593
1.5218518518518518
1.4353703703703704
1.3881481481481481
1.3842592592592593
1.4574074074074075
1.1646296296296297
1.3825925925925926
1.6412962962962963
1.4666666666666666
1.5527777777777778
1.3931481481481482
1.7146296296296297
1.2246296296296297
1.3577777777777778
1.6124074074074075
1.401851851851852
1.5646296296296296
1.3388888888888888
1.362962962962963
1.2216666666666667
1.4048148148148147
1.3727777777777779
1.4303703703703703
1.552037037037037
1.4355555555555555
1.279074074074074
1.1825925925925926
1.232962962962963
1.5477777777777777
1.2461111111111112
1.2937037037037038
1.4685185185185186
1.3866666666666667
1.443148148148148
1.2933333333333332
1.4796296296296296
1.3309259259259258
1.2751851851851852
1.3774074074074074
1.0575925925925926
1.3031481481481482
1.2516666666666667
1.3614814814814815
1.0557407407407406
1.2351851851851852
1.211111111111111
1.4127777777777777
1.1437037037037037
1.2155555555555555
1.2412962962962963
1.3616666666666666
1.1853703703703704
1.489074074074074
1.1544444444444444
1.0512962962962964
1.2772222222222223
1.2372222222222222
1.3251851851851852
