-91303.0
-74171.5
-100235.25
-111530.0
-84770.75
-96443.0
-89225.0
-111281.25
-88892.25
-148063.0
-89626.25
-97673.0
-117214.5
-85579.5
-93011.25
-99824.5
-98825.5
-81291.25
-92545.0
-111749.75
-99699.0
-88169.25
-72592.0
-90308.5
-101193.25
-95595.5
-92000.75
-79302.75
-101235.5
-116125.25
-94786.75
-81935.5
-99551.5
-91822.5
-89467.5
-114868.75
-110045.25
-92031.0
-78455.75
-80201.0
-109232.5
-76153.75
-82735.0
-76258.0
-87294.5
-72301.25
-60538.75
-75312.75
-71701.25
-69033.0
-81854.5
-76065.0
-103039.5
-72536.5
-78512.5
-91993.25
-63495.25
-104243.25
-76500.75
-61838.75
-113512.5
-65393.0
-75888.5
-73562.5
-73023.5
-108652.5
-84864.75
-63944.75
-79386.75
-83926.75
-100811.75
-93164.5
-73300.75
-78684.0
-112939.0
-58611.75
-67739.75
-84352.25
-73863.25
-70559.75
-81897.5
-80885.25
-80664.25
-70524.75
-88990.0
-76026.75
-67273.75
-84874.75
-72520.25
-68335.75
-66071.5
-60523.5
-72527.25
-83019.25
-63960.25
-63208.5
-77464.0
-91675.25
-61963.25
-74732.25
-81520.5
-69859.0
-65555.5
-67512.75
-64961.0
-62819.25
-69494.25
-70620.5
-71486.0
-70347.25
-69993.75
-68645.75
-70819.0
-82197.75
-72428.25
-69306.0
-80580.25
-65519.75
-95797.75
-67776.25
-58378.5
-74421.75
-68988.25
-73438.25
-72772.25
-89023.0
-80829.5
-52567.0
-69261.0
-53455.25
-68956.5
-80143.5
-73703.75
-69008.75
-70052.5
-59039.25
-55626.0
-67974.75
-59846.25
-65135.75
-67086.25
-69005.25
-60257.0
-76341.75
-76896.25
-56328.5
-53936.75
-60339.0
-66840.25
-61171.5
-68558.0
-63922.25
-78008.0
-81989.5
-50919.25
-92554.0
-63847.25
-56814.75
-63640.5
-79173.25
-61805.5
-57845.25
-61192.25
-61246.75
-81615.0
-57125.5
-55822.5
-62693.75
-63392.5
-71761.25
-53368.25
-55935.25
-56942.5
-57271.0
-65466.25
-61095.75
-57998.25
-64036.75
-65925.25
-55343.25
-45732.5
-59652.5
-70267.5
-53530.5
-50981.5
-61933.75
-59287.0
-61596.25
-58548.0
-51405.25
-49411.5
-57663.0
-54077.5
-54635.0
-52341.0
-57170.75
-51073.75
-63593.5
-49724.75
-56903.0
-53979.5
-43837.5
-65010.75
-51800.75
-52398.25
-48019.25
-51721.75
-49996.75
-59282.0
-46498.0
-53060.25
-49672.5
-53639.25
-48868.25
-47362.25
-50161.0
-51475.5
-59649.25
-56656.0
-57807.25
-56771.25
-51304.0
-52000.0
-51950.5
-57684.75
-56303.5
-40751.25
-50544.5
-52855.25
-49993.0
-43503.25
-49299.0
-45764.25
-57698.75
-42485.25
-46924.5
-40545.0
-54440.75
-51516.5
-52959.5
-41179.0
-54728.5
-42156.75
-56756.5
-49566.5
-55493.5
-38800.0
-46139.0
-49059.0
-49443.5
-42131.5
-39686.25
-42640.0
-52743.25
-34718.0
-51051.0
-42653.5
-47873.0
-43926.0
-42047.25
-53093.5
-38621.25
-53380.0
-52904.5
-37533.5
-37785.5
-41748.0
-55358.75
-49055.5
-53631.25
-43776.75
-46471.0
-41740.75
-39921.25
-48414.0
-57418.25
-44994.25
-40328.75
-46291.0
-47518.75
-44115.75
-39247.5
-41304.0
-38223.25
-47486.5
-44698.0
-45309.25
-37369.5
-45793.0
-45831.75
-46176.0
-48244.5
-41713.0
-43361.25
-36517.25
-44489.0
-55441.0
-42032.5
-42497.5
-39771.25
-41372.25
-39171.0
-38922.75
-42558.0
-35108.0
-33478.5
-52970.75
-39808.0
-39425.0
-34133.75
-46977.75
-32706.25
-52820.25
-42130.25
-41970.5
-45527.25
-39715.5
-44086.75
-43949.0
-39370.75
-39149.25
-38666.75
-44647.5
-34841.0
-42994.5
-46196.0
-45584.5
-50744.5
-43756.0
-41083.25
-43787.0
-39682.25
-37656.5
-45043.25
-39553.0
-44060.25
-38215.0
-38333.25
-45075.75
-46931.75
-48337.75
-32391.25
-45693.5
-37738.75
-33355.75
-31286.0
-42664.5
-41730.0
-39469.75
-35337.5
-39713.0
-39925.75
-43292.5
-37704.25
-35899.75
-38025.25
-32758.0
-27888.0
-43709.0
-30025.75
-34063.5
-42506.75
-38066.5
-36435.25
-38428.5
-37168.25
-44068.75
-30667.25
-40868.5
-46330.5
-34721.75
-28412.0
-44487.5
-33957.25
-35303.5
-51294.75
-37692.75
-44935.25
-38194.5
-31049.0
-50404.0
-44939.0
-38155.0
-34669.0
-32902.75
-39895.25
-32815.75
-30080.0
-45959.5
-38666.75
-40399.25
-32229.75
-33628.75
-29745.0
-39416.25
-30750.5
-40323.75
-42286.5
-36659.0
-40498.0
-27679.0
-45112.75
-32018.5
-39400.25
-45829.0
-30345.0
-45046.0
-41277.0
-34596.75
-34950.0
-36620.0
-43087.0
-34928.5
-31572.0
-32385.0
-27948.5
-34946.0
-28512.75
-36059.75
-43838.5
-30042.0
-30015.75
-27992.5
-37501.25
-31513.25
-31763.75
-25735.25
-28669.0
-33178.5
-31152.5
-34660.5
-33762.0
-43140.75
-28049.75
-26268.0
-32903.0
-22353.25
-25614.75
-27615.25
-33590.25
-23569.25
-32606.5
-29975.25
-35624.5
-42983.0
-32271.0
-33053.5
-26577.5
-38394.5
-31437.0
-28261.25
-36251.5
-34179.5
-26406.25
-33883.25
-30338.75
-30951.0
-36900.5
-31776.0
-28127.0
-21533.25
-30357.75
-28470.5
-30200.25
-27003.5
-30338.0
-28335.5
-38555.25
-32241.0
-22037.25
-28033.0
-28496.75
-24290.75
-29875.5
-26893.25
-22356.5
-36449.0
-24774.75
-36723.0
-23159.5
-21398.0
-26838.0
-34374.5
-21104.0
-19435.0
-35878.25
-26851.25
-34697.25
-31079.25
-26832.0
-27258.5
-31668.75
-37457.5
-30775.75
-30894.0
-27817.25
-32146.0
-26781.0
-25453.75
-36010.5
-24730.5
-24677.25
-39143.5
-30001.0
-33084.25
-25087.0
-23906.75
-26350.75
-25748.5
-29582.5
-24536.0
-28487.75
-27244.0
-35723.75
-30835.75
-29747.75
-25770.25
-32790.5
-29254.25
-21001.75
-22689.0
-32981.75
-24803.75
-26889.75
-34176.25
-26777.25
-22975.75
-30550.25
-28725.5
-26760.25
-25683.5
-22321.5
-23073.75
-28475.5
-26948.75
-28566.0
-25271.0
-24936.0
-22035.25
-21155.5
-26076.0
-17861.0
-26400.25
-32470.25
-23343.5
-28342.0
-20239.0
-24966.0
-23312.0
-29722.25
-28305.75
-25422.0
-25347.75
-28451.75
-20760.25
-22102.75
-28832.25
-31491.5
-26441.0
-24490.0
-24364.5
-29259.5
-30385.0
-26707.5
-31284.5
-27364.5
-25105.5
-21288.25
-22967.5
-21846.5
-24734.5
-24368.75
-21179.5
-22070.75
-24710.25
-32139.5
-22018.0
-23380.25
-30829.75
-16316.5
-22902.5
-23762.0
-29660.0
-22858.75
-27328.25
-28409.5
-24669.75
-23613.5
-24995.25
-19189.75
-23028.75
-27540.5
-30001.5
-29579.25
-118013.5
-20061.25
-30904.25
-19383.75
-20333.5
-17880.25
