35415
46845
68420
36680
40301
34975
46071
40481
33147
34996
31532
37256
64903
48669
54008
45997
51322
34565
43438
38046
63574
65535
78245
45763
41148
41834
54139
64346
32837
40047
69565
37938
43266
21563
39609
184587
44279
30018
28734
28927
22621
25978
26845
24034
21635
28501
29052
23191
25763
23632
27440
32244
46634
56496
61706
30541
30749
33280
30441
38038
35897
25688
23575
32008
27472
36043
29979
32915
41912
61233
59428
52811
49843
82022
43490
58754
35497
53211
96536
117739
81580
98889
63182
83286
44714
28655
28619
29144
28588
45672
126286
169603
106421
94978
21159
207433
314319
329593
267000
459583
