-22857.0
-33763.0
-49520.0
-24519.0
-28352.0
-22837.0
-30859.0
-27790.0
-21388.0
-23754.0
-19552.0
-25397.0
-50735.0
-35550.0
-38483.0
-32004.0
-38169.0
-23867.0
-28901.0
-25231.0
-48931.0
-48914.0
-58864.0
-32095.0
-28723.0
-28685.0
-40838.0
-48840.0
-22528.0
-28636.0
-52066.0
-26228.0
-30951.0
-11135.0
-26609.0
-156419.0
-30145.0
-19666.0
-18252.0
-16011.0
-11911.0
-15224.0
-15929.0
-13314.0
-12183.0
-16932.0
-18424.0
-13702.0
-14195.0
-13478.0
-16459.0
-21854.0
-35155.0
-42533.0
-40771.0
-20049.0
-16450.0
-21580.0
-18482.0
-25596.0
-21398.0
-14966.0
-13522.0
-20980.0
-17225.0
-22301.0
-18352.0
-23411.0
-29494.0
-45538.0
-43195.0
-39239.0
-36028.0
-62017.0
-31365.0
-43604.0
-24130.0
-39715.0
-74335.0
-95714.0
-62389.0
-81111.0
-48595.0
-62126.0
-32740.0
-17634.0
-18229.0
-17816.0
-18706.0
-31028.0
-97097.0
-139791.0
-85110.0
-79722.0
-11996.0
-173968.0
-279587.0
-292803.0
-234760.0
-413069.0
