6.558333333333334
8.675
12.670370370370371
6.792592592592593
7.463148148148148
6.476851851851852
8.531666666666666
7.4964814814814815
6.138333333333334
6.480740740740741
5.83925925925926
6.899259259259259
12.019074074074075
9.012777777777778
10.001481481481482
8.517962962962963
9.504074074074074
6.400925925925926
8.044074074074073
7.045555555555556
11.772962962962962
12.136111111111111
14.489814814814816
8.47462962962963
7.62
7.747037037037037
10.02574074074074
11.915925925925926
6.080925925925926
7.416111111111111
12.882407407407408
7.025555555555556
8.012222222222222
3.993148148148148
7.335
34.18277777777778
8.199814814814815
5.558888888888889
5.321111111111111
5.356851851851852
4.189074074074074
4.810740740740741
4.9712962962962965
4.45074074074074
4.006481481481481
5.277962962962963
5.38
4.29462962962963
4.770925925925926
4.376296296296296
5.0814814814814815
5.971111111111111
8.635925925925926
10.462222222222222
11.427037037037037
5.6557407407407405
5.694259259259259
6.162962962962963
5.637222222222222
7.044074074074074
6.647592592592592
4.757037037037037
4.3657407407407405
5.927407407407407
5.087407407407407
6.67462962962963
5.551666666666667
6.095370370370371
7.761481481481481
11.339444444444444
11.005185185185185
9.779814814814815
9.230185185185185
15.18925925925926
8.053703703703704
10.88037037037037
6.573518518518519
9.85388888888889
17.877037037037038
21.80351851851852
15.107407407407408
18.31277777777778
11.70037037037037
15.423333333333334
8.28037037037037
5.306481481481481
5.299814814814815
5.397037037037037
5.294074074074074
8.457777777777778
23.386296296296297
31.407962962962962
19.707592592592594
17.58851851851852
3.9183333333333334
38.413518518518515
58.20722222222222
61.03574074074074
49.44444444444444
85.10796296296296
