51015
37380
34477
40865
50531
46688
43445
38390
46487
44549
67869
49536
42577
45441
58942
44227
49599
41863
51342
61428
39053
32175
44516
39171
50501
44224
44999
44265
57927
42452
47569
45142
45791
57974
39114
47158
39191
39942
46611
39352
40757
45932
54395
38047
42207
36519
34134
41842
48278
46564
47566
48163
43254
34041
41516
42459
39691
30339
33907
50599
37378
37829
47470
36815
38545
47001
36139
32145
32383
35748
35628
44164
55088
40192
34701
35945
42924
35558
31326
35108
35521
34569
45976
39243
32210
46612
42597
34928
61169
43348
35106
37561
35191
35058
34728
55011
39309
37789
31980
35167
34945
41230
29395
35755
31311
39926
30821
41591
43501
36042
41752
35822
49859
33717
46550
28403
30962
56763
32229
37864
32538
53387
35031
29531
44577
36866
32293
36783
65451
31869
32938
39735
30575
37604
32215
40519
33832
34039
37766
36760
32493
38779
40658
42342
29786
30644
31447
34812
35090
36709
37679
39188
32954
39757
33004
30558
31461
29971
38386
33960
32089
31853
38986
26457
35596
32354
32218
43789
30071
33618
30160
29072
25819
33075
25862
28807
37690
35822
36791
41919
34979
37597
28040
25990
26147
26420
30750
26342
32819
29429
30120
34082
28830
33233
31578
31172
31648
28421
28278
29781
26153
31090
26757
35715
27367
41008
24800
32851
28438
27079
27588
29389
29775
30544
32677
39464
29393
24795
26951
26957
30434
26938
46802
34256
29351
35730
29073
34155
27539
31133
29820
26751
27041
38897
26128
32571
27163
29849
26881
34045
27248
25509
28230
26458
24634
23858
28012
24447
27296
24155
27186
31765
31464
28467
25881
29943
32501
27074
29268
30518
28809
36186
28019
26711
27433
25046
23019
24235
25874
25325
22780
27421
21077
24883
27818
28516
27498
30163
24940
30744
27977
24389
27809
30292
22523
25906
24981
31984
24624
29941
28537
26789
22945
26191
32522
27439
28088
29462
24592
23404
24620
24079
28925
25359
27633
23594
27138
24304
25551
35123
25580
23127
27116
24063
23742
25506
25128
27725
25975
22225
28703
24368
26619
25013
24454
28116
21730
24064
26467
24922
27072
29882
21637
27002
22703
21410
22912
25567
24963
31905
23577
26761
24011
23287
22959
21655
23242
24833
24693
26787
23152
22178
24629
25057
22881
23447
28608
22779
23815
24543
22790
20755
23314
23080
22329
25056
25970
23379
24774
31381
24027
24411
23544
22754
21256
25649
23648
22505
23598
24187
29384
19429
22623
26249
22418
24346
24421
23608
24165
24816
20843
25904
25418
25069
23603
26938
19476
23239
22783
21111
23985
22076
21208
20269
21289
25048
23699
22252
23837
23258
23656
19232
24020
22218
21949
20685
25018
55078
22418
22974
22639
22617
22097
25741
28202
22071
19759
23896
23680
25757
21875
26139
21207
22254
24538
20990
21664
19462
17884
21021
20612
19154
25043
21384
21016
23841
22245
21808
21304
20334
19141
21342
23252
17640
24096
23095
22663
20067
19841
26192
20579
19876
23964
19610
19248
22365
18895
20156
20883
21646
20239
22488
19682
19798
21269
21526
19192
19605
21629
20373
22476
20096
18510
19576
20724
25775
18464
22275
21686
22099
20756
20934
24491
17597
20079
19508
18914
18626
18974
15801
17723
23381
20019
21474
20974
21734
20109
21465
21916
20497
22385
17770
18226
21014
21347
19475
18234
20873
24434
18800
20848
17277
18381
20436
21191
21805
18026
19589
22114
19433
18491
18487
19963
16048
20285
20298
20673
18931
21140
21221
20788
17445
21607
22184
20845
20839
17053
19830
17821
19241
18900
21790
20311
18761
24912
31020
17172
18038
19125
19692
21491
20036
17782
19017
18723
16337
19057
16644
21825
16462
21184
17289
17062
18879
20768
18121
19022
22543
18678
16335
17072
16946
20445
17108
18510
18780
19411
18334
18347
15994
20026
17128
17574
16948
16862
18935
18999
18267
18100
19549
16266
19813
17120
17986
18840
18253
16142
18444
18765
18018
17200
18477
15014
17524
17240
22878
19022
17382
20337
17089
15955
15851
16433
24457
17698
17289
17031
16134
18575
18350
15839
17051
18331
15962
15979
16780
15779
15541
17043
17545
15101
18518
16299
14000
15569
16180
15039
18468
16662
16422
16730
16044
19938
17139
17692
14524
17135
15428
16085
16200
15852
15229
16640
14624
15613
18239
17412
16491
15339
17372
17292
15906
16635
16795
18942
16816
16424
16179
18170
16099
15633
17130
16275
16312
16006
14649
14077
13515
17841
15016
19802
16625
14620
14510
14344
17442
16248
15749
16029
20101
22392
15431
18011
16008
17020
14832
16693
19464
19009
18671
15982
15345
15375
16693
16381
16864
17828
15437
16294
18547
15545
17561
16438
14662
15675
16811
17949
14558
15430
15364
16556
15917
15363
14406
16503
14233
25605
14057
12656
18259
19324
17311
17435
15316
16923
15968
12754
15718
14077
17512
16247
14874
18068
15706
14340
31163
14369
17352
14574
17335
14071
17884
15286
16207
15664
14273
14527
13648
16258
15509
13899
16100
14762
14475
15917
16347
14058
13419
15473
14002
14636
14150
13954
18843
15974
16062
16086
13072
14034
14857
15718
13905
13700
13463
15667
14492
15847
17915
15018
15504
16359
17063
15079
13239
17379
13884
13020
16133
15029
15521
16097
21304
15147
15641
14937
14611
12396
13180
13890
16014
15258
14800
13907
15147
14870
14354
14248
15829
13893
15288
14355
12687
14212
15151
13573
14403
17522
13537
16765
13863
13339
13569
13151
14361
13448
13080
13404
15235
15223
12609
13617
13980
13213
14996
11940
14262
16434
12451
13538
12910
13544
13195
15750
14875
15351
14350
14403
13097
13476
19544
14528
15512
13789
13479
13168
13681
12448
12533
11953
12339
14853
14276
13569
14118
13102
14351
14881
15833
13494
17076
13334
13454
12989
13791
12110
13127
15045
13346
12689
12701
13047
13100
14849
12637
14142
13687
10320
13437
12813
13106
15914
13291
11927
12490
12836
12325
13548
15804
11583
11533
14799
12278
13833
13908
14187
13291
12944
12064
13504
12667
14561
12647
11401
14623
14092
12069
12485
15563
12947
14483
10976
14015
12234
12466
11608
13191
12503
12515
12610
12661
13320
15483
11588
13524
11892
12199
10730
13490
12186
12198
12041
12480
12421
12612
12192
11032
11579
13150
18135
12151
11430
13790
13166
11715
10942
11796
11752
12117
11293
13474
12033
15223
12285
11677
11046
11371
12218
11604
12863
11749
25453
12626
12517
12602
11931
13279
18055
13087
10981
12295
