7.960925925925926
7.996111111111111
11.455370370370371
7.497777777777777
7.744814814814815
7.249074074074074
8.211296296296297
10.539814814814815
7.537592592592593
9.16611111111111
6.616666666666666
8.677222222222222
12.595555555555556
8.216851851851851
6.404444444444445
9.101296296296296
8.10537037037037
7.335925925925926
7.062962962962963
8.530185185185186
7.941666666666666
7.456851851851852
10.15148148148148
7.189074074074074
7.111111111111111
8.393518518518519
9.322962962962963
6.258148148148148
7.49037037037037
10.174259259259259
8.385
8.411111111111111
5.886296296296297
6.822037037037037
7.542407407407407
7.388148148148148
5.978703703703704
7.612777777777778
7.600185185185185
6.808703703703704
7.94
6.361111111111111
6.107222222222222
6.996296296296296
6.621851851851852
6.187777777777778
6.652222222222222
6.578888888888889
8.501666666666667
8.842037037037038
7.723518518518518
6.86537037037037
6.052962962962963
10.64537037037037
7.841851851851852
7.625925925925926
6.751111111111111
6.019814814814815
7.794814814814814
8.349444444444444
7.802407407407407
6.9585185185185185
8.022592592592593
6.406666666666666
6.198518518518519
6.053703703703704
8.257592592592593
9.041851851851852
7.74462962962963
6.1268518518518515
7.727037037037037
9.085555555555555
7.164444444444444
9.402777777777779
5.958888888888889
7.6631481481481485
6.61962962962963
10.602777777777778
6.758518518518518
7.628888888888889
6.559259259259259
13.358888888888888
8.39537037037037
5.848333333333334
6.485
7.140370370370371
8.639444444444445
6.912222222222222
5.327962962962963
6.553888888888889
7.688148148148148
7.720185185185185
6.453518518518519
7.4151851851851855
9.440185185185186
5.650555555555556
6.7064814814814815
6.321851851851852
5.37537037037037
6.816851851851852
6.365555555555556
6.960555555555556
6.716481481481481
6.462407407407407
5.686111111111111
6.0035185185185185
6.362592592592593
6.193888888888889
7.002962962962963
8.15537037037037
8.712777777777777
6.306481481481481
5.885370370370371
5.992222222222222
6.136851851851852
6.783148148148148
5.82537037037037
7.312037037037037
6.843333333333334
6.147962962962963
6.473148148148148
5.7498148148148145
6.855185185185185
5.627777777777778
7.720555555555555
6.6305555555555555
7.366666666666666
6.92
5.725740740740741
6.154259259259259
5.987777777777778
6.326666666666667
6.021481481481482
5.980185185185185
6.878888888888889
5.295555555555556
5.864814814814815
6.5975925925925925
6.081111111111111
8.406666666666666
6.332962962962963
6.5959259259259255
6.128888888888889
5.791851851851852
5.404259259259259
7.385740740740741
5.316851851851852
5.283333333333333
6.178888888888889
5.771111111111111
5.971481481481481
6.392222222222222
5.711296296296296
6.197222222222222
5.88
5.913888888888889
6.282592592592593
5.4275925925925925
6.768888888888889
5.814074074074074
6.5848148148148145
5.892777777777778
5.571296296296296
5.29462962962963
6.697777777777778
5.908333333333333
5.91962962962963
6.0468518518518515
5.801481481481481
5.41574074074074
5.269629629629629
5.667962962962963
5.702222222222222
5.532962962962963
5.877777777777778
5.305
4.765925925925926
5.350185185185185
4.78037037037037
7.358148148148148
6.444259259259259
4.694259259259259
4.943333333333333
4.601666666666667
5.610185185185185
6.135925925925926
4.583148148148148
5.125740740740741
5.507037037037037
7.132037037037037
4.939444444444445
5.686111111111111
8.134814814814815
5.7225925925925925
5.726296296296296
6.611481481481482
4.9527777777777775
5.900925925925926
6.542037037037037
4.883148148148148
5.046111111111111
4.826296296296296
5.474444444444444
4.965740740740741
4.908148148148148
5.010185185185185
6.603518518518518
4.963148148148148
5.8566666666666665
5.395185185185185
5.617037037037037
5.429444444444444
4.744074074074074
5.541666666666667
5.555370370370371
5.948703703703703
5.561296296296296
4.9366666666666665
5.146481481481482
6.585555555555556
4.902592592592592
5.1066666666666665
5.09037037037037
6.113148148148148
5.352962962962963
4.868703703703703
5.439444444444445
5.937037037037037
5.153333333333333
4.827222222222222
4.746851851851852
5.428148148148148
5.995555555555556
5.042037037037037
4.813703703703704
4.936481481481482
5.42962962962963
5.962592592592593
5.2501851851851855
5.865
5.627592592592593
5.029444444444445
5.041851851851852
4.311296296296296
4.723333333333334
5.727037037037037
4.892407407407408
4.292777777777777
4.745
5.536666666666667
5.878888888888889
5.671666666666667
4.295
5.229814814814815
4.8677777777777775
4.315185185185185
4.944814814814815
6.539074074074074
4.720740740740741
6.061481481481482
5.055185185185185
4.7501851851851855
4.811481481481482
4.2027777777777775
4.366296296296296
4.643888888888889
4.852037037037037
4.707222222222223
4.387037037037037
4.9255555555555555
5.298333333333333
6.247407407407407
4.437777777777778
4.24574074074074
4.689444444444445
4.932037037037037
4.332037037037037
4.816851851851852
4.831666666666667
4.545
5.552407407407407
4.206666666666667
4.690740740740741
4.62037037037037
4.899814814814815
4.998888888888889
4.348333333333334
4.717777777777778
4.896851851851852
5.566666666666666
4.690925925925926
5.076481481481482
4.993333333333333
4.848703703703704
4.845185185185185
4.794814814814814
4.1466666666666665
4.30037037037037
5.3661111111111115
5.451296296296296
5.7683333333333335
3.959814814814815
4.327222222222222
4.742592592592593
4.763888888888889
4.605740740740741
4.071296296296296
5.275925925925926
4.627037037037037
6.131481481481481
3.8718518518518517
4.2898148148148145
4.942222222222222
3.95962962962963
4.315555555555555
4.768148148148148
4.659074074074074
4.322592592592593
4.42037037037037
5.1338888888888885
4.3785185185185185
4.586111111111111
4.2011111111111115
4.147592592592592
3.957222222222222
4.902777777777778
4.786666666666667
4.23
5.992407407407407
4.445
4.401296296296296
4.3842592592592595
4.482222222222222
4.521481481481482
4.527962962962963
4.527962962962963
4.216851851851852
4.110185185185185
3.6685185185185185
3.8214814814814817
4.081851851851852
4.312222222222222
4.3368518518518515
5.935185185185185
4.5307407407407405
4.24462962962963
4.106481481481482
4.914259259259259
4.558148148148148
4.760740740740741
4.452407407407407
4.266851851851852
5.15
4.265370370370371
3.950740740740741
4.001296296296296
4.2555555555555555
3.698703703703704
4.4057407407407405
4.051296296296297
5.312407407407408
4.437777777777778
4.4783333333333335
3.8835185185185184
4.012222222222222
5.065185185185185
4.37925925925926
3.769814814814815
4.051666666666667
4.208703703703704
3.780740740740741
4.084444444444444
4.1846296296296295
3.7944444444444443
4.836111111111111
4.045555555555556
4.214444444444444
3.6951851851851854
4.308888888888889
3.8185185185185184
4.223333333333334
4.128888888888889
4.329444444444444
4.31
4.007777777777778
3.837037037037037
4.7972222222222225
4.226481481481481
4.400185185185185
4.232777777777778
3.920925925925926
4.461111111111111
4.135
3.8803703703703705
4.389814814814815
3.6422222222222222
5.527962962962963
4.277962962962963
3.6418518518518517
4.736666666666666
3.5768518518518517
3.8294444444444444
4.0088888888888885
3.674074074074074
4.515740740740741
4.185185185185185
4.099444444444444
4.486851851851852
3.7912962962962964
3.578888888888889
4.620925925925926
3.922037037037037
5.199814814814815
4.125555555555556
4.012222222222222
3.9901851851851853
3.857222222222222
3.874814814814815
4.039074074074074
3.6964814814814817
3.4194444444444443
3.4472222222222224
3.6124074074074075
3.657037037037037
4.747962962962963
3.8435185185185183
3.9792592592592593
3.4392592592592592
3.9516666666666667
3.9077777777777776
4.2316666666666665
4.197777777777778
3.8203703703703704
3.3275925925925924
3.510925925925926
4.04425925925926
4.054074074074074
3.9294444444444445
4.527037037037037
3.843888888888889
3.600740740740741
4.295
4.017962962962963
3.850740740740741
4.0001851851851855
4.061296296296296
3.7307407407407407
3.6327777777777777
3.7472222222222222
3.1885185185185185
4.1829629629629625
3.8703703703703702
3.756111111111111
3.772407407407407
3.8938888888888887
3.7935185185185185
4.048703703703704
3.6857407407407408
3.9335185185185186
4.248333333333333
4.064074074074074
4.4151851851851855
3.937222222222222
4.265
3.7653703703703703
4.216296296296297
3.335185185185185
3.5114814814814816
3.415
3.725740740740741
4.367407407407407
3.854814814814815
3.8314814814814815
3.9522222222222223
4.1396296296296295
3.707777777777778
3.6475925925925927
4.252037037037037
3.7855555555555553
4.525555555555556
4.2901851851851855
3.8425925925925926
3.956851851851852
3.9627777777777777
4.033333333333333
3.649814814814815
3.457222222222222
3.510740740740741
3.840925925925926
5.086666666666667
3.8705555555555557
4.336296296296296
3.382037037037037
3.5896296296296297
3.6314814814814813
4.028518518518519
3.3524074074074073
4.049444444444444
3.6416666666666666
3.539814814814815
3.8733333333333335
3.1166666666666667
3.566666666666667
3.4264814814814817
3.4655555555555555
3.449074074074074
4.070185185185185
3.97537037037037
3.7375925925925926
4.035555555555556
3.502962962962963
3.280740740740741
4.623518518518519
4.252962962962963
3.5
3.600740740740741
3.7646296296296295
3.7914814814814815
3.6203703703703702
3.7062962962962964
3.116111111111111
3.428148148148148
3.3466666666666667
3.6887037037037036
3.2153703703703704
3.195925925925926
3.6444444444444444
3.537037037037037
3.5974074074074074
3.763888888888889
3.6101851851851854
3.7327777777777778
3.9407407407407407
3.648888888888889
3.5742592592592595
3.566851851851852
3.2311111111111113
3.6385185185185187
3.6705555555555556
3.203148148148148
3.2222222222222223
3.450740740740741
3.995740740740741
3.427962962962963
3.918888888888889
3.4298148148148146
3.401851851851852
3.428148148148148
3.2685185185185186
3.5874074074074076
3.3137037037037036
3.1822222222222223
3.8224074074074075
3.5175925925925924
3.2905555555555557
3.262962962962963
3.1403703703703703
3.4718518518518517
3.2764814814814813
3.8144444444444443
4.187407407407408
3.6483333333333334
3.611666666666667
3.4092592592592594
3.3581481481481483
3.2405555555555554
3.0353703703703703
3.772777777777778
3.502037037037037
3.312037037037037
4.41
3.597777777777778
3.372037037037037
3.319259259259259
3.2137037037037035
3.0857407407407407
3.089259259259259
3.769814814814815
3.22537037037037
3.082962962962963
3.5724074074074075
3.162962962962963
3.2844444444444445
3.525925925925926
3.3174074074074076
3.4133333333333336
3.025185185185185
3.3651851851851853
2.955
3.5012962962962964
3.0877777777777777
3.5675925925925926
3.4946296296296295
3.393148148148148
3.4007407407407406
3.312777777777778
3.6566666666666667
2.8487037037037037
3.184814814814815
3.1798148148148146
3.5035185185185185
3.1955555555555555
2.9894444444444446
3.328333333333333
3.272037037037037
3.548888888888889
3.1614814814814816
2.906296296296296
3.009074074074074
3.457222222222222
3.374814814814815
2.8894444444444445
3.5475925925925926
3.294259259259259
3.0572222222222223
2.9755555555555557
3.5148148148148146
3.6548148148148147
3.403888888888889
3.2055555555555557
3.2331481481481483
3.2583333333333333
3.029074074074074
3.39962962962963
3.1966666666666668
3.035925925925926
3.234814814814815
3.036111111111111
4.574814814814815
3.489259259259259
3.049259259259259
3.413148148148148
3.2164814814814813
3.3848148148148147
5.307037037037037
3.015740740740741
3.371111111111111
3.125
2.803888888888889
2.4903703703703703
2.930740740740741
3.0768518518518517
3.4425925925925926
2.968703703703704
3.1624074074074073
3.0053703703703705
3.0596296296296295
3.2016666666666667
3.151666666666667
3.692962962962963
3.379814814814815
2.9157407407407407
3.004074074074074
3.0527777777777776
2.6312962962962962
3.1757407407407405
3.1874074074074072
2.8672222222222223
3.198888888888889
3.2998148148148148
3.172222222222222
2.9983333333333335
3.0294444444444446
3.1642592592592593
3.1416666666666666
2.653888888888889
2.7016666666666667
2.9203703703703705
3.531851851851852
3.255
2.906111111111111
3.0257407407407406
3.2288888888888887
2.7425925925925925
3.1983333333333333
3.142037037037037
2.886851851851852
3.5298148148148147
2.9414814814814814
3.0303703703703704
2.977037037037037
2.9683333333333333
5.475740740740741
3.011296296296296
3.2664814814814815
2.904259259259259
2.7551851851851854
3.207037037037037
2.6531481481481483
3.605185185185185
2.770925925925926
3.045925925925926
3.6296296296296298
2.8087037037037037
2.9285185185185183
2.985925925925926
3.5635185185185185
2.7964814814814813
2.864074074074074
3.238148148148148
2.740925925925926
3.826111111111111
3.083148148148148
2.9375925925925928
2.817962962962963
2.8362962962962963
3.091666666666667
2.5453703703703705
3.1924074074074076
3.1475925925925927
2.8912962962962965
2.7666666666666666
2.778703703703704
2.602777777777778
3.042037037037037
3.0594444444444444
3.1242592592592593
2.6064814814814814
2.7446296296296295
2.8961111111111113
3.0153703703703703
2.762962962962963
3.750185185185185
2.698148148148148
2.651851851851852
4.088888888888889
2.955740740740741
2.66537037037037
3.529259259259259
2.9314814814814816
2.975925925925926
2.8994444444444443
2.8755555555555556
3.602037037037037
3.3242592592592595
3.089814814814815
2.775925925925926
2.7288888888888887
3.0755555555555554
2.8455555555555554
2.919259259259259
2.5794444444444444
2.565
3.1057407407407407
3.1164814814814816
2.4694444444444446
2.5935185185185183
2.774259259259259
3.0866666666666664
2.5862962962962963
2.927962962962963
2.682037037037037
3.025185185185185
3.0653703703703705
2.5485185185185184
2.9072222222222224
2.8062962962962965
2.454074074074074
2.8224074074074075
2.9574074074074073
2.6222222222222222
2.5774074074074074
2.667037037037037
3.0009259259259258
2.6442592592592593
2.772037037037037
2.890185185185185
2.8874074074074074
4.841296296296297
2.936851851851852
2.9155555555555557
2.8305555555555557
3.622962962962963
2.8153703703703705
2.6212962962962965
2.9466666666666668
2.9064814814814817
2.794259259259259
2.5342592592592594
2.755
2.7274074074074073
2.7001851851851852
3.086851851851852
2.627962962962963
2.602222222222222
3.310925925925926
2.7442592592592594
2.589074074074074
2.410185185185185
2.823148148148148
2.383703703703704
2.31462962962963
2.5046296296296298
2.6605555555555553
2.620925925925926
2.7616666666666667
2.5416666666666665
3.6675925925925927
2.5681481481481483
2.772037037037037
2.6724074074074076
2.4437037037037035
2.7842592592592594
2.6555555555555554
2.4296296296296296
2.8848148148148147
2.5275925925925926
2.6355555555555554
2.5985185185185187
2.3555555555555556
2.6618518518518517
2.9498148148148147
2.4118518518518517
2.776111111111111
2.6838888888888888
2.627407407407407
2.8514814814814815
2.8724074074074073
2.778888888888889
2.503888888888889
2.5903703703703704
2.454814814814815
2.580925925925926
2.614074074074074
2.328888888888889
2.258888888888889
2.81037037037037
2.6594444444444445
2.477222222222222
2.401851851851852
2.427037037037037
2.368148148148148
2.5681481481481483
2.608888888888889
2.7418518518518518
2.679074074074074
2.5524074074074075
2.4755555555555557
2.205
3.0701851851851854
2.451111111111111
2.2998148148148148
2.2894444444444444
2.2668518518518517
2.4755555555555557
2.177962962962963
2.3374074074074076
2.555740740740741
2.5283333333333333
2.512777777777778
2.4385185185185185
2.623148148148148
2.5433333333333334
2.3455555555555554
2.5877777777777777
2.292962962962963
2.5637037037037036
2.582037037037037
2.3366666666666664
2.39
2.3905555555555558
2.5735185185185183
2.5681481481481483
2.462962962962963
2.236111111111111
2.464074074074074
2.2794444444444446
2.365925925925926
2.4746296296296295
2.609814814814815
2.895
2.1438888888888887
2.115
2.3577777777777778
2.6633333333333336
2.813148148148148
2.645
2.3396296296296297
2.3268518518518517
2.1842592592592593
2.582962962962963
2.422037037037037
2.446111111111111
2.273888888888889
2.144814814814815
2.6314814814814813
2.768148148148148
2.275
2.5279629629629627
2.3387037037037035
2.3625925925925926
2.5894444444444447
2.457222222222222
2.5046296296296298
4.85
2.3801851851851854
2.5453703703703705
2.6055555555555556
2.5075925925925926
2.358888888888889
2.196851851851852
2.4498148148148147
2.3585185185185185
2.4318518518518517
2.4696296296296296
2.4944444444444445
2.651666666666667
2.0314814814814817
2.312777777777778
2.584074074074074
2.2205555555555554
2.342962962962963
2.6966666666666668
2.8044444444444445
2.3722222222222222
2.235
2.1633333333333336
2.5657407407407407
2.662777777777778
2.3274074074074074
3.466666666666667
2.375
2.0216666666666665
2.3918518518518517
2.3175925925925926
2.377407407407407
2.2635185185185187
2.416851851851852
2.495925925925926
2.4864814814814813
2.3324074074074073
2.474814814814815
2.3144444444444443
2.440185185185185
2.397407407407407
2.457777777777778
2.1233333333333335
2.5322222222222224
2.191666666666667
2.42
2.7294444444444443
2.631111111111111
2.1253703703703706
2.1907407407407407
2.5751851851851852
2.5703703703703704
2.4857407407407406
2.617962962962963
2.6037037037037036
2.5883333333333334
2.9325925925925924
2.392962962962963
2.327777777777778
2.2685185185185186
2.445
2.5175925925925924
2.647962962962963
2.255
2.5755555555555554
2.2346296296296297
2.532962962962963
2.3492592592592594
2.312037037037037
3.6414814814814815
2.3694444444444445
3.4366666666666665
1.9614814814814814
2.340925925925926
2.252962962962963
2.231851851851852
2.352222222222222
2.517962962962963
2.067222222222222
2.2055555555555557
2.3024074074074075
2.5348148148148146
2.1594444444444445
2.2353703703703705
2.2533333333333334
2.226111111111111
2.2714814814814814
2.5296296296296297
2.1307407407407406
2.1911111111111112
2.317222222222222
2.41537037037037
14.545
2.1533333333333333
2.1598148148148146
2.117037037037037
2.3533333333333335
2.2705555555555557
2.6857407407407408
2.3894444444444445
2.249814814814815
2.0724074074074075
8.099444444444444
2.147777777777778
2.4075925925925925
2.10037037037037
