-379838.0
-285131.0
-424718.0
-321321.0
-350160.0
-328145.0
-335630.0
-363916.0
-345500.0
-384734.0
-407412.0
-385101.0
-393980.0
-341921.0
-354414.0
-362324.0
-366509.0
-311200.0
-313841.0
-442039.0
-321817.0
-294117.0
-416862.0
-278708.0
-307372.0
-344545.0
-421183.0
-347152.0
-345558.0
-405922.0
-398825.0
-346936.0
-364614.0
-415204.0
-316237.0
-398539.0
-287017.0
-261657.0
-347996.0
-267652.0
-303769.0
-342382.0
-321445.0
-268496.0
-310937.0
-272518.0
-251748.0
-342050.0
-417659.0
-334981.0
-371389.0
-344321.0
-267631.0
-357371.0
-292228.0
-325204.0
-288980.0
-264385.0
-302554.0
-377480.0
-343583.0
-261149.0
-402221.0
-304097.0
-295517.0
-322332.0
-288044.0
-328874.0
-325628.0
-233823.0
-303168.0
-341230.0
-407715.0
-364537.0
-283806.0
-303717.0
-327633.0
-323937.0
-258046.0
-290726.0
-310449.0
-494622.0
-323672.0
-318065.0
-314792.0
-296263.0
-381551.0
-309342.0
-351417.0
-329991.0
-314724.0
-317539.0
-251217.0
-254718.0
-322695.0
-356132.0
-306048.0
-275417.0
-235914.0
-250734.0
-248363.0
-277212.0
-230658.0
-298005.0
-225352.0
-276990.0
-238888.0
-282640.0
-333599.0
-316966.0
-407366.0
-266314.0
-323762.0
-267783.0
-327509.0
-279194.0
-223974.0
-430815.0
-243961.0
-287141.0
-290859.0
-309782.0
-249538.0
-225513.0
-323207.0
-266053.0
-301672.0
-306012.0
-438465.0
-273024.0
-242061.0
-271441.0
-237064.0
-234170.0
-274394.0
-260985.0
-286753.0
-270834.0
-280640.0
-391553.0
-293374.0
-273450.0
-303306.0
-275025.0
-242186.0
-344893.0
-234248.0
-228157.0
-256069.0
-269890.0
-253125.0
-293958.0
-275722.0
-277116.0
-259317.0
-235238.0
-227820.0
-204942.0
-331417.0
-279391.0
-231021.0
-229971.0
-284131.0
-219705.0
-246944.0
-217092.0
-221886.0
-256853.0
-239830.0
-258992.0
-204317.0
-189827.0
-251194.0
-278108.0
-201314.0
-239110.0
-249616.0
-243002.0
-250547.0
-364949.0
-276234.0
-274638.0
-216629.0
-255026.0
-200607.0
-206755.0
-236589.0
-251737.0
-231606.0
-270276.0
-199351.0
-275366.0
-312223.0
-270408.0
-260142.0
-254255.0
-232278.0
-216479.0
-245557.0
-240379.0
-222084.0
-213469.0
-239509.0
-267739.0
-204489.0
-248803.0
-240702.0
-240786.0
-248212.0
-234785.0
-255965.0
-217323.0
-190357.0
-287945.0
-257101.0
-306211.0
-262791.0
-224310.0
-219614.0
-244499.0
-219974.0
-195285.0
-297033.0
-270245.0
-215065.0
-226587.0
-269730.0
-219078.0
-205681.0
-199222.0
-239438.0
-219274.0
-243413.0
-236392.0
-177621.0
-228334.0
-212279.0
-228298.0
-254615.0
-260068.0
-215875.0
-215581.0
-243320.0
-197838.0
-189134.0
-210549.0
-221099.0
-177954.0
-225636.0
-196902.0
-242637.0
-253829.0
-225342.0
-246438.0
-188729.0
-205122.0
-240134.0
-264631.0
-241361.0
-280548.0
-253931.0
-279258.0
-206489.0
-170829.0
-186053.0
-192527.0
-187458.0
-212535.0
-194098.0
-232939.0
-217286.0
-270554.0
-176357.0
-190069.0
-206198.0
-199178.0
-219154.0
-245958.0
-220276.0
-198809.0
-238767.0
-209378.0
-187364.0
-216633.0
-187406.0
-228611.0
-210855.0
-210534.0
-203864.0
-224536.0
-224316.0
-212830.0
-189697.0
-219649.0
-224193.0
-231176.0
-166119.0
-201599.0
-226270.0
-199430.0
-209024.0
-171800.0
-195972.0
-203411.0
-192416.0
-186056.0
-190139.0
-180013.0
-195905.0
-293521.0
-187551.0
-168323.0
-216849.0
-189175.0
-178324.0
-200114.0
-212154.0
-204533.0
-187886.0
-203794.0
-221828.0
-170985.0
-199062.0
-150901.0
-171817.0
-219187.0
-193355.0
-187598.0
-260735.0
-177810.0
-172996.0
-222228.0
-169175.0
-190098.0
-150254.0
-203725.0
-204060.0
-187393.0
-185441.0
-202181.0
-170299.0
-202179.0
-208962.0
-263340.0
-167894.0
-157773.0
-187201.0
-199414.0
-182318.0
-184780.0
-192251.0
-156244.0
-223013.0
-176957.0
-179686.0
-137919.0
-162478.0
-159059.0
-156387.0
-161703.0
-190880.0
-189506.0
-191436.0
-166615.0
-173883.0
-210443.0
-199985.0
-180409.0
-218460.0
-230592.0
-157910.0
-207974.0
-175280.0
-165813.0
-174819.0
-195527.0
-207831.0
-184444.0
-184651.0
-173516.0
-220536.0
-148685.0
-192534.0
-187522.0
-161226.0
-196029.0
-201243.0
-194933.0
-214308.0
-192164.0
-139003.0
-201023.0
-177278.0
-198871.0
-208592.0
-185222.0
-153639.0
-215050.0
-156074.0
-203130.0
-172168.0
-167139.0
-170920.0
-174773.0
-177120.0
-168961.0
-216145.0
-167085.0
-219393.0
-147645.0
-163619.0
-136554.0
-217700.0
-195723.0
-185562.0
-186444.0
-157961.0
-258338.0
-171307.0
-168721.0
-148791.0
-161753.0
-192088.0
-183544.0
-207342.0
-149604.0
-124461.0
-167142.0
-153342.0
-181695.0
-191209.0
-186445.0
-173576.0
-164015.0
-154336.0
-198978.0
-162406.0
-188210.0
-168232.0
-166653.0
-132810.0
-149105.0
-160063.0
-140765.0
-188307.0
-183017.0
-179200.0
-157464.0
-146654.0
-174483.0
-183466.0
-141712.0
-158250.0
-155826.0
-191682.0
-163023.0
-169185.0
-147766.0
-154835.0
-194566.0
-152208.0
-182536.0
-186069.0
-162889.0
-150588.0
-171315.0
-146480.0
-137618.0
-159753.0
-152137.0
-195850.0
-156798.0
-150543.0
-195811.0
-161642.0
-137529.0
-156800.0
-159945.0
-144763.0
-188869.0
-205266.0
-158873.0
-160729.0
-175353.0
-198343.0
-167391.0
-142534.0
-195969.0
-219524.0
-194390.0
-162752.0
-170236.0
-170374.0
-139199.0
-154932.0
-152611.0
-133771.0
-136658.0
-143251.0
-128462.0
-137049.0
-192830.0
-137663.0
-183454.0
-141785.0
-138525.0
-187032.0
-174531.0
-153099.0
-153565.0
-161796.0
-134734.0
-157417.0
-176860.0
-153374.0
-123094.0
-138557.0
-156504.0
-204347.0
-157291.0
-146217.0
-161100.0
-168724.0
-146020.0
-130193.0
-167320.0
-122894.0
-169355.0
-159615.0
-177127.0
-121382.0
-141239.0
-170888.0
-145935.0
-147912.0
-151246.0
-131730.0
-153241.0
-176420.0
-184176.0
-138200.0
-139127.0
-187590.0
-153131.0
-134132.0
-143399.0
-119166.0
-154220.0
-144919.0
-135379.0
-119243.0
-144245.0
-164993.0
-158750.0
-157265.0
-185573.0
-121916.0
-130183.0
-184336.0
-139669.0
-185971.0
-180910.0
-142322.0
-127491.0
-133109.0
-131683.0
-128166.0
-121147.0
-140184.0
-136445.0
-191024.0
-171050.0
-123422.0
-153843.0
-139771.0
-129191.0
-147433.0
-147817.0
-146598.0
-114875.0
-137361.0
-147462.0
-133892.0
-146362.0
-132328.0
-142255.0
-123792.0
-141846.0
-140456.0
-113029.0
-122969.0
-146969.0
-129805.0
-148805.0
-148408.0
-152357.0
-152869.0
-135175.0
-127301.0
-121070.0
-114600.0
-151919.0
-126211.0
-170899.0
-133638.0
-151221.0
-125942.0
-129323.0
-134373.0
-133930.0
-149010.0
-123129.0
-156533.0
-140298.0
-121153.0
-146201.0
-160944.0
-149628.0
-128588.0
-135400.0
-129231.0
-121693.0
-116382.0
-186462.0
-133269.0
-118848.0
-137753.0
-144961.0
-173552.0
-169543.0
-146147.0
-150745.0
-133258.0
-134614.0
-150531.0
-129080.0
-147033.0
-107293.0
-116777.0
-128300.0
-118346.0
-122553.0
-134698.0
-88282.0
-123797.0
-134949.0
-115089.0
-119846.0
-115158.0
-152034.0
-139479.0
-111423.0
-166275.0
-138615.0
-130731.0
-118729.0
-167866.0
-107751.0
-150405.0
-128691.0
-119547.0
-103473.0
-118092.0
-126089.0
-102589.0
-109687.0
-127370.0
-108937.0
-142120.0
-144478.0
-144477.0
-116911.0
-113389.0
-114570.0
-144915.0
-124270.0
-123532.0
-122614.0
-115416.0
-142691.0
-125557.0
-120826.0
-204448.0
-113667.0
-154319.0
-100864.0
-103423.0
-112142.0
-136501.0
-131382.0
-169375.0
-130831.0
-125568.0
-93878.0
-111181.0
-129586.0
-134954.0
-125758.0
-146540.0
-127948.0
-135383.0
-164510.0
-142954.0
-140253.0
-109914.0
-90772.0
-127463.0
-125878.0
-125108.0
-136115.0
-113542.0
-120927.0
-104859.0
-143799.0
-128792.0
-124870.0
-167249.0
-135326.0
-125932.0
-136636.0
-115845.0
-123655.0
-138087.0
-105752.0
-117434.0
-122770.0
-123097.0
-96458.0
-151847.0
-131323.0
-142235.0
-112674.0
-119534.0
-176893.0
-146412.0
-127274.0
-174110.0
-115070.0
-114905.0
-133529.0
-132371.0
-114787.0
-115584.0
-130070.0
-143418.0
-112784.0
-94081.0
-115610.0
-128981.0
-153633.0
-144373.0
-111010.0
-163001.0
-119911.0
-109700.0
-194228.0
-136841.0
-113697.0
-109115.0
-117710.0
-91707.0
-126877.0
-107832.0
-137128.0
-137351.0
-116084.0
-100076.0
-121926.0
-168156.0
-120759.0
-108742.0
-120772.0
-117821.0
-103851.0
-103193.0
-109005.0
-92869.0
-104688.0
-113618.0
-128745.0
-115097.0
-97916.0
-110754.0
-110183.0
-132080.0
-115737.0
-119407.0
-91507.0
-101310.0
-95917.0
-115449.0
-102868.0
-128120.0
-92935.0
-106412.0
-102884.0
-136994.0
-136650.0
-121322.0
-111309.0
-97847.0
-120595.0
-113983.0
-104022.0
-114972.0
-153766.0
-115582.0
-106033.0
-118982.0
-88714.0
-108791.0
-140539.0
-122467.0
-123421.0
-107869.0
-122062.0
-99101.0
-129391.0
-125539.0
-103367.0
-105140.0
-132987.0
-102810.0
-102960.0
-111620.0
-116111.0
-110128.0
-123222.0
-96922.0
-103831.0
-97501.0
-103520.0
-103676.0
-110773.0
-91915.0
-87508.0
-121296.0
-103459.0
-107006.0
-136465.0
-80265.0
-104464.0
-117323.0
-110790.0
-108856.0
-100761.0
-118815.0
-115992.0
-94192.0
-110048.0
-114965.0
-96366.0
-116199.0
-126811.0
-110531.0
-115603.0
-104662.0
-84558.0
-79550.0
-119036.0
-86389.0
-104115.0
-121355.0
-107788.0
-108318.0
-106837.0
-88618.0
-77465.0
-88042.0
-112545.0
-121733.0
-105411.0
-92620.0
-104402.0
-115982.0
-109277.0
-109919.0
-86809.0
-106104.0
-93348.0
-117695.0
-122440.0
-92622.0
-84538.0
-94833.0
-84600.0
-103205.0
-104326.0
-119926.0
-98699.0
-97675.0
-102966.0
-101408.0
-100598.0
-158553.0
-99051.0
-101534.0
-104393.0
-90628.0
-123385.0
-99020.0
-105582.0
-104609.0
-117694.0
-103918.0
-86993.0
-101492.0
-94243.0
-104381.0
-116202.0
-107504.0
-103933.0
-84026.0
-114440.0
-86475.0
-96853.0
-74510.0
-109072.0
-88874.0
-90130.0
-122528.0
-72128.0
-95280.0
-103211.0
-110399.0
-94215.0
-101591.0
-96868.0
-106638.0
-112686.0
-125340.0
-102518.0
-90535.0
-95499.0
-84667.0
-106584.0
-88623.0
-120077.0
-88569.0
-105129.0
-93766.0
-117694.0
-107928.0
-91787.0
-86568.0
-92357.0
-135214.0
-109793.0
-120379.0
-93989.0
-103206.0
-102537.0
-111297.0
-101273.0
-77667.0
-100590.0
-93623.0
-101927.0
-101591.0
-97075.0
-108605.0
-78847.0
-92986.0
-119773.0
-88281.0
-109481.0
-73937.0
-145155.0
-109406.0
-94885.0
-101817.0
-85554.0
-111284.0
-83302.0
-77460.0
-108504.0
-83477.0
-83320.0
-67377.0
-93179.0
-93828.0
-117935.0
-96339.0
-77164.0
-84587.0
-106787.0
-325230.0
-97232.0
-80524.0
-82295.0
-201078.0
-95637.0
-130805.0
-110960.0
-108530.0
-97598.0
-201662.0
-101471.0
-94167.0
-97861.0
