42989
43179
61859
40488
41822
39145
44341
56915
40703
49497
35730
46857
68016
44371
34584
49147
43769
39614
38140
46063
42885
40267
54818
38821
38400
45325
50344
33794
40448
54941
45279
45420
31786
36839
40729
39896
32285
41109
41041
36767
42876
34350
32979
37780
35758
33414
35922
35526
45909
47747
41707
37073
32686
57485
42346
41180
36456
32507
42092
45087
42133
37576
43322
34596
33472
32690
44591
48826
41821
33085
41726
49062
38688
50775
32178
41381
35746
57255
36496
41196
35420
72138
45335
31581
35019
38558
46653
37326
28771
35391
41516
41689
34849
40042
50977
30513
36215
34138
29027
36811
34374
37587
36269
34897
30705
32419
34358
33447
37816
44039
47049
34055
31781
32358
33139
36629
31457
39485
36954
33199
34955
31049
37018
30390
41691
35805
39780
37368
30919
33233
32334
34164
32516
32293
37146
28596
31670
35627
32838
45396
34198
35618
33096
31276
29183
39883
28711
28530
33366
31164
32246
34518
30841
33465
31752
31935
33926
29309
36552
31396
35558
31821
30085
28591
36168
31905
31966
32653
31328
29245
28456
30607
30792
29878
31740
28647
25736
28891
25814
39734
34799
25349
26694
24849
30295
33134
24749
27679
29738
38513
26673
30705
43928
30902
30922
35702
26745
31865
35327
26369
27249
26062
29562
26815
26504
27055
35659
26801
31626
29134
30332
29319
25618
29925
29999
32123
30031
26658
27791
35562
26474
27576
27488
33011
28906
26291
29373
32060
27828
26067
25633
29312
32376
27227
25994
26657
29320
32198
28351
31671
30389
27159
27226
23281
25506
30926
26419
23181
25623
29898
31746
30627
23193
28241
26286
23302
26702
35311
25492
32732
27298
25651
25982
22695
23578
25077
26201
25419
23690
26598
28611
33736
23964
22927
25323
26633
23393
26011
26091
24543
29983
22716
25330
24950
26459
26994
23481
25476
26443
30060
25331
27413
26964
26183
26164
25892
22392
23222
28977
29437
31149
21383
23367
25610
25725
24871
21985
28490
24986
33110
20908
23165
26688
21382
23304
25748
25159
23342
23870
27723
23644
24765
22686
22397
21369
26475
25848
22842
32359
24003
23767
23675
24204
24416
24451
24451
22771
22195
19810
20636
22042
23286
23419
32050
24466
22921
22175
26537
24614
25708
24043
23041
27810
23033
21334
21607
22980
19973
23791
21877
28687
23964
24183
20971
21666
27352
23648
20357
21879
22727
20416
22056
22597
20490
26115
21846
22758
19954
23268
20620
22806
22296
23379
23274
21642
20720
25905
22823
23761
22857
21173
24090
22329
20954
23705
19668
29851
23101
19666
25578
19315
20679
21648
19840
24385
22600
22137
24229
20473
19326
24953
21179
28079
22278
21666
21547
20829
20924
21811
19961
18465
18615
19507
19748
25639
20755
21488
18572
21339
21102
22851
22668
20630
17969
18959
21839
21892
21219
24446
20757
19444
23193
21697
20794
21601
21931
20146
19617
20235
17218
22588
20900
20283
20371
21027
20485
21863
19903
21241
22941
21946
23842
21261
23031
20333
22768
18010
18962
18441
20119
23584
20816
20690
21342
22354
20022
19697
22961
20442
24438
23167
20750
21367
21399
21780
19709
18669
18958
20741
27468
20901
23416
18263
19384
19610
21754
18103
21867
19665
19115
20916
16830
19260
18503
18714
18625
21979
21467
20183
21792
18916
17716
24967
22966
18900
19444
20329
20474
19550
20014
16827
18512
18072
19919
17363
17258
19680
19100
19426
20325
19495
20157
21280
19704
19301
19261
17448
19648
19821
17297
17400
18634
21577
18511
21162
18521
18370
18512
17650
19372
17894
17184
20641
18995
17769
17620
16958
18748
17693
20598
22612
19701
19503
18410
18134
17499
16391
20373
18911
17885
23814
19428
18209
17924
17354
16663
16682
20357
17417
16648
19291
17080
17736
19040
17914
18432
16336
18172
15957
18907
16674
19265
18871
18323
18364
17889
19746
15383
17198
17171
18919
17256
16143
17973
17669
19164
17072
15694
16249
18669
18224
15603
19157
17789
16509
16068
18980
19736
18381
17310
17459
17595
16357
18358
17262
16394
17468
16395
24704
18842
16466
18431
17369
18278
28658
16285
18204
16875
15141
13448
15826
16615
18590
16031
17077
16229
16522
17289
17019
19942
18251
15745
16222
16485
14209
17149
17212
15483
17274
17819
17130
16191
16359
17087
16965
14331
14589
15770
19072
17577
15693
16339
17436
14810
17271
16967
15589
19061
15884
16364
16076
16029
29569
16261
17639
15683
14878
17318
14327
19468
14963
16448
19600
15167
15814
16124
19243
15101
15466
17486
14801
20661
16649
15863
15217
15316
16695
13745
17239
16997
15613
14940
15005
14055
16427
16521
16871
14075
14821
15639
16283
14920
20251
14570
14320
22080
15961
14393
19058
15830
16070
15657
15528
19451
17951
16685
14990
14736
16608
15366
15764
13929
13851
16771
16829
13335
14005
14981
16668
13966
15811
14483
16336
16553
13762
15699
15154
13252
15241
15970
14160
13918
14402
16205
14279
14969
15607
15592
26143
15859
15744
15285
19564
15203
14155
15912
15695
15089
13685
14877
14728
14581
16669
14191
14052
17879
14819
13981
13015
15245
12872
12499
13525
14367
14153
14913
13725
19805
13868
14969
14431
13196
15035
14340
13120
15578
13649
14232
14032
12720
14374
15929
13024
14991
14493
14188
15398
15511
15006
13521
13988
13256
13937
14116
12576
12198
15176
14361
13377
12970
13106
12788
13868
14088
14806
14467
13783
13368
11907
16579
13236
12419
12363
12241
13368
11761
12622
13801
13653
13569
13168
14165
13734
12666
13974
12382
13844
13943
12618
12906
12909
13897
13868
13300
12075
13306
12309
12776
13363
14093
15633
11577
11421
12732
14382
15191
14283
12634
12565
11795
13948
13079
13209
12279
11582
14210
14948
12285
13651
12629
12758
13983
13269
13525
26190
12853
13745
14070
13541
12738
11863
13229
12736
13132
13336
13470
14319
10970
12489
13954
11991
12652
14562
15144
12810
12069
11682
13855
14379
12568
18720
12825
10917
12916
12515
12838
12223
13051
13478
13427
12595
13364
12498
13177
12946
13272
11466
13674
11835
13068
14739
14208
11477
11830
13906
13880
13423
14137
14060
13977
15836
12922
12570
12250
13203
13595
14299
12177
13908
12067
13678
12686
12485
19664
12795
18558
10592
12641
12166
12052
12702
13597
11163
11910
12433
13688
11661
12071
12168
12021
12266
13660
11506
11832
12513
13043
78543
11628
11663
11432
12708
12261
14503
12903
12149
11191
43737
11598
13001
11342
