-183186.0
-141709.0
-241489.0
-159767.0
-166479.0
-159280.0
-170060.0
-205507.0
-163929.0
-187658.0
-164931.0
-188836.0
-205714.0
-159447.0
-157367.0
-190857.0
-171367.0
-156774.0
-148479.0
-210834.0
-163099.0
-150892.0
-221000.0
-141753.0
-143268.0
-167397.0
-204791.0
-161865.0
-148181.0
-220612.0
-180834.0
-170757.0
-170067.0
-177155.0
-153899.0
-199359.0
-127267.0
-131559.0
-161956.0
-130862.0
-155957.0
-154727.0
-143444.0
-139339.0
-142813.0
-135899.0
-129777.0
-167387.0
-183463.0
-159963.0
-175918.0
-160433.0
-125842.0
-194515.0
-143845.0
-168781.0
-145664.0
-137404.0
-152243.0
-179165.0
-173821.0
-134563.0
-179861.0
-141197.0
-148492.0
-137165.0
-162136.0
-170349.0
-172374.0
-115805.0
-164124.0
-171291.0
-180195.0
-191652.0
-131061.0
-156016.0
-154588.0
-177646.0
-132599.0
-151969.0
-152785.0
-268749.0
-152870.0
-143917.0
-159920.0
-143245.0
-191538.0
-160217.0
-150617.0
-152235.0
-169372.0
-170403.0
-135512.0
-129131.0
-180673.0
-142366.0
-151874.0
-131636.0
-117733.0
-127311.0
-115157.0
-130654.0
-123423.0
-152940.0
-116764.0
-131572.0
-123492.0
-133096.0
-158625.0
-155562.0
-196322.0
-131632.0
-141883.0
-133392.0
-148648.0
-144239.0
-111936.0
-210560.0
-121378.0
-134959.0
-144496.0
-138620.0
-132359.0
-113016.0
-152866.0
-132762.0
-160205.0
-151557.0
-175396.0
-134340.0
-128584.0
-135428.0
-119869.0
-109883.0
-141450.0
-112149.0
-140278.0
-136919.0
-136291.0
-213695.0
-145902.0
-132599.0
-136860.0
-128644.0
-119787.0
-194671.0
-116800.0
-104177.0
-120969.0
-126738.0
-123004.0
-151023.0
-145070.0
-131207.0
-122043.0
-118506.0
-114238.0
-99447.0
-153707.0
-137331.0
-118926.0
-108248.0
-143564.0
-110748.0
-127779.0
-107622.0
-112758.0
-116744.0
-123123.0
-122416.0
-99974.0
-92046.0
-135523.0
-137336.0
-107958.0
-116492.0
-109723.0
-111093.0
-111366.0
-186540.0
-137748.0
-122325.0
-105009.0
-119684.0
-104089.0
-112616.0
-115253.0
-131643.0
-114832.0
-141526.0
-101142.0
-128807.0
-170653.0
-134058.0
-130983.0
-132659.0
-111929.0
-110151.0
-131170.0
-121223.0
-109397.0
-104978.0
-121866.0
-114039.0
-102595.0
-110595.0
-128662.0
-107339.0
-131410.0
-116504.0
-133027.0
-114466.0
-90906.0
-134067.0
-129583.0
-145885.0
-133824.0
-112376.0
-109910.0
-134271.0
-98543.0
-97889.0
-132923.0
-135137.0
-107944.0
-104314.0
-132117.0
-99632.0
-99363.0
-95688.0
-114406.0
-111922.0
-128005.0
-110283.0
-88208.0
-110630.0
-108294.0
-117696.0
-131560.0
-127874.0
-105697.0
-103558.0
-114585.0
-90613.0
-96613.0
-102261.0
-104635.0
-85741.0
-107063.0
-107800.0
-124501.0
-121138.0
-104369.0
-127445.0
-95830.0
-102887.0
-115077.0
-134299.0
-112652.0
-141625.0
-121329.0
-129598.0
-94037.0
-84563.0
-86204.0
-95988.0
-96758.0
-111773.0
-98810.0
-113722.0
-112987.0
-138749.0
-88934.0
-91874.0
-101741.0
-93848.0
-107088.0
-116710.0
-109649.0
-97832.0
-115634.0
-99634.0
-92961.0
-108448.0
-94347.0
-111555.0
-102305.0
-99963.0
-102781.0
-110352.0
-105652.0
-107749.0
-100350.0
-107498.0
-105593.0
-119362.0
-77148.0
-96874.0
-120249.0
-103049.0
-110730.0
-85726.0
-89292.0
-97741.0
-92819.0
-97439.0
-87968.0
-92027.0
-96145.0
-136110.0
-87860.0
-83943.0
-107036.0
-87258.0
-87352.0
-96450.0
-109913.0
-95095.0
-87232.0
-112097.0
-102835.0
-88332.0
-99912.0
-71589.0
-81413.0
-108263.0
-103761.0
-89712.0
-136615.0
-89214.0
-76880.0
-103291.0
-86318.0
-90721.0
-73671.0
-102377.0
-101196.0
-87114.0
-82333.0
-90428.0
-86255.0
-95415.0
-104031.0
-137685.0
-85643.0
-76279.0
-89902.0
-105728.0
-86183.0
-90761.0
-95749.0
-76471.0
-110902.0
-85918.0
-88356.0
-65861.0
-72773.0
-74701.0
-78261.0
-79657.0
-97426.0
-101010.0
-91804.0
-81585.0
-89291.0
-112643.0
-100215.0
-85341.0
-100148.0
-103057.0
-68329.0
-99842.0
-87538.0
-76415.0
-94409.0
-90378.0
-100966.0
-90300.0
-88443.0
-81551.0
-101105.0
-78306.0
-92360.0
-92221.0
-80111.0
-95250.0
-106919.0
-92605.0
-107989.0
-94655.0
-68517.0
-100232.0
-87377.0
-90059.0
-101700.0
-86427.0
-86960.0
-103185.0
-76527.0
-104199.0
-77618.0
-79624.0
-84127.0
-88105.0
-91881.0
-84155.0
-105210.0
-81892.0
-101406.0
-66159.0
-83627.0
-66797.0
-115552.0
-94968.0
-94063.0
-96923.0
-71939.0
-81339.0
-80855.0
-79876.0
-69454.0
-74076.0
-86983.0
-87713.0
-95293.0
-73263.0
-65746.0
-75294.0
-72480.0
-77853.0
-98607.0
-89778.0
-86375.0
-78107.0
-70953.0
-99988.0
-78360.0
-98751.0
-88830.0
-78593.0
-66253.0
-78503.0
-77879.0
-71761.0
-102571.0
-89476.0
-82293.0
-76229.0
-73344.0
-85091.0
-95495.0
-70193.0
-71749.0
-80664.0
-94296.0
-75756.0
-84728.0
-70737.0
-73989.0
-98472.0
-80710.0
-96500.0
-85316.0
-81598.0
-72748.0
-86890.0
-72373.0
-67934.0
-80294.0
-71817.0
-102259.0
-76458.0
-79656.0
-96466.0
-83996.0
-65840.0
-76671.0
-83349.0
-71498.0
-92304.0
-103811.0
-77182.0
-79201.0
-86201.0
-103737.0
-75019.0
-72146.0
-93436.0
-110186.0
-99748.0
-79973.0
-85233.0
-78047.0
-70346.0
-80653.0
-75827.0
-66249.0
-72288.0
-67217.0
-66031.0
-72187.0
-88255.0
-66213.0
-87562.0
-69197.0
-65188.0
-91100.0
-89868.0
-77850.0
-69936.0
-76814.0
-69382.0
-88143.0
-90531.0
-70172.0
-60549.0
-75221.0
-75316.0
-99695.0
-83917.0
-67302.0
-82322.0
-85187.0
-76222.0
-61567.0
-76349.0
-64268.0
-80944.0
-78134.0
-84844.0
-60521.0
-73207.0
-88111.0
-77195.0
-73010.0
-72635.0
-62790.0
-76551.0
-87384.0
-84901.0
-64124.0
-70540.0
-92496.0
-69523.0
-67090.0
-67349.0
-60632.0
-75589.0
-73380.0
-67802.0
-60402.0
-71493.0
-76061.0
-83810.0
-68650.0
-84466.0
-59106.0
-69323.0
-88435.0
-71904.0
-92626.0
-94208.0
-75975.0
-61136.0
-63863.0
-68785.0
-66277.0
-65955.0
-69828.0
-68667.0
-104591.0
-90536.0
-65690.0
-75099.0
-64577.0
-60297.0
-70754.0
-72620.0
-73248.0
-56936.0
-71043.0
-75586.0
-63322.0
-75329.0
-66109.0
-70246.0
-57287.0
-71655.0
-66400.0
-61652.0
-57115.0
-76244.0
-69503.0
-74682.0
-78902.0
-74695.0
-79161.0
-59943.0
-64830.0
-58105.0
-55986.0
-72075.0
-62178.0
-86094.0
-68229.0
-74527.0
-64631.0
-59387.0
-67188.0
-68072.0
-76294.0
-59559.0
-83116.0
-73698.0
-65232.0
-62716.0
-80673.0
-74163.0
-57694.0
-68962.0
-68120.0
-63960.0
-61472.0
-94320.0
-67637.0
-59622.0
-69541.0
-70193.0
-79173.0
-83782.0
-72338.0
-79961.0
-64212.0
-70232.0
-93112.0
-64737.0
-77212.0
-56167.0
-55390.0
-58463.0
-62028.0
-57033.0
-70662.0
-46964.0
-64804.0
-66249.0
-56882.0
-57973.0
-58524.0
-73496.0
-71308.0
-54981.0
-84552.0
-69379.0
-61790.0
-61920.0
-82597.0
-54105.0
-73909.0
-66455.0
-58646.0
-50038.0
-60322.0
-64414.0
-50700.0
-53196.0
-61053.0
-53035.0
-78673.0
-71467.0
-66732.0
-58280.0
-57106.0
-54129.0
-74191.0
-60104.0
-62675.0
-63885.0
-54364.0
-70858.0
-61696.0
-61205.0
-107145.0
-53399.0
-80934.0
-49486.0
-52108.0
-59209.0
-64731.0
-72762.0
-79064.0
-65742.0
-66468.0
-46877.0
-54349.0
-65286.0
-72377.0
-60907.0
-71417.0
-62345.0
-61043.0
-92557.0
-70766.0
-69418.0
-53175.0
-48549.0
-64077.0
-55307.0
-57362.0
-69728.0
-58526.0
-61622.0
-52134.0
-70490.0
-62233.0
-62037.0
-83786.0
-64076.0
-61125.0
-69718.0
-58421.0
-61032.0
-75960.0
-54273.0
-57582.0
-65984.0
-61848.0
-49620.0
-82865.0
-67266.0
-70917.0
-55707.0
-57311.0
-92953.0
-77800.0
-62472.0
-78767.0
-58276.0
-58705.0
-66888.0
-65096.0
-56543.0
-56582.0
-63079.0
-72454.0
-52921.0
-48258.0
-57799.0
-65358.0
-73323.0
-71833.0
-56523.0
-77841.0
-61195.0
-54502.0
-74287.0
-69383.0
-52091.0
-52105.0
-58948.0
-45936.0
-62424.0
-52265.0
-65711.0
-69224.0
-58183.0
-49846.0
-61374.0
-94198.0
-59937.0
-55315.0
-58842.0
-62629.0
-54449.0
-48448.0
-53119.0
-48951.0
-51986.0
-54938.0
-63752.0
-56432.0
-50699.0
-56190.0
-51662.0
-63965.0
-55778.0
-60562.0
-44963.0
-49828.0
-46405.0
-56231.0
-50309.0
-62120.0
-45562.0
-49379.0
-48821.0
-66933.0
-69430.0
-59241.0
-55743.0
-48784.0
-54542.0
-56378.0
-53748.0
-51622.0
-82035.0
-58454.0
-49269.0
-61159.0
-41401.0
-49993.0
-63250.0
-57177.0
-59389.0
-53828.0
-59335.0
-51752.0
-67324.0
-63842.0
-50887.0
-52154.0
-63025.0
-50934.0
-50853.0
-54934.0
-55125.0
-56628.0
-59158.0
-47329.0
-49323.0
-45839.0
-49871.0
-54525.0
-53761.0
-47152.0
-43620.0
-58008.0
-52345.0
-46715.0
-70265.0
-38456.0
-47755.0
-58448.0
-53643.0
-53674.0
-50739.0
-60237.0
-61285.0
-44484.0
-55682.0
-53071.0
-49413.0
-60147.0
-55462.0
-56185.0
-55195.0
-48477.0
-43090.0
-39393.0
-59785.0
-41514.0
-52396.0
-60355.0
-51953.0
-49956.0
-54183.0
-41166.0
-37354.0
-42913.0
-48532.0
-59688.0
-47720.0
-46069.0
-50453.0
-61833.0
-57120.0
-57663.0
-39321.0
-52982.0
-44811.0
-57527.0
-58304.0
-45521.0
-40153.0
-44586.0
-40582.0
-48657.0
-46660.0
-59032.0
-41119.0
-47997.0
-48010.0
-45322.0
-49866.0
-91018.0
-51443.0
-49615.0
-52058.0
-46505.0
-59945.0
-48825.0
-52411.0
-46660.0
-60113.0
-47312.0
-41357.0
-52254.0
-46312.0
-49560.0
-55671.0
-49408.0
-52631.0
-42287.0
-60940.0
-44263.0
-48393.0
-36360.0
-50275.0
-48663.0
-44609.0
-65168.0
-36085.0
-42688.0
-50963.0
-53297.0
-47360.0
-53208.0
-48447.0
-53418.0
-55814.0
-59633.0
-54413.0
-45538.0
-47472.0
-39505.0
-55765.0
-45370.0
-60731.0
-43403.0
-52157.0
-49394.0
-61166.0
-49686.0
-45384.0
-45204.0
-48528.0
-66219.0
-59537.0
-59822.0
-51791.0
-54054.0
-46886.0
-55617.0
-50084.0
-40409.0
-53424.0
-49884.0
-50928.0
-54535.0
-49271.0
-57696.0
-39513.0
-44171.0
-62435.0
-44036.0
-62172.0
-36190.0
-70681.0
-47761.0
-48147.0
-52750.0
-40164.0
-52962.0
-44059.0
-39537.0
-55503.0
-41542.0
-42042.0
-36631.0
-47288.0
-44887.0
-59993.0
-44630.0
-37120.0
-46508.0
-54365.0
-232483.0
-47180.0
-34806.0
-41016.0
-73622.0
-49409.0
-70760.0
-52602.0
-53111.0
-44227.0
-121752.0
-50942.0
-47660.0
-47286.0
