9.447222222222223
6.9222222222222225
6.38462962962963
7.567592592592592
9.357592592592592
8.645925925925926
8.045370370370371
7.109259259259259
8.608703703703704
8.249814814814815
12.568333333333333
9.173333333333334
7.88462962962963
8.415
10.915185185185186
8.190185185185186
9.185
7.752407407407407
9.507777777777777
11.375555555555556
7.232037037037037
5.958333333333333
8.243703703703703
7.253888888888889
9.352037037037038
8.18962962962963
8.333148148148148
8.197222222222223
10.727222222222222
7.861481481481482
8.809074074074074
8.35962962962963
8.479814814814814
10.735925925925926
7.243333333333333
8.732962962962963
7.257592592592593
7.3966666666666665
8.631666666666666
7.287407407407407
7.547592592592593
8.505925925925926
10.073148148148148
7.045740740740741
7.816111111111111
6.762777777777778
6.321111111111111
7.748518518518519
8.94037037037037
8.622962962962964
8.808518518518518
8.919074074074073
8.01
6.303888888888889
7.688148148148148
7.862777777777778
7.350185185185185
5.618333333333333
6.2790740740740745
9.370185185185186
6.9218518518518515
7.00537037037037
8.790740740740741
6.817592592592592
7.137962962962963
8.703888888888889
6.692407407407408
5.9527777777777775
5.996851851851852
6.62
6.597777777777778
8.17851851851852
10.201481481481482
7.442962962962963
6.426111111111111
6.656481481481482
7.948888888888889
6.5848148148148145
5.801111111111111
6.501481481481481
6.577962962962963
6.401666666666666
8.514074074074074
7.267222222222222
5.964814814814815
8.631851851851852
7.888333333333334
6.468148148148148
11.327592592592593
8.027407407407408
6.501111111111111
6.95574074074074
6.516851851851852
6.492222222222222
6.431111111111111
10.187222222222223
7.279444444444445
6.997962962962963
5.9222222222222225
6.512407407407407
6.4712962962962965
7.635185185185185
5.443518518518519
6.621296296296296
5.798333333333333
7.393703703703704
5.707592592592593
7.702037037037037
8.05574074074074
6.674444444444444
7.731851851851852
6.633703703703704
9.233148148148148
6.243888888888889
8.62037037037037
5.259814814814815
5.7337037037037035
10.511666666666667
5.968333333333334
7.011851851851852
6.025555555555556
9.886481481481482
6.487222222222222
5.468703703703704
8.255
6.827037037037037
5.980185185185185
6.8116666666666665
12.120555555555555
5.901666666666666
6.0996296296296295
7.358333333333333
5.662037037037037
6.963703703703704
5.965740740740741
7.5035185185185185
6.265185185185185
6.303518518518518
6.993703703703703
6.807407407407408
6.017222222222222
7.1812962962962965
7.529259259259259
7.841111111111111
5.515925925925926
5.674814814814815
5.823518518518519
6.446666666666666
6.4981481481481485
6.797962962962963
6.977592592592592
7.257037037037037
6.102592592592592
7.3624074074074075
6.111851851851852
5.658888888888889
5.8261111111111115
5.550185185185185
7.108518518518519
6.288888888888889
5.942407407407408
5.898703703703704
7.21962962962963
4.899444444444445
6.591851851851852
5.991481481481482
5.966296296296297
8.109074074074075
5.5687037037037035
6.225555555555555
5.5851851851851855
5.383703703703704
4.781296296296296
6.125
4.789259259259259
5.33462962962963
6.979629629629629
6.633703703703704
6.813148148148148
7.762777777777778
6.477592592592592
6.962407407407407
5.192592592592592
4.812962962962963
4.842037037037037
4.892592592592592
5.694444444444445
4.878148148148148
6.077592592592593
5.449814814814815
5.5777777777777775
6.311481481481482
5.338888888888889
6.154259259259259
5.847777777777778
5.772592592592592
5.860740740740741
5.263148148148148
5.236666666666666
5.515
4.843148148148148
5.757407407407407
4.955
6.613888888888889
5.067962962962963
7.594074074074074
4.592592592592593
6.0835185185185185
5.2662962962962965
5.0146296296296295
5.108888888888889
5.442407407407408
5.513888888888889
5.656296296296296
6.051296296296297
7.308148148148148
5.443148148148148
4.591666666666667
4.990925925925926
4.992037037037037
5.635925925925926
4.988518518518519
8.667037037037037
6.343703703703704
5.435370370370371
6.616666666666666
5.3838888888888885
6.325
5.099814814814815
5.765370370370371
5.522222222222222
4.953888888888889
5.007592592592593
7.2031481481481485
4.838518518518518
6.031666666666666
5.030185185185185
5.527592592592592
4.977962962962963
6.30462962962963
5.045925925925926
4.723888888888889
5.227777777777778
4.899629629629629
4.561851851851852
4.418148148148148
5.187407407407408
4.527222222222222
5.054814814814815
4.473148148148148
5.0344444444444445
5.882407407407407
5.826666666666667
5.2716666666666665
4.792777777777777
5.545
6.018703703703704
5.013703703703704
5.42
5.651481481481482
5.335
6.7011111111111115
5.188703703703704
4.946481481481482
5.080185185185186
4.638148148148148
4.262777777777778
4.487962962962963
4.7914814814814815
4.689814814814815
4.218518518518518
5.077962962962963
3.9031481481481483
4.607962962962963
5.151481481481482
5.2807407407407405
5.092222222222222
5.585740740740741
4.618518518518519
5.693333333333333
5.1809259259259255
4.516481481481481
5.149814814814815
5.609629629629629
4.170925925925926
4.797407407407407
4.626111111111111
5.922962962962963
4.56
5.54462962962963
5.28462962962963
4.960925925925926
4.249074074074074
4.850185185185185
6.022592592592592
5.081296296296296
5.201481481481482
5.455925925925926
4.554074074074074
4.334074074074074
4.559259259259259
4.459074074074074
5.356481481481482
4.696111111111111
5.117222222222222
4.369259259259259
5.025555555555556
4.500740740740741
4.7316666666666665
6.50425925925926
4.737037037037037
4.282777777777778
5.021481481481482
4.456111111111111
4.3966666666666665
4.723333333333334
4.653333333333333
5.1342592592592595
4.810185185185185
4.1157407407407405
5.3153703703703705
4.5125925925925925
4.929444444444444
4.632037037037037
4.528518518518519
5.206666666666667
4.024074074074074
4.456296296296296
4.901296296296296
4.615185185185185
5.013333333333334
5.533703703703703
4.006851851851851
5.00037037037037
4.204259259259259
3.964814814814815
4.242962962962963
4.734629629629629
4.622777777777777
5.908333333333333
4.3661111111111115
4.95574074074074
4.446481481481482
4.312407407407408
4.251666666666667
4.010185185185185
4.304074074074074
4.598703703703704
4.572777777777778
4.960555555555556
4.287407407407407
4.107037037037037
4.560925925925926
4.640185185185185
4.237222222222222
4.342037037037037
5.297777777777778
4.218333333333334
4.410185185185185
4.545
4.220370370370371
3.8435185185185183
4.317407407407408
4.274074074074074
4.135
4.64
4.809259259259259
4.329444444444444
4.587777777777778
5.811296296296296
4.4494444444444445
4.520555555555555
4.36
4.213703703703704
3.9362962962962964
4.7498148148148145
4.37925925925926
4.167592592592593
4.37
4.479074074074074
5.441481481481482
3.597962962962963
4.189444444444445
4.860925925925926
4.151481481481482
4.508518518518518
4.522407407407408
4.371851851851852
4.475
4.595555555555555
3.859814814814815
4.797037037037037
4.707037037037037
4.642407407407408
4.370925925925926
4.988518518518519
3.6066666666666665
4.303518518518518
4.219074074074074
3.9094444444444445
4.441666666666666
4.088148148148148
3.9274074074074075
3.7535185185185185
3.9424074074074076
4.638518518518518
4.388703703703704
4.12074074074074
4.414259259259259
4.307037037037037
4.380740740740741
3.5614814814814815
4.448148148148148
4.114444444444445
4.064629629629629
3.8305555555555557
4.632962962962963
10.19962962962963
4.151481481481482
4.254444444444444
4.192407407407408
4.1883333333333335
4.092037037037037
4.766851851851852
5.2225925925925925
4.0872222222222225
3.659074074074074
4.425185185185185
4.385185185185185
4.769814814814815
4.050925925925926
4.8405555555555555
3.9272222222222224
4.121111111111111
4.544074074074074
3.887037037037037
4.011851851851852
3.604074074074074
3.311851851851852
3.892777777777778
3.817037037037037
3.547037037037037
4.6375925925925925
3.96
3.8918518518518517
4.415
4.1194444444444445
4.038518518518519
3.9451851851851854
3.7655555555555558
3.54462962962963
3.9522222222222223
4.3059259259259255
3.2666666666666666
4.4622222222222225
4.276851851851852
4.196851851851852
3.716111111111111
3.674259259259259
4.850370370370371
3.810925925925926
3.680740740740741
4.437777777777778
3.6314814814814813
3.5644444444444443
4.141666666666667
3.4990740740740742
3.7325925925925927
3.8672222222222223
4.008518518518518
3.747962962962963
4.164444444444444
3.644814814814815
3.6662962962962964
3.9387037037037036
3.9862962962962962
3.554074074074074
3.6305555555555555
4.00537037037037
3.772777777777778
4.162222222222222
3.7214814814814816
3.4277777777777776
3.625185185185185
3.8377777777777777
4.773148148148148
3.419259259259259
4.125
4.015925925925926
4.092407407407407
3.843703703703704
3.8766666666666665
4.53537037037037
3.258703703703704
3.7183333333333333
3.6125925925925926
3.5025925925925927
3.4492592592592595
3.5137037037037038
2.926111111111111
3.282037037037037
4.329814814814815
3.707222222222222
3.9766666666666666
3.884074074074074
4.024814814814815
3.723888888888889
3.975
4.058518518518518
3.7957407407407406
4.145370370370371
3.2907407407407407
3.375185185185185
3.8914814814814815
3.953148148148148
3.6064814814814814
3.3766666666666665
3.8653703703703703
4.524814814814815
3.4814814814814814
3.8607407407407406
3.1994444444444445
3.403888888888889
3.7844444444444445
3.924259259259259
4.037962962962963
3.3381481481481483
3.6275925925925927
4.095185185185185
3.5987037037037037
3.424259259259259
3.4235185185185184
3.696851851851852
2.9718518518518517
3.7564814814814813
3.758888888888889
3.828333333333333
3.5057407407407406
3.914814814814815
3.9298148148148146
3.8496296296296295
3.2305555555555556
4.001296296296296
4.108148148148148
3.8601851851851854
3.859074074074074
3.157962962962963
3.672222222222222
3.3001851851851853
3.563148148148148
3.5
4.035185185185185
3.761296296296296
3.4742592592592594
4.613333333333333
5.7444444444444445
3.18
3.3403703703703704
3.5416666666666665
3.6466666666666665
3.979814814814815
3.7103703703703705
3.292962962962963
3.5216666666666665
3.4672222222222224
3.0253703703703705
3.529074074074074
3.082222222222222
4.041666666666667
3.0485185185185184
3.9229629629629628
3.2016666666666667
3.1596296296296296
3.496111111111111
3.845925925925926
3.3557407407407407
3.5225925925925927
4.17462962962963
3.4588888888888887
3.025
3.1614814814814816
3.138148148148148
3.786111111111111
3.168148148148148
3.4277777777777776
3.477777777777778
3.5946296296296296
3.395185185185185
3.3975925925925927
2.961851851851852
3.7085185185185185
3.171851851851852
3.2544444444444443
3.1385185185185187
3.122592592592593
3.5064814814814813
3.5183333333333335
3.3827777777777777
3.3518518518518516
3.620185185185185
3.0122222222222224
3.669074074074074
3.1703703703703705
3.330740740740741
3.488888888888889
3.3801851851851854
2.989259259259259
3.4155555555555557
3.475
3.3366666666666664
3.185185185185185
3.421666666666667
2.7803703703703704
3.245185185185185
3.1925925925925926
4.236666666666666
3.5225925925925927
3.218888888888889
3.766111111111111
3.1646296296296295
2.9546296296296295
2.93537037037037
3.043148148148148
4.5290740740740745
3.2774074074074075
3.2016666666666667
3.153888888888889
2.9877777777777776
3.439814814814815
3.3981481481481484
2.933148148148148
3.1575925925925925
3.3946296296296294
2.955925925925926
2.959074074074074
3.1074074074074076
2.922037037037037
2.877962962962963
3.156111111111111
3.2490740740740742
2.7964814814814813
3.4292592592592595
3.0183333333333335
2.5925925925925926
2.8831481481481482
2.9962962962962965
2.785
3.42
3.0855555555555556
3.0411111111111113
3.098148148148148
2.971111111111111
3.692222222222222
3.173888888888889
3.2762962962962963
2.68962962962963
3.1731481481481483
2.857037037037037
2.9787037037037036
3.0
2.9355555555555557
2.8201851851851854
3.0814814814814815
2.708148148148148
2.8912962962962965
3.3775925925925927
3.2244444444444444
3.053888888888889
2.8405555555555555
3.217037037037037
3.2022222222222223
2.9455555555555555
3.0805555555555557
3.1101851851851854
3.5077777777777777
3.114074074074074
3.0414814814814815
2.996111111111111
3.3648148148148147
2.9812962962962963
2.895
3.172222222222222
3.013888888888889
3.0207407407407407
2.964074074074074
2.7127777777777777
2.606851851851852
2.5027777777777778
3.303888888888889
2.780740740740741
3.667037037037037
3.0787037037037037
2.7074074074074073
2.687037037037037
2.656296296296296
3.23
3.008888888888889
2.9164814814814815
2.9683333333333333
3.7224074074074074
4.1466666666666665
2.8575925925925927
3.3353703703703705
2.9644444444444447
3.151851851851852
2.7466666666666666
3.091296296296296
3.6044444444444443
3.520185185185185
3.4575925925925928
2.95962962962963
2.841666666666667
2.8472222222222223
3.091296296296296
3.0335185185185187
3.122962962962963
3.3014814814814817
2.8587037037037035
3.0174074074074073
3.4346296296296295
2.8787037037037035
3.252037037037037
3.044074074074074
2.7151851851851854
2.9027777777777777
3.113148148148148
3.323888888888889
2.695925925925926
2.8574074074074076
2.8451851851851853
3.0659259259259257
2.9475925925925925
2.845
2.667777777777778
3.056111111111111
2.635740740740741
4.741666666666666
2.603148148148148
2.343703703703704
3.3812962962962962
3.5785185185185187
3.205740740740741
3.2287037037037036
2.8362962962962963
3.133888888888889
2.957037037037037
2.361851851851852
2.910740740740741
2.606851851851852
3.242962962962963
3.008703703703704
2.7544444444444443
3.345925925925926
2.9085185185185187
2.6555555555555554
5.770925925925926
2.660925925925926
3.2133333333333334
2.698888888888889
3.210185185185185
2.6057407407407407
3.311851851851852
2.830740740740741
3.0012962962962964
2.9007407407407406
2.643148148148148
2.690185185185185
2.5274074074074075
3.010740740740741
2.872037037037037
2.573888888888889
2.9814814814814814
2.7337037037037035
2.6805555555555554
2.9475925925925925
3.027222222222222
2.6033333333333335
2.485
2.8653703703703703
2.592962962962963
2.7103703703703705
2.6203703703703702
2.584074074074074
3.4894444444444446
2.958148148148148
2.9744444444444444
2.9788888888888887
2.4207407407407406
2.598888888888889
2.7512962962962964
2.910740740740741
2.575
2.537037037037037
2.493148148148148
2.9012962962962963
2.6837037037037037
2.9346296296296295
3.3175925925925926
2.781111111111111
2.871111111111111
3.0294444444444446
3.1598148148148146
2.7924074074074072
2.4516666666666667
3.2183333333333333
2.571111111111111
2.411111111111111
2.9875925925925926
2.783148148148148
2.8742592592592593
2.9809259259259258
3.9451851851851854
2.805
2.8964814814814814
2.766111111111111
2.705740740740741
2.2955555555555556
2.4407407407407407
2.5722222222222224
2.9655555555555555
2.8255555555555554
2.740740740740741
2.5753703703703703
2.805
2.7537037037037035
2.658148148148148
2.6385185185185187
2.9312962962962965
2.5727777777777776
2.831111111111111
2.658333333333333
2.3494444444444444
2.631851851851852
2.805740740740741
2.5135185185185187
2.667222222222222
3.2448148148148146
2.506851851851852
3.10462962962963
2.567222222222222
2.4701851851851853
2.512777777777778
2.43537037037037
2.6594444444444445
2.4903703703703703
2.422222222222222
2.482222222222222
2.821296296296296
2.819074074074074
2.335
2.5216666666666665
2.588888888888889
2.446851851851852
2.777037037037037
2.2111111111111112
2.641111111111111
3.0433333333333334
2.305740740740741
2.507037037037037
2.390740740740741
2.5081481481481482
2.4435185185185184
2.9166666666666665
2.7546296296296298
2.8427777777777776
2.6574074074074074
2.667222222222222
2.4253703703703704
2.4955555555555557
3.6192592592592594
2.6903703703703705
2.872592592592593
2.5535185185185183
2.496111111111111
2.4385185185185185
2.5335185185185187
2.3051851851851852
2.320925925925926
2.2135185185185184
2.285
2.7505555555555556
2.6437037037037037
2.512777777777778
2.6144444444444446
2.426296296296296
2.6575925925925925
2.7557407407407406
2.932037037037037
2.4988888888888887
3.1622222222222223
2.469259259259259
2.4914814814814816
2.4053703703703704
2.553888888888889
2.2425925925925925
2.430925925925926
2.786111111111111
2.4714814814814816
2.349814814814815
2.352037037037037
2.4161111111111113
2.425925925925926
2.749814814814815
2.3401851851851854
2.618888888888889
2.5346296296296296
1.9111111111111112
2.4883333333333333
2.372777777777778
2.427037037037037
2.947037037037037
2.4612962962962963
2.2087037037037036
2.312962962962963
2.377037037037037
2.2824074074074074
2.508888888888889
2.9266666666666667
2.145
2.135740740740741
2.7405555555555554
2.2737037037037036
2.5616666666666665
2.5755555555555554
2.627222222222222
2.4612962962962963
2.397037037037037
2.234074074074074
2.5007407407407407
2.345740740740741
2.6964814814814817
2.342037037037037
2.1112962962962962
2.707962962962963
2.6096296296296297
2.235
2.312037037037037
2.882037037037037
2.3975925925925927
2.682037037037037
2.0325925925925925
2.5953703703703703
2.2655555555555558
2.3085185185185186
2.14962962962963
2.4427777777777777
2.3153703703703705
2.3175925925925926
2.335185185185185
2.3446296296296296
2.466666666666667
2.8672222222222223
2.145925925925926
2.5044444444444443
2.2022222222222223
2.259074074074074
1.987037037037037
2.498148148148148
2.256666666666667
2.258888888888889
2.229814814814815
2.311111111111111
2.3001851851851853
2.3355555555555556
2.2577777777777777
2.042962962962963
2.1442592592592593
2.435185185185185
3.3583333333333334
2.250185185185185
2.1166666666666667
2.553703703703704
2.438148148148148
2.1694444444444443
2.0262962962962963
2.1844444444444444
2.176296296296296
2.243888888888889
2.091296296296296
2.495185185185185
2.2283333333333335
2.819074074074074
2.275
2.1624074074074073
2.0455555555555556
2.1057407407407407
2.2625925925925925
2.148888888888889
2.382037037037037
2.1757407407407405
4.713518518518518
2.3381481481481483
2.317962962962963
2.3337037037037036
2.2094444444444443
2.459074074074074
3.3435185185185183
2.4235185185185184
2.0335185185185187
2.276851851851852
