17.408148148148147
14.918333333333333
17.84
15.06537037037037
17.10240740740741
15.895
16.256666666666668
17.649074074074075
16.146296296296295
17.415925925925926
19.185
17.850555555555555
20.480185185185185
16.631851851851852
17.31962962962963
17.291481481481483
17.290370370370372
15.088333333333333
16.570740740740742
19.90574074074074
15.173703703703703
13.415185185185186
18.395185185185184
14.442962962962962
16.463148148148147
16.583148148148148
17.656111111111112
14.455370370370371
18.21759259259259
18.035740740740742
17.194074074074074
16.77074074074074
14.366111111111111
17.557962962962964
14.78574074074074
16.121111111111112
13.236296296296297
15.009444444444444
16.23185185185185
14.096111111111112
15.487592592592593
14.867037037037036
16.18037037037037
14.042037037037037
14.437962962962963
12.950555555555555
12.973333333333333
14.327407407407408
17.442037037037036
17.465
16.532037037037036
15.784444444444444
14.062962962962963
16.94925925925926
15.53
15.488703703703704
14.101296296296296
11.638148148148149
14.073888888888888
17.71962962962963
14.72425925925926
13.963888888888889
16.813333333333333
13.22425925925926
13.336481481481481
14.757592592592593
14.95
14.99462962962963
13.74148148148148
12.746851851851853
14.324814814814815
17.264074074074074
17.365925925925925
16.84574074074074
12.385
14.31962962962963
14.568518518518518
17.187592592592594
12.55962962962963
14.13037037037037
13.137222222222222
19.760555555555555
16.909444444444443
13.115555555555556
12.449814814814815
15.772222222222222
16.52777777777778
13.38037037037037
16.655555555555555
14.581296296296296
14.18925925925926
14.675925925925926
12.97037037037037
13.907407407407407
15.871296296296297
15.837777777777777
13.985925925925926
13.319814814814816
11.297592592592592
13.32925925925926
12.836851851851852
14.595740740740741
12.16
13.083703703703703
11.484444444444444
13.397222222222222
12.070185185185185
13.895925925925926
15.058703703703705
14.829814814814815
16.44462962962963
12.940185185185186
15.118518518518519
12.23611111111111
14.757222222222222
12.042962962962964
11.559074074074074
17.823703703703703
12.811666666666667
13.159814814814816
12.498703703703704
15.636296296296296
13.342407407407407
11.096481481481481
15.975555555555555
13.457592592592592
13.346851851851852
13.731666666666667
17.846296296296295
12.055925925925926
12.087407407407408
13.685
11.683518518518518
12.943888888888889
12.84462962962963
12.799074074074074
12.13
12.901111111111112
13.074814814814815
15.214074074074073
12.350185185185186
13.777222222222223
13.658148148148149
13.632962962962964
10.920185185185185
13.060555555555556
11.14037037037037
11.73
12.677037037037037
12.569074074074074
12.949074074074074
13.64925925925926
11.813888888888888
13.55962962962963
11.991851851851852
11.572777777777778
12.108703703703704
10.977777777777778
13.877407407407407
12.102962962962962
12.527222222222223
11.791481481481481
12.790925925925926
10.194074074074074
13.28962962962963
11.899814814814814
11.885925925925926
14.155925925925926
11.370185185185186
11.641296296296296
10.854814814814814
11.051666666666666
10.483518518518519
11.657962962962962
10.667037037037037
10.63962962962963
11.745555555555555
11.983888888888888
11.593518518518518
15.120925925925926
12.921851851851851
11.656666666666666
10.135925925925926
9.41462962962963
10.452222222222222
11.028518518518519
10.277592592592592
10.00388888888889
11.58462962962963
12.581851851851852
10.517222222222221
11.997592592592593
13.473703703703704
11.876851851851852
11.574074074074074
12.384074074074075
10.813518518518519
11.164074074074074
11.778703703703703
10.398148148148149
9.889259259259259
10.583703703703703
10.429444444444444
11.579629629629629
9.976111111111111
12.604259259259258
11.196111111111112
11.046666666666667
11.122962962962964
10.409814814814816
10.725925925925926
10.871851851851853
10.257962962962964
11.197962962962963
11.606666666666667
13.256851851851852
11.004444444444445
9.528333333333334
10.137407407407407
11.577592592592593
10.538518518518519
10.095185185185185
13.757407407407408
12.456851851851852
10.788333333333334
11.48537037037037
10.823333333333334
12.262037037037038
10.253148148148147
10.592592592592593
10.269074074074075
10.382037037037037
11.003148148148147
12.245185185185186
9.652222222222223
10.968148148148147
10.459814814814814
11.490185185185185
10.228148148148149
12.169629629629629
10.673518518518518
9.753333333333334
10.26962962962963
9.210925925925926
9.285185185185185
10.145185185185186
10.079814814814815
8.82
9.799814814814814
10.009814814814815
10.913333333333334
11.554074074074075
10.121666666666666
10.501481481481482
9.660555555555556
9.860185185185186
10.96351851851852
11.552777777777777
10.14074074074074
11.712962962962964
10.390185185185185
11.451296296296297
10.000185185185185
9.14925925925926
9.44648148148148
9.282037037037037
9.114814814814816
9.195185185185185
9.17851851851852
9.615370370370371
9.516851851851852
11.32537037037037
8.340925925925927
8.853703703703705
9.840925925925927
10.212777777777777
9.424259259259259
10.402592592592592
9.450185185185186
10.238333333333333
10.733333333333333
8.723148148148148
9.840555555555556
10.23
9.07074074074074
9.796296296296296
8.974444444444444
10.64074074074074
9.456851851851852
11.111296296296297
9.975555555555555
10.037407407407407
9.242407407407407
9.698888888888888
10.867777777777778
9.876111111111111
9.348148148148148
9.756296296296297
9.920185185185185
9.785370370370371
10.327592592592593
8.418888888888889
9.683703703703705
9.438703703703704
9.88111111111111
8.975
9.096851851851852
9.776666666666667
9.358703703703704
12.63574074074074
8.608888888888888
8.572592592592592
9.963703703703704
8.415740740740741
8.712222222222222
9.49148148148148
9.312407407407408
9.456851851851852
9.230555555555556
9.249629629629629
9.693888888888889
9.098703703703704
9.130555555555556
8.77962962962963
8.485740740740741
10.109444444444444
8.81074074074074
8.686296296296296
10.893703703703704
9.060185185185185
9.41462962962963
9.917962962962964
8.489074074074074
9.521851851851851
8.732222222222223
8.492777777777778
8.459814814814814
8.844814814814814
8.291296296296297
9.729814814814814
8.447962962962963
9.267962962962963
8.783333333333333
10.247592592592593
8.782407407407407
8.254814814814814
8.410555555555556
9.512962962962963
9.130925925925926
9.721296296296297
8.739814814814816
8.373888888888889
9.710925925925926
8.905555555555555
8.187962962962963
8.343333333333334
9.553333333333333
7.917037037037037
8.815925925925926
8.596296296296297
9.532777777777778
8.281296296296297
8.79574074074074
8.157592592592593
8.147222222222222
9.705185185185185
9.188518518518519
8.09925925925926
8.639444444444445
10.02
8.230185185185185
8.605
8.544629629629629
8.008148148148148
8.772407407407407
8.795370370370371
8.593703703703703
7.862777777777778
8.678888888888888
8.297592592592592
9.664814814814815
7.726851851851852
8.518888888888888
9.170925925925927
8.15925925925926
8.345555555555556
9.31962962962963
8.598333333333333
8.875185185185185
8.828333333333333
7.7807407407407405
9.258148148148148
8.842037037037038
8.522777777777778
8.76074074074074
8.630740740740741
9.134629629629629
8.58148148148148
7.860925925925926
8.64611111111111
8.018518518518519
7.917592592592593
7.936296296296296
7.4275925925925925
8.458148148148148
8.823703703703703
8.488148148148149
8.607592592592592
8.205555555555556
7.885925925925926
9.001666666666667
7.483518518518519
9.647962962962962
8.24
8.076851851851853
7.8207407407407405
8.490185185185185
14.074444444444444
8.190555555555555
7.950925925925926
7.611851851851852
7.635555555555555
7.704444444444444
8.42388888888889
9.970555555555556
7.930740740740741
7.638333333333334
7.864444444444445
8.336851851851852
8.677592592592593
8.282592592592593
9.038333333333334
7.747592592592593
7.448703703703703
8.055
7.9312962962962965
8.065925925925926
7.533518518518519
7.838888888888889
7.736666666666666
7.417777777777777
7.842037037037037
8.655555555555555
7.810740740740741
7.892037037037037
8.476296296296296
7.850185185185185
7.671296296296297
7.692407407407408
6.954074074074074
7.727592592592592
7.822592592592593
8.062037037037037
7.039074074074074
8.356111111111112
8.07037037037037
8.245555555555555
7.401851851851852
7.607777777777778
9.098703703703704
7.875
8.095925925925926
8.375
7.896481481481482
7.329814814814815
8.357962962962963
6.83425925925926
7.244074074074074
7.282222222222222
7.734259259259259
8.115370370370371
8.01925925925926
7.476296296296296
7.618518518518519
8.078333333333333
7.6940740740740745
7.201666666666667
7.882592592592593
7.790925925925926
8.298333333333334
8.452407407407408
7.564074074074074
7.38462962962963
7.587962962962963
7.871111111111111
8.422962962962963
6.876481481481481
7.635740740740741
7.856851851851852
9.179074074074075
7.71425925925926
8.212962962962964
7.917407407407407
6.848333333333334
7.349814814814815
7.641111111111111
6.855
7.498703703703704
7.15537037037037
6.465925925925926
7.15537037037037
7.446481481481482
7.273888888888889
7.403148148148148
7.3496296296296295
7.473888888888889
7.794074074074074
7.95037037037037
7.796111111111111
7.831296296296296
7.648333333333333
6.571481481481482
7.998703703703704
8.144444444444444
7.4531481481481485
7.207222222222223
7.1412962962962965
7.656851851851852
8.145185185185186
7.187777777777778
6.976851851851852
6.627592592592593
6.750555555555556
7.473148148148148
7.1396296296296295
7.233888888888889
6.982592592592592
7.16462962962963
7.692592592592592
7.362592592592593
7.0344444444444445
7.156296296296296
7.6375925925925925
6.62074074074074
7.33074074074074
7.32574074074074
7.059444444444445
7.144259259259259
7.58537037037037
7.132962962962963
7.071851851851852
6.6812962962962965
7.997037037037037
7.536111111111111
7.7790740740740745
7.288888888888889
6.559814814814815
7.100370370370371
6.5687037037037035
7.150555555555556
6.813703703703704
7.217407407407407
7.583703703703704
6.991851851851852
7.903888888888889
9.007407407407408
6.32037037037037
6.812222222222222
6.818148148148148
7.461111111111111
8.167222222222222
7.3587037037037035
6.904629629629629
6.9309259259259255
6.82537037037037
6.265925925925926
6.564444444444445
6.855
7.543703703703704
6.360555555555556
8.332962962962963
6.799444444444444
6.531666666666666
6.8153703703703705
7.0596296296296295
6.441481481481482
6.611851851851852
7.944444444444445
6.684259259259259
6.107962962962963
6.733888888888889
6.301111111111111
7.070555555555556
6.6940740740740745
6.745185185185186
6.891111111111111
6.619814814814815
6.760370370370371
6.352592592592592
6.463148148148148
6.796296296296297
6.739444444444445
6.749074074074074
6.531666666666666
6.523333333333333
6.819259259259259
7.175
6.231481481481482
6.536666666666667
6.8
6.515740740740741
6.864629629629629
6.159814814814815
6.659074074074074
6.760925925925926
6.929074074074074
6.150740740740741
6.321851851851852
6.484074074074074
6.793888888888889
6.56
6.311111111111111
6.327962962962963
6.539444444444444
6.2498148148148145
7.2122222222222225
7.037407407407407
6.873703703703704
7.17
6.370185185185186
6.187777777777778
6.1937037037037035
6.072222222222222
7.928703703703704
6.474074074074074
6.237592592592593
6.388703703703704
6.023888888888889
8.01462962962963
6.887407407407407
5.982407407407408
6.5707407407407405
6.611111111111111
6.340740740740741
8.266111111111112
6.1231481481481485
6.293148148148148
6.002962962962963
5.96
5.739444444444445
5.727222222222222
6.506111111111111
6.460925925925926
5.561296296296296
6.045555555555556
6.001666666666667
5.84462962962963
6.621666666666667
6.237222222222222
6.734074074074074
6.477962962962963
5.886851851851852
6.696296296296296
6.226666666666667
5.907592592592593
5.86537037037037
6.360555555555556
5.724259259259259
6.1775925925925925
6.299814814814815
6.107777777777778
5.818518518518519
6.110925925925926
5.872407407407407
6.032962962962963
6.031481481481482
5.926111111111111
5.974259259259259
6.372407407407407
6.472037037037037
6.108333333333333
5.9712962962962965
6.309444444444445
5.852777777777778
6.706111111111111
6.256111111111111
5.928333333333334
6.525925925925926
6.3062962962962965
6.011666666666667
5.872037037037037
6.140555555555555
8.48962962962963
6.032037037037037
6.230555555555555
5.617037037037037
5.362037037037037
5.7098148148148145
5.957037037037037
6.385925925925926
6.437962962962963
6.12462962962963
6.337037037037037
5.49574074074074
5.5848148148148145
6.215925925925926
6.5724074074074075
5.712962962962963
5.832407407407407
6.960555555555556
6.8875925925925925
6.683703703703704
6.4185185185185185
5.902037037037037
5.969814814814815
5.582962962962963
6.1829629629629625
6.149814814814815
6.712592592592593
6.605185185185185
5.850925925925926
5.608333333333333
5.625925925925926
5.6940740740740745
6.075555555555556
6.182407407407408
6.425740740740741
5.465185185185185
5.762037037037037
6.33074074074074
5.894074074074074
6.015
6.79425925925926
5.413333333333333
5.55462962962963
7.202037037037037
6.279629629629629
5.361296296296296
6.386666666666667
5.776666666666666
6.041851851851852
5.847037037037037
5.720555555555555
6.269814814814815
6.38037037037037
5.725555555555555
7.517592592592592
5.332037037037037
5.41925925925926
6.226851851851852
6.497777777777777
5.785185185185185
5.793703703703704
5.9420370370370375
6.25037037037037
5.426481481481481
4.95537037037037
5.685
5.693518518518519
5.829259259259259
5.9366666666666665
5.436481481481482
6.371111111111111
5.973888888888889
5.204074074074074
8.678148148148148
5.467222222222222
5.667407407407407
5.521296296296296
6.167592592592593
5.227962962962963
5.889259259259259
5.497777777777777
6.002222222222223
5.545
5.4151851851851855
5.58037037037037
5.4148148148148145
7.852037037037037
5.808888888888889
5.489444444444445
5.812037037037037
6.3566666666666665
5.495925925925926
5.568888888888889
5.973888888888889
5.509814814814815
5.279259259259259
5.399629629629629
5.347962962962963
5.437777777777778
5.320555555555556
5.670925925925926
6.117407407407407
5.560370370370371
6.28537037037037
5.723148148148148
5.009814814814815
5.009074074074074
5.5744444444444445
5.294444444444444
4.8896296296296295
5.041666666666667
5.1537037037037035
5.522222222222222
5.44537037037037
5.476296296296296
6.985185185185185
5.349259259259259
5.643148148148148
5.701851851851852
5.603518518518518
5.576666666666667
5.107222222222222
5.647962962962963
5.455925925925926
4.938703703703704
5.6231481481481485
5.381666666666667
5.229814814814815
5.642777777777778
6.895
5.216851851851852
5.672592592592593
5.45
5.333148148148148
5.147037037037037
5.313148148148148
5.351111111111111
5.469444444444444
5.415925925925926
5.195555555555556
5.156296296296296
5.419074074074074
5.082592592592593
4.917037037037037
5.448888888888889
5.590740740740741
5.05
5.232962962962963
5.08537037037037
4.717592592592593
5.2
5.41462962962963
5.25537037037037
5.3462962962962965
5.7972222222222225
4.982407407407408
5.3096296296296295
5.637407407407407
4.921296296296297
4.812592592592592
4.724814814814815
4.926296296296297
4.965925925925926
4.600185185185185
4.819629629629629
5.377037037037037
5.347407407407408
4.847777777777778
4.9601851851851855
5.212037037037037
4.990185185185185
5.122592592592593
4.7988888888888885
4.934074074074074
5.607037037037037
4.887777777777778
4.843703703703704
4.7807407407407405
4.898703703703704
5.017037037037037
5.484814814814815
5.217592592592593
5.078888888888889
5.1214814814814815
4.946666666666666
4.791296296296296
4.970185185185185
6.229074074074074
5.58537037037037
5.016481481481481
4.6685185185185185
4.853888888888889
5.101851851851852
5.346666666666667
4.950185185185185
4.660555555555556
4.54037037037037
4.4692592592592595
5.3335185185185185
5.065740740740741
4.958888888888889
4.888333333333334
4.571111111111111
5.289074074074074
5.523888888888889
5.207037037037037
5.026851851851852
5.500925925925926
4.831851851851852
5.080925925925926
4.862592592592593
5.058518518518518
7.092592592592593
4.811111111111111
5.3314814814814815
5.077037037037037
4.857407407407408
4.710925925925926
4.612962962962963
4.875740740740741
5.108333333333333
4.772037037037037
5.088518518518518
5.0290740740740745
4.562777777777778
4.519814814814815
4.685555555555555
5.011111111111111
5.167592592592593
4.8042592592592595
4.90537037037037
5.117407407407407
4.749259259259259
4.517407407407408
4.6722222222222225
5.492407407407407
4.807777777777778
4.463148148148148
6.207222222222223
4.648703703703704
4.583333333333333
4.967407407407407
4.944814814814815
4.838703703703704
4.660555555555556
4.650925925925926
4.996666666666667
4.832222222222223
5.028888888888889
4.816851851851852
4.425740740740741
5.148148148148148
5.007037037037037
4.692777777777778
4.435370370370371
5.414259259259259
4.58925925925926
5.102037037037037
4.762037037037037
5.226481481481481
4.390925925925926
4.499259259259259
4.724814814814815
5.013148148148148
4.801111111111111
4.935555555555555
4.938888888888889
4.9329629629629625
5.399259259259259
5.260185185185185
4.473703703703704
4.772962962962963
4.647222222222222
4.776666666666666
4.635
4.753148148148148
4.832222222222223
4.493518518518519
4.762777777777778
4.66037037037037
4.612222222222222
5.977037037037037
4.627222222222223
5.479629629629629
4.105740740740741
4.776111111111111
5.611296296296296
4.482037037037037
4.4688888888888885
5.071666666666666
4.50537037037037
4.375
4.328703703703703
4.7192592592592595
4.335740740740741
4.479259259259259
4.34462962962963
4.7212962962962965
4.4998148148148145
5.348703703703704
4.4057407407407405
4.353518518518518
4.362777777777778
4.521111111111111
16.80759259259259
4.302222222222222
4.541851851851852
4.292777777777777
7.066851851851852
4.6087037037037035
5.003703703703704
4.723148148148148
4.45925925925926
4.531481481481482
11.442962962962962
4.571296296296296
4.441111111111111
4.377222222222223
