-196652.0
-143422.0
-183229.0
-161554.0
-183681.0
-168865.0
-165570.0
-158409.0
-181571.0
-197076.0
-242481.0
-196265.0
-188266.0
-182474.0
-197047.0
-171467.0
-195142.0
-154426.0
-165362.0
-231205.0
-158718.0
-143225.0
-195862.0
-136955.0
-164104.0
-177148.0
-216392.0
-185287.0
-197377.0
-185310.0
-217991.0
-176179.0
-194547.0
-238049.0
-162338.0
-199180.0
-159750.0
-130098.0
-186040.0
-136790.0
-147812.0
-187655.0
-178001.0
-129157.0
-168124.0
-136619.0
-121971.0
-174663.0
-234196.0
-175018.0
-195471.0
-183888.0
-141789.0
-162856.0
-148383.0
-156423.0
-143316.0
-126981.0
-150311.0
-198315.0
-169762.0
-126586.0
-222360.0
-162900.0
-147025.0
-185167.0
-125908.0
-158525.0
-153254.0
-118018.0
-139044.0
-169939.0
-227520.0
-172885.0
-152745.0
-147701.0
-173045.0
-146291.0
-125447.0
-138757.0
-157664.0
-225873.0
-170802.0
-174148.0
-154872.0
-153018.0
-190013.0
-149125.0
-200800.0
-177756.0
-145352.0
-147136.0
-115705.0
-125587.0
-142022.0
-213766.0
-154174.0
-143781.0
-118181.0
-123423.0
-133206.0
-146558.0
-107235.0
-145065.0
-108588.0
-145418.0
-115396.0
-149544.0
-174974.0
-161404.0
-211044.0
-134682.0
-181879.0
-134391.0
-178861.0
-134955.0
-112038.0
-220255.0
-122583.0
-152182.0
-146363.0
-171162.0
-117179.0
-112497.0
-170341.0
-133291.0
-141467.0
-154455.0
-263069.0
-138684.0
-113477.0
-136013.0
-117195.0
-124287.0
-132944.0
-148836.0
-146475.0
-133915.0
-144349.0
-177858.0
-147472.0
-140851.0
-166446.0
-146381.0
-122399.0
-150222.0
-117448.0
-123980.0
-135100.0
-143152.0
-130121.0
-142935.0
-130652.0
-145909.0
-137274.0
-116732.0
-113582.0
-105495.0
-177710.0
-142060.0
-112095.0
-121723.0
-140567.0
-108957.0
-119165.0
-109470.0
-109128.0
-140109.0
-116707.0
-136576.0
-104343.0
-97781.0
-115671.0
-140772.0
-93356.0
-122618.0
-139893.0
-131909.0
-139181.0
-178409.0
-138486.0
-152313.0
-111620.0
-135342.0
-96518.0
-94139.0
-121336.0
-120094.0
-116774.0
-128750.0
-98209.0
-146559.0
-141570.0
-136350.0
-129159.0
-121596.0
-120349.0
-106328.0
-114387.0
-119156.0
-112687.0
-108491.0
-117643.0
-153700.0
-101894.0
-138208.0
-112040.0
-133447.0
-116802.0
-118281.0
-122938.0
-102857.0
-99451.0
-153878.0
-127518.0
-160326.0
-128967.0
-111934.0
-109704.0
-110228.0
-121431.0
-97396.0
-164110.0
-135108.0
-107121.0
-122273.0
-137613.0
-119446.0
-106318.0
-103534.0
-125032.0
-107352.0
-115408.0
-126109.0
-89413.0
-117704.0
-103985.0
-110602.0
-123055.0
-132194.0
-110178.0
-112023.0
-128735.0
-107225.0
-92521.0
-108288.0
-116464.0
-92213.0
-118573.0
-89102.0
-118136.0
-132691.0
-120973.0
-118993.0
-92899.0
-102235.0
-125057.0
-130332.0
-128709.0
-138923.0
-132602.0
-149660.0
-112452.0
-86266.0
-99849.0
-96539.0
-90700.0
-100762.0
-95288.0
-119217.0
-104299.0
-131805.0
-87423.0
-98195.0
-104457.0
-105330.0
-112066.0
-129248.0
-110627.0
-100977.0
-123133.0
-109744.0
-94403.0
-108185.0
-93059.0
-117056.0
-108550.0
-110571.0
-101083.0
-114184.0
-118664.0
-105081.0
-89347.0
-112151.0
-118600.0
-111814.0
-88971.0
-104725.0
-106021.0
-96381.0
-98294.0
-86074.0
-106680.0
-105670.0
-99597.0
-88617.0
-102171.0
-87986.0
-99760.0
-157411.0
-99691.0
-84380.0
-109813.0
-101917.0
-90972.0
-103664.0
-102241.0
-109438.0
-100654.0
-91697.0
-118993.0
-82653.0
-99150.0
-79312.0
-90404.0
-110924.0
-89594.0
-97886.0
-124120.0
-88596.0
-96116.0
-118937.0
-82857.0
-99377.0
-76583.0
-101348.0
-102864.0
-100279.0
-103108.0
-111753.0
-84044.0
-106764.0
-104931.0
-125655.0
-82251.0
-81494.0
-97299.0
-93686.0
-96135.0
-94019.0
-96502.0
-79773.0
-112111.0
-91039.0
-91330.0
-72058.0
-89705.0
-84358.0
-78126.0
-82046.0
-93454.0
-88496.0
-99632.0
-85030.0
-84592.0
-97800.0
-99770.0
-95068.0
-118312.0
-127535.0
-89581.0
-108132.0
-87742.0
-89398.0
-80410.0
-105149.0
-106865.0
-94144.0
-96208.0
-91965.0
-119431.0
-70379.0
-100174.0
-95301.0
-81115.0
-100779.0
-94324.0
-102328.0
-106319.0
-97509.0
-70486.0
-100791.0
-89901.0
-108812.0
-106892.0
-98795.0
-66679.0
-111865.0
-79547.0
-98931.0
-94550.0
-87515.0
-86793.0
-86668.0
-85239.0
-84806.0
-110935.0
-85193.0
-117987.0
-81486.0
-79992.0
-69757.0
-102148.0
-100755.0
-91499.0
-89521.0
-86022.0
-176999.0
-90452.0
-88845.0
-79337.0
-87677.0
-105105.0
-95831.0
-112049.0
-76341.0
-58715.0
-91848.0
-80862.0
-103842.0
-92602.0
-96667.0
-87201.0
-85908.0
-83383.0
-98990.0
-84046.0
-89459.0
-79402.0
-88060.0
-66557.0
-70602.0
-82184.0
-69004.0
-85736.0
-93541.0
-96907.0
-81235.0
-73310.0
-89392.0
-87971.0
-71519.0
-86501.0
-75162.0
-97386.0
-87267.0
-84457.0
-77029.0
-80846.0
-96094.0
-71498.0
-86036.0
-100753.0
-81291.0
-77840.0
-84425.0
-74107.0
-69684.0
-79459.0
-80320.0
-93591.0
-80340.0
-70887.0
-99345.0
-77646.0
-71689.0
-80129.0
-76596.0
-73265.0
-96565.0
-101455.0
-81691.0
-81528.0
-89152.0
-94606.0
-92372.0
-70388.0
-102533.0
-109338.0
-94642.0
-82779.0
-85003.0
-92327.0
-68853.0
-74279.0
-76784.0
-67522.0
-64370.0
-76034.0
-62431.0
-64862.0
-104575.0
-71450.0
-95892.0
-72588.0
-73337.0
-95932.0
-84663.0
-75249.0
-83629.0
-84982.0
-65352.0
-69274.0
-86329.0
-83202.0
-62545.0
-63336.0
-81188.0
-104652.0
-73374.0
-78915.0
-78778.0
-83537.0
-69798.0
-68626.0
-90971.0
-58626.0
-88411.0
-81481.0
-92283.0
-60861.0
-68032.0
-82777.0
-68740.0
-74902.0
-78611.0
-68940.0
-76690.0
-89036.0
-99275.0
-74076.0
-68587.0
-95094.0
-83608.0
-67042.0
-76050.0
-58534.0
-78631.0
-71539.0
-67577.0
-58841.0
-72752.0
-88932.0
-74940.0
-88615.0
-101107.0
-62810.0
-60860.0
-95901.0
-67765.0
-93345.0
-86702.0
-66347.0
-66355.0
-69246.0
-62898.0
-61889.0
-55192.0
-70356.0
-67778.0
-86433.0
-80514.0
-57732.0
-78744.0
-75194.0
-68894.0
-76679.0
-75197.0
-73350.0
-57939.0
-66318.0
-71876.0
-70570.0
-71033.0
-66219.0
-72009.0
-66505.0
-70191.0
-74056.0
-51377.0
-65854.0
-70725.0
-60302.0
-74123.0
-69506.0
-77662.0
-73708.0
-75232.0
-62471.0
-62965.0
-58614.0
-79844.0
-64033.0
-84805.0
-65409.0
-76694.0
-61311.0
-69936.0
-67185.0
-65858.0
-72716.0
-63570.0
-73417.0
-66600.0
-55921.0
-83485.0
-80271.0
-75465.0
-70894.0
-66438.0
-61111.0
-57733.0
-54910.0
-92142.0
-65632.0
-59226.0
-68212.0
-74768.0
-94379.0
-85761.0
-73809.0
-70784.0
-69046.0
-64382.0
-57419.0
-64343.0
-69821.0
-51126.0
-61387.0
-69837.0
-56318.0
-65520.0
-64036.0
-41318.0
-58993.0
-68700.0
-58207.0
-61873.0
-56634.0
-78538.0
-68171.0
-56442.0
-81723.0
-69236.0
-68941.0
-56809.0
-85269.0
-53646.0
-76496.0
-62236.0
-60901.0
-53435.0
-57770.0
-61675.0
-51889.0
-56491.0
-66317.0
-55902.0
-63447.0
-73011.0
-77745.0
-58631.0
-56283.0
-60441.0
-70724.0
-64166.0
-60857.0
-58729.0
-61052.0
-71833.0
-63861.0
-59621.0
-97303.0
-60268.0
-73385.0
-51378.0
-51315.0
-52933.0
-71770.0
-58620.0
-90311.0
-65089.0
-59100.0
-47001.0
-56832.0
-64300.0
-62577.0
-64851.0
-75123.0
-65603.0
-74340.0
-71953.0
-72188.0
-70835.0
-56739.0
-42223.0
-63386.0
-70571.0
-67746.0
-66387.0
-55016.0
-59305.0
-52725.0
-73309.0
-66559.0
-62833.0
-83463.0
-71250.0
-64807.0
-66918.0
-57424.0
-62623.0
-62127.0
-51479.0
-59852.0
-56786.0
-61249.0
-46838.0
-68982.0
-64057.0
-71318.0
-56967.0
-62223.0
-83940.0
-68612.0
-64802.0
-95343.0
-56794.0
-56200.0
-66641.0
-67275.0
-58244.0
-59002.0
-66991.0
-70964.0
-59863.0
-45823.0
-57811.0
-63623.0
-80310.0
-72540.0
-54487.0
-85160.0
-58716.0
-55198.0
-119941.0
-67458.0
-61606.0
-57010.0
-58762.0
-45771.0
-64453.0
-55567.0
-71417.0
-68127.0
-57901.0
-50230.0
-60552.0
-73958.0
-60822.0
-53427.0
-61930.0
-55192.0
-49402.0
-54745.0
-55886.0
-43918.0
-52702.0
-58680.0
-64993.0
-58665.0
-47217.0
-54564.0
-58521.0
-68115.0
-59959.0
-58845.0
-46544.0
-51482.0
-49512.0
-59218.0
-52559.0
-66000.0
-47373.0
-57033.0
-54063.0
-70061.0
-67220.0
-62081.0
-55566.0
-49063.0
-66053.0
-57605.0
-50274.0
-63350.0
-71731.0
-57128.0
-56764.0
-57823.0
-47313.0
-58798.0
-77289.0
-65290.0
-64032.0
-54041.0
-62727.0
-47349.0
-62067.0
-61697.0
-52480.0
-52986.0
-69962.0
-51876.0
-52107.0
-56686.0
-60986.0
-53500.0
-64064.0
-49593.0
-54508.0
-51662.0
-53649.0
-49151.0
-57012.0
-44763.0
-43888.0
-63288.0
-51114.0
-60291.0
-66200.0
-41809.0
-56709.0
-58875.0
-57147.0
-55182.0
-50022.0
-58578.0
-54707.0
-49708.0
-54366.0
-61894.0
-46953.0
-56052.0
-71349.0
-54346.0
-60408.0
-56185.0
-41468.0
-40157.0
-59251.0
-44875.0
-51719.0
-61000.0
-55835.0
-58362.0
-52654.0
-47452.0
-40111.0
-45129.0
-64013.0
-62045.0
-57691.0
-46551.0
-53949.0
-54149.0
-52157.0
-52256.0
-47488.0
-53122.0
-48537.0
-60168.0
-64136.0
-47101.0
-44385.0
-50247.0
-44018.0
-54548.0
-57666.0
-60894.0
-57580.0
-49678.0
-54956.0
-56086.0
-50732.0
-67535.0
-47608.0
-51919.0
-52335.0
-44123.0
-63440.0
-50195.0
-53171.0
-57949.0
-57581.0
-56606.0
-45636.0
-49238.0
-47931.0
-54821.0
-60531.0
-58096.0
-51302.0
-41739.0
-53500.0
-42212.0
-48460.0
-38150.0
-58797.0
-40211.0
-45521.0
-57360.0
-36043.0
-52592.0
-52248.0
-57102.0
-46855.0
-48383.0
-48421.0
-53220.0
-56872.0
-65707.0
-48105.0
-44997.0
-48027.0
-45162.0
-50819.0
-43253.0
-59346.0
-45166.0
-52972.0
-44372.0
-56528.0
-58242.0
-46403.0
-41364.0
-43829.0
-68995.0
-50256.0
-60557.0
-42198.0
-49152.0
-55651.0
-55680.0
-51189.0
-37258.0
-47166.0
-43739.0
-50999.0
-47056.0
-47804.0
-50909.0
-39334.0
-48815.0
-57338.0
-44245.0
-47309.0
-37747.0
-74474.0
-61645.0
-46738.0
-49067.0
-45390.0
-58322.0
-39243.0
-37923.0
-53001.0
-41935.0
-41278.0
-30746.0
-45891.0
-48941.0
-57942.0
-51709.0
-40044.0
-38079.0
-52422.0
-92747.0
-50052.0
-45718.0
-41279.0
-127456.0
-46228.0
-60045.0
-58358.0
-55419.0
-53371.0
-79910.0
-50529.0
-46507.0
-50575.0
