-237651.0
-299852.0
-298223.75
-225134.0
-301342.0
-308554.0
-333341.0
-318555.0
-294277.0
-263568.0
-341157.0
-275532.0
-258799.0
-241940.0
-210703.0
-387862.0
-218980.0
-199296.0
-265004.0
-286630.0
-268078.0
-265884.0
-216970.0
-226519.0
-153503.0
-230005.5
-328056.0
-350627.0
-318718.0
-265191.5
-319189.0
-289130.0
-199204.0
-178097.0
-257976.0
-371877.0
-213943.0
-205364.0
-210143.0
-262229.0
-277710.0
-212192.0
-289403.75
-255606.0
-220564.0
-171875.0
-313877.0
-190319.0
-161688.0
-238355.0
-197401.0
-188913.0
-171082.0
-162925.0
-195273.0
-141981.0
-202546.0
-170627.0
-203290.0
-243698.0
-208560.0
-260790.0
-214846.0
-230718.0
-174570.0
-175864.0
-205170.0
-149721.75
-163738.0
-180153.0
-214522.0
-211088.0
-189279.0
-314360.0
-237936.5
-215580.0
-146156.0
-200890.5
-185788.0
-178652.0
-202253.0
-243981.0
-226210.0
-215891.5
-403098.0
-225884.0
-209320.0
-202534.0
-148322.0
-133464.0
-260014.0
-217168.0
-135456.0
-178689.0
-188644.0
-215492.0
-209808.0
-155320.0
-162082.0
-174090.0
-166165.0
-160929.0
-211357.0
-195863.0
-160193.0
-154987.0
-163802.0
-228300.0
-162291.0
-215628.0
-269976.0
-200704.0
-175150.0
-223630.0
-183941.0
-152680.0
-121800.0
-181685.0
-145935.0
-157240.0
-164510.0
-194323.0
-110638.0
-142182.0
-137472.5
-166409.0
-212609.0
-117411.0
-253596.0
-115221.0
-148818.0
-194922.0
-187311.0
-200825.0
-168537.0
-131891.0
-167426.0
-141688.0
-148197.0
-176806.0
-131178.0
-142500.0
-168735.0
-178067.0
-151610.0
-196575.0
-180048.0
-137651.0
-118404.0
-206026.0
-160528.0
-158710.0
-185423.0
-152901.0
-166004.0
-151523.0
-198310.0
-169231.0
-150002.0
-138933.0
-109748.0
-173133.0
-136682.0
-213351.0
-121205.0
-132203.0
-129645.0
-103780.5
-162798.0
-191710.0
-164708.0
-151834.0
-132728.0
-112884.0
-133227.0
-151153.75
-181440.0
-133698.0
-118049.0
-152857.0
-161547.0
-197463.25
-136683.0
-151920.0
-150245.0
-144979.75
-126311.0
-124736.0
-140558.0
-137151.0
-121074.0
-125791.0
-171985.0
-232527.0
-133608.5
-128556.0
-117183.0
-115108.0
-195306.0
-140247.0
-173404.0
-133988.0
-110047.75
-96688.0
-152215.0
-125245.0
-130882.0
-125634.0
-133611.0
-103300.0
-231421.0
-156183.0
-150548.0
-140118.5
-123113.0
-109633.0
-101092.75
-119656.75
-128504.0
-112803.0
-179762.0
-141294.0
-104394.0
-95018.0
-116356.0
-165868.0
-168488.5
-112138.0
-121453.0
-114418.0
-119298.0
-93146.0
-108415.5
-112142.0
-84853.0
-116612.0
-115916.5
-140937.0
-99941.0
-126824.0
-108072.0
-136814.0
-149675.0
-110877.0
-145991.0
-113166.0
-103130.0
-117057.0
-88282.0
-118505.0
-124068.0
-111617.0
-102364.0
-153290.0
-110697.0
-106590.0
-112939.0
-150226.0
-91336.0
-134389.0
-103716.0
-104544.0
-118905.0
-123746.0
-123643.0
-126844.5
-109740.0
-123252.0
-94116.0
-151940.0
-96206.75
-105341.0
-123616.0
-111017.0
-110461.0
-107776.0
-113751.0
-106473.0
-126015.0
-109294.0
-102641.0
-86830.0
-121860.0
-103556.75
-97827.0
-93361.0
-97526.75
-109990.0
-127481.0
-108718.0
-95051.0
-109426.0
-107894.0
-116462.0
-112363.0
-128446.0
-94841.0
-101201.0
-125179.0
-87125.0
-121584.25
-113791.0
-118342.0
-124953.0
-131755.0
-97082.0
-88324.0
-88903.0
-100143.0
-90313.0
-117176.0
-105395.0
-129870.0
-117509.0
-142111.0
-93314.0
-97493.0
-93536.0
-101497.0
-125207.0
-80348.0
-85447.0
-110847.0
-98660.0
-101284.0
-83877.0
-134952.0
-79083.0
-116097.0
-95304.0
-83779.75
-95332.0
-93874.0
-101960.0
-128384.0
-95971.0
-120179.0
-73168.0
-84788.0
-72940.0
-79776.0
-77941.0
-88522.0
-85469.0
-97841.0
-89841.0
-87347.0
-107766.0
-92051.0
-90257.0
-91252.0
-94427.0
-75706.0
-83603.0
-93277.0
-88350.0
-102796.0
-89366.0
-85244.0
-99240.0
-89892.0
-107151.0
-73158.0
-86387.0
-80955.0
-104777.0
-89628.0
-111808.0
-125711.0
-86164.5
-85657.0
-111734.0
-86915.0
-115830.0
-118512.0
-110564.0
-86648.0
-77168.0
-97202.25
-89906.0
-77499.0
-73514.0
-85468.0
-89325.0
-94009.0
-81588.0
-73313.0
-86085.0
-68241.0
-74750.0
-89535.0
-71443.5
-78842.0
-96430.0
-117946.0
-80795.0
-76807.0
-107224.0
-84444.0
-71407.0
-83139.0
-73560.0
-94493.0
-82472.0
-69059.0
-82834.0
-112948.0
-97247.0
-82671.0
-82026.0
-100411.0
-84855.0
-98535.0
-92368.0
-77877.0
-108003.0
-129381.0
-67942.0
-78111.0
-76168.0
-79280.0
-71360.0
-87100.0
-110676.0
-115044.0
-66473.0
-84370.0
-58167.0
-110837.0
-72934.0
-74871.0
-73066.0
-80498.0
-84896.0
-70680.0
-67812.0
-97967.0
-85700.0
-73685.0
-83280.0
-83947.0
-86901.0
-69502.0
-82859.75
-106716.0
-60840.0
-87517.0
-87829.0
-89710.0
-68072.0
-84150.0
-82683.0
-105296.0
-94016.0
-92885.0
-72802.0
-84715.0
-81549.5
-73654.0
-89893.0
-97345.0
-79982.5
-113017.0
-80863.0
-89373.0
-81174.0
-79352.0
-87067.0
-73708.0
-94858.0
-79471.0
-74706.0
-73077.0
-70943.0
-78572.0
-83888.0
-86680.0
-67934.0
-66321.0
-74699.0
-82942.0
-96558.5
-76455.0
-75149.0
-76793.0
-92290.25
-81755.0
-78542.0
-81987.0
-82348.0
-86177.0
-76839.0
-69074.0
-75670.0
-79159.25
-87548.0
-93402.0
-97998.0
-69770.0
-62105.0
-77280.0
-89443.0
-80585.0
-125277.5
-67041.0
-83603.0
-67476.0
-120721.5
-60782.0
-74292.25
-130597.0
-87511.0
-65643.0
-87729.0
-87734.0
-59551.0
-69704.0
-77438.0
-92272.0
-68964.0
-79865.0
-82535.0
-65996.0
-74997.0
-80420.0
-66983.0
-58986.0
-75332.0
-90634.0
-71134.0
-53500.0
-69647.0
-71225.0
-70353.0
-67403.5
-72360.0
-56717.0
-68095.0
-76165.0
-82939.0
-63492.0
-71020.0
-79498.0
-68389.0
-75671.0
-76148.0
-64906.0
-70666.0
-83260.0
-75891.0
-68531.0
-79555.0
-68444.0
-75390.0
-76018.0
-78139.0
-75689.0
-58598.0
-110614.0
-61822.0
-101208.0
-79897.0
-74136.0
-81582.5
-57229.0
-67907.0
-62089.0
-88472.0
-120383.0
-63896.0
-93136.0
-53278.0
-78881.0
-70978.0
-78110.0
-60222.5
-67533.0
-81768.0
-73396.0
-82055.0
-75116.0
-65471.0
-58642.0
-84152.0
-87107.0
-62990.5
-75452.0
-77805.0
-68098.0
-66148.0
-65597.0
-80815.5
-61268.0
-61141.0
-68482.0
-59436.0
-95707.0
-83684.0
-71812.0
-79758.0
-82655.0
-69495.5
-67804.0
-62347.0
-76598.0
-75887.5
-76055.25
-66714.5
-66955.0
-85102.0
-65721.0
-62731.0
-79143.0
-66328.0
-74318.0
-47881.0
-65524.0
-75103.0
-65910.5
-57677.0
-108380.0
-86825.0
-98537.5
-76074.0
-81080.0
-51291.0
-61055.0
-60035.0
-74189.5
-64332.0
-57579.0
-68556.0
-69999.0
-66216.0
-69404.0
-64732.0
-62170.0
-59416.0
-106657.0
-85619.0
-55566.0
-53141.0
-67286.0
-56168.0
-54085.0
-52654.0
-51553.0
-60487.0
-50308.0
-72900.0
-56235.0
-57381.0
-58553.0
-56567.0
-60943.0
-53577.0
-88976.0
-67057.0
-58573.0
-58473.0
-62361.0
-88170.0
-97633.0
-77976.0
-71730.0
-69072.0
-46815.0
-52662.75
-62521.0
-51903.0
-65313.0
-45911.0
-54123.0
-71845.0
-62682.0
-61859.0
-67199.0
-50312.0
-62160.0
-56158.0
-58433.0
-63275.0
-60484.0
-58861.0
-68773.0
-48575.0
-55307.0
-49249.0
-57061.0
-57959.0
-68844.5
-66942.0
-67575.0
-56538.0
-69805.0
-61069.0
-55466.0
-58882.0
-58784.0
-70444.0
-71681.0
-66301.0
-50218.0
-59249.0
-71801.0
-54847.0
-70370.0
-51730.5
-56771.0
-56552.5
-62961.0
-49247.5
-63064.0
-53931.0
-79124.0
-48224.0
-59651.0
-52007.0
-74126.0
-52454.0
-47301.0
-71618.0
-48876.0
-57369.0
-61950.0
-61950.0
-59903.0
-49556.0
-49271.5
-53033.0
-76786.0
-58336.0
-50390.0
-58022.0
-50230.0
-48580.0
-53578.0
-48659.0
-70252.0
-79993.0
-49738.0
-48611.0
-57287.0
-75685.0
-53905.0
-60092.0
-91862.0
-63285.0
-60154.5
-45138.0
-49648.0
-52447.0
-56474.0
-54766.0
-57166.0
-63159.0
-51714.0
-54637.0
-53495.0
-59857.0
-54860.0
-63078.0
-49801.0
-72383.75
-76033.0
-49502.0
-47575.0
-54327.0
-47005.0
-50769.0
-65820.0
-67501.0
-50102.0
-39864.0
-45125.0
-41391.0
-40210.0
-45762.0
-44814.5
-38679.0
-43713.0
-38438.0
-46331.0
-97437.0
-55980.0
-52186.0
-56423.0
-44032.0
-42699.0
-37734.0
-45166.0
-46668.0
-44382.0
-42564.0
-47688.0
-43627.0
-41218.0
-45211.0
-45907.0
-50520.0
-47510.75
-52719.5
-47579.0
-46123.0
-42967.0
-48425.75
-46463.0
-42980.0
-54870.0
-54912.0
-53356.0
-53198.0
-54678.0
-37221.0
-50394.25
-45647.0
-79432.0
-75846.0
-109148.0
-49538.0
-41720.0
-40987.0
-46730.0
-46483.0
-48147.0
-37161.0
-47947.0
-47311.0
-39285.0
-38667.0
-44463.0
-43555.0
-51678.0
-39930.0
-44721.0
-46207.0
-63058.0
-48435.0
-43921.0
-44912.0
-39127.0
-40781.0
-40100.0
-43082.0
-32893.0
-38952.0
-45955.0
-56122.0
-44727.0
-48122.0
-36196.0
-42392.0
-37276.0
-45231.0
-40402.0
-37598.0
-43034.0
-50427.0
-36572.0
-50983.5
-47313.0
-56866.5
-54399.0
-33979.0
-42134.0
-38710.0
-41799.0
-60677.0
-39039.0
-46543.0
-42691.0
-41271.0
-45882.5
-34738.0
-33891.0
-45003.0
-40105.0
-37956.0
-35803.0
-42663.5
-46674.0
-55612.0
-44735.0
-38293.5
-42011.0
-33739.0
-40756.0
-42412.0
-52425.0
-56371.0
-42907.0
-32316.0
-52473.5
-31425.0
-38394.0
-37209.0
-39210.0
-37088.0
-39189.0
-46662.0
-40931.0
-35659.0
-37514.0
-39570.0
-40080.0
-43470.0
-42169.0
-37850.0
-37857.0
-48343.5
-43753.0
-62547.0
-43565.75
-57804.0
-40309.0
-36789.0
-44390.0
-46493.5
-36967.0
-45688.5
-65444.0
-48644.0
-49452.0
-46775.5
-39189.0
-51431.0
-34660.0
-94000.0
-49728.0
-46566.0
-42593.0
-54358.0
-44073.0
-44900.0
-30653.0
-33216.0
-40780.0
-45700.0
-50815.0
-33669.0
-37144.0
-48844.0
-40597.0
-41704.0
-45038.0
-35971.0
-42238.0
-43067.0
-43021.0
-56878.0
-43542.0
-36929.0
-44086.0
-64493.0
-36027.5
-49630.0
-39850.0
-38610.0
-35156.0
-47800.0
-48028.0
-33931.0
-48542.0
-38300.0
-49706.0
-37128.0
-37205.0
-45913.0
-38029.0
-35284.0
-34283.0
-37331.0
-44337.0
-30649.0
-43205.0
-36272.0
-35510.0
-37955.0
-36862.0
-46458.0
-44657.0
-41311.0
-38012.25
-54884.0
-31299.0
-55518.0
-33594.0
-47036.0
-43460.0
-40666.0
-36094.0
-71625.5
-75689.25
-66861.0
-68341.0
-62638.0
-47523.0
-53817.0
-64000.5
-46260.0
