333587
433992
411048
345304
428887
427452
475416
422087
399510
365707
442703
365414
359324
369618
329671
510709
337319
329209
393266
415451
375117
387407
317439
348610
273629
327059
456414
495412
422084
373472
453857
421701
322886
311313
392813
483553
329359
336866
342311
377428
387269
326956
420702
384555
353568
289935
432075
301147
280737
377208
306508
303412
295203
289443
333302
245334
350374
300078
313874
363837
345812
379339
357339
375391
293920
293965
315092
263336
274304
283245
346552
349869
307765
451875
351901
325841
268504
311517
292143
295478
319611
355298
353163
326763
525205
344807
348347
317528
264531
261149
369748
363016
243060
299782
279334
360707
345736
261898
288796
313388
290863
284346
347325
296681
281912
266166
277735
323239
278243
366847
374132
306255
292205
322318
300486
273356
222988
318448
271611
277732
289817
320120
223523
274174
238586
284601
307099
215484
363273
213459
273312
338115
322461
290244
295373
249253
285161
268803
288103
274491
251303
251545
287473
311854
253322
308581
300595
249133
225032
329867
276483
283960
320138
272832
284834
268443
304830
265962
259505
247067
213224
274629
238561
312179
232275
246670
244455
207272
282443
303187
294428
274151
251908
230972
238433
267104
287174
248497
246919
257412
275182
310972
268809
258945
251793
254721
220539
228649
244306
262397
219507
248491
293389
352602
253738
235818
212325
218871
303786
251112
298242
239583
220480
192827
258418
237293
228093
234025
241994
218069
335309
262075
265968
253097
238563
227022
188733
217922
248774
220010
287860
244189
203850
197918
226411
269161
274880
214096
233637
223392
223057
186017
212102
206835
186618
217583
222238
250163
201837
241754
204428
243229
263210
205746
243554
232299
188784
213486
194983
223556
233340
216758
222345
252348
208873
207023
233271
280436
193471
247396
209981
209103
229833
219968
231202
227680
202643
224039
192642
274711
187940
205430
230087
220032
217614
222510
227860
214999
233901
221805
204388
200125
230906
208031
197526
190497
200388
214529
229197
224019
190091
209987
218107
214713
231467
236230
206099
208040
223411
196690
238716
224281
237930
227143
243283
205223
181810
199963
202232
188758
224944
200933
256512
225001
244213
209384
213100
192428
197096
234055
163332
175062
215812
205417
199200
186264
241171
174555
214803
188099
189635
185820
193161
224771
240013
208398
233638
173146
178822
166866
180995
179634
185434
185946
215138
176353
181381
209464
204319
185810
189515
204830
177605
178265
186295
190985
203839
186414
193066
199004
188934
200963
163345
185190
182401
215906
197152
209887
241794
191398
165882
218506
185899
203109
233336
207406
196127
159761
204146
195923
182395
178553
181445
196551
190551
178183
165697
173415
168667
166809
182410
161978
178882
195491
223031
187617
173938
223923
188984
174553
197084
171280
188600
178598
166639
186288
220809
197436
184851
185604
205305
185919
195036
201343
186055
224956
235253
169034
177992
173324
166106
174847
203249
211694
231633
163376
174155
147122
212678
181687
175732
164175
178708
185504
158160
164818
194190
194160
163704
176769
181811
192438
161944
184470
213084
152862
177100
179499
195874
158489
190457
194531
195688
202758
192420
174654
194669
187232
164799
188450
185884
173915
205781
183663
188435
180082
172696
192497
157817
196148
187819
153645
159312
169973
177693
194264
190323
160405
167454
174994
183083
190362
188296
159903
165118
189890
193096
171334
174923
181885
196470
169713
167220
169825
177031
196225
186772
193359
153887
147466
192877
187888
168799
230249
161390
196526
165066
217349
156344
161061
224458
185458
158955
195407
169289
158612
161224
168452
214770
163381
182277
164659
170972
168054
174272
161701
140266
172288
189410
161633
143038
176448
162030
166127
153844
159828
146993
159284
160237
170678
158559
163019
170496
163409
177649
166662
165402
164151
180348
176623
162894
170849
168616
172549
171911
175064
177790
143200
198328
155433
200825
174226
160637
170880
143916
158731
170822
177501
216195
153480
203783
141362
170261
168422
174772
154912
152504
178612
167726
175129
158096
158322
150205
176721
185210
161422
165742
168722
153005
162537
163262
174047
152246
148400
158981
154469
198141
181848
158056
162552
180444
163515
151332
168342
173612
159519
166349
157063
153425
184667
141081
145794
176007
158996
170335
128156
166967
176715
160759
138646
203731
172349
182100
166254
171536
138905
154246
146189
179774
158581
144317
163048
158647
169125
176438
153384
153889
144850
209997
172430
134019
146055
153512
142048
133065
138316
141321
144912
125217
166982
139244
143347
149029
145705
159167
143524
202778
152600
148467
157372
154349
171972
193062
171053
159361
153634
123258
138663
151115
137711
146262
128218
139673
163513
151149
161281
167592
143639
153478
133959
142580
150856
149570
150624
157527
145868
134925
137597
152999
147717
161160
151271
162843
145715
149540
155446
159970
154603
147873
160841
165091
147335
141453
149217
169259
153945
154928
139205
149310
144607
145311
130496
155395
150036
174979
137726
156318
134913
163469
133675
135718
159540
137920
144790
155506
151409
157872
132010
138321
136538
176362
147821
134449
155224
134042
128727
139680
130046
163127
171161
136077
132973
147359
161523
133269
147169
200021
142547
151555
139775
141771
135530
153343
149463
143300
157881
135981
132261
140043
147932
143339
148783
136946
159714
187527
139682
130035
142683
140955
133719
155516
155093
141954
124126
135880
128474
122787
128853
129716
120139
124194
114909
132353
180384
139948
140498
139166
121445
121831
121026
125303
123639
130870
117477
124768
131599
122642
131153
128117
142216
134703
134442
140712
132911
131973
127892
128848
123662
140214
143917
141605
141527
148200
126122
133214
131537
163549
150033
189634
131648
120650
126577
124259
133702
128857
112830
134770
132894
118723
119017
129337
119613
137190
126299
129275
140326
155902
130854
132275
133800
117896
120873
121538
124136
112403
113203
129297
140433
135509
117547
120443
129904
120378
123904
131711
131010
131301
131120
116815
129030
138053
127557
152447
114418
114011
120622
124078
136713
122475
137905
132638
117128
128586
113357
113109
131353
115632
114744
107309
123398
120344
137939
122916
118309
115328
109542
120756
123163
141742
140392
126503
109604
130402
108608
113471
114880
119959
118588
122477
121637
120383
118242
117017
118839
120895
126691
119127
113848
121380
130546
126724
142260
123082
141912
115664
112414
127072
133836
109864
126518
156984
128948
136798
128854
119683
138859
116573
182707
135182
129117
126231
147962
126495
127072
106429
112042
115548
126805
131845
109527
118264
130588
118193
119121
136507
112311
121309
123290
125728
139441
122614
116637
124222
152805
122866
126097
127394
127713
114631
129620
118682
113937
132216
115178
139670
113860
120274
128198
115490
119626
114177
118699
134774
105477
121161
118951
115760
119078
117824
133710
117126
133433
114009
149987
107310
130742
106782
128783
118620
121199
114689
144499
165281
149665
154767
135259
134790
134457
141307
119091
