61.77537037037037
80.36888888888889
76.12
63.94518518518519
79.42351851851852
79.15777777777778
88.04
78.16425925925925
73.98333333333333
67.72351851851852
81.98203703703703
67.66925925925926
66.54148148148148
68.44777777777777
61.050185185185185
94.57574074074074
62.46648148148148
60.96462962962963
72.82703703703703
76.93537037037036
69.4661111111111
71.74203703703704
58.785
64.55740740740741
50.672037037037036
60.56648148148148
84.52111111111111
91.74296296296296
78.1637037037037
69.16148148148149
84.0475925925926
78.09277777777778
59.793703703703706
57.650555555555556
72.74314814814815
89.54685185185186
60.992407407407406
62.382592592592594
63.39092592592593
69.89407407407407
71.71648148148148
60.547407407407405
77.90777777777778
71.21388888888889
65.47555555555556
53.69166666666667
80.01388888888889
55.76796296296296
51.98833333333334
69.85333333333334
56.760740740740744
56.187407407407406
54.66722222222222
53.60055555555556
61.72259259259259
45.43222222222222
64.88407407407408
55.57
58.12481481481481
67.37722222222222
64.03925925925925
70.24796296296296
66.17388888888888
69.51685185185185
54.42962962962963
54.43796296296296
58.35037037037037
48.76592592592593
50.797037037037036
52.452777777777776
64.1762962962963
64.79055555555556
56.99351851851852
83.68055555555556
65.16685185185185
60.34092592592592
49.72296296296296
57.68833333333333
54.10055555555556
54.718148148148146
59.187222222222225
65.79592592592593
65.40055555555556
60.51166666666666
97.26018518518518
63.85314814814815
64.5087037037037
58.80148148148148
48.98722222222222
48.360925925925926
68.47185185185185
67.22518518518518
45.01111111111111
55.51518518518518
51.72851851851852
66.7975925925926
64.02518518518518
48.49962962962963
53.48074074074074
58.034814814814816
53.86351851851852
52.656666666666666
64.31944444444444
54.940925925925924
52.205925925925925
49.29
51.43240740740741
59.85907407407407
51.52648148148148
67.93462962962963
69.28370370370371
56.71388888888889
54.112037037037034
59.68851851851852
55.64555555555555
50.62148148148148
41.294074074074075
58.97185185185185
50.29833333333333
51.43185185185185
53.66981481481481
59.28148148148148
41.39314814814815
50.772962962962964
44.18259259259259
52.70388888888889
56.870185185185186
39.904444444444444
67.27277777777778
39.529444444444444
50.61333333333334
62.61388888888889
59.715
53.74888888888889
54.69870370370371
46.15796296296296
52.80759259259259
49.778333333333336
53.352407407407405
50.83166666666666
46.537592592592596
46.58240740740741
53.23574074074074
57.75074074074074
46.91148148148148
57.14462962962963
55.66574074074074
46.135740740740744
41.67259259259259
61.086481481481485
51.20055555555555
52.58518518518518
59.284814814814816
50.52444444444444
52.74703703703704
49.711666666666666
56.45
49.25222222222222
48.056481481481484
45.75314814814815
39.485925925925926
50.85722222222222
44.177962962962965
57.81092592592593
43.013888888888886
45.67962962962963
45.269444444444446
38.3837037037037
52.30425925925926
56.14574074074074
54.5237037037037
50.76870370370371
46.64962962962963
42.772592592592595
44.15425925925926
49.4637037037037
53.18037037037037
46.01796296296296
45.72574074074074
47.66888888888889
50.95962962962963
57.587407407407404
49.779444444444444
47.952777777777776
46.62833333333333
47.17055555555555
40.840555555555554
42.34240740740741
45.241851851851855
48.59203703703704
40.64944444444444
46.016851851851854
54.331296296296294
65.29666666666667
46.98851851851852
43.67
39.31944444444444
40.531666666666666
56.25666666666667
46.50222222222222
55.23
44.367222222222225
40.82962962962963
35.708703703703705
47.855185185185185
43.94314814814815
42.239444444444445
43.33796296296296
44.8137037037037
40.383148148148145
62.09425925925926
48.532407407407405
49.25333333333333
46.869814814814816
44.178333333333335
42.041111111111114
34.95055555555555
40.35592592592592
46.06925925925926
40.742592592592594
53.30740740740741
45.22018518518519
37.75
36.65148148148148
41.927962962962965
49.84462962962963
50.903703703703705
39.64740740740741
43.26611111111111
41.36888888888889
41.30685185185185
34.44759259259259
39.27814814814815
38.30277777777778
34.55888888888889
40.29314814814815
41.15518518518518
46.32648148148148
37.37722222222222
44.76925925925926
37.85703703703704
45.04240740740741
48.742592592592594
38.10111111111111
45.10259259259259
43.01833333333333
34.96
39.534444444444446
36.107962962962965
41.39925925925926
43.21111111111111
40.14037037037037
41.175
46.73111111111111
38.68018518518519
38.33759259259259
43.19833333333333
51.93259259259259
35.827962962962964
45.81407407407407
38.88537037037037
38.72277777777778
42.56166666666667
40.73481481481482
42.815185185185186
42.162962962962965
37.52648148148148
41.488703703703706
35.67444444444445
50.87240740740741
34.803703703703704
38.04259259259259
42.6087037037037
40.74666666666667
40.29888888888889
41.205555555555556
42.196296296296296
39.81462962962963
43.315
41.075
37.84962962962963
37.06018518518518
42.76037037037037
38.52425925925926
36.57888888888889
35.27722222222222
37.10888888888889
39.72759259259259
42.443888888888885
41.485
35.20203703703704
38.88648148148148
40.39018518518518
39.76166666666666
42.864259259259256
43.74629629629629
38.16648148148148
38.525925925925925
41.37240740740741
36.42407407407408
44.20666666666666
41.53351851851852
44.06111111111111
42.06351851851852
45.05240740740741
38.00425925925926
33.66851851851852
37.03018518518518
37.45037037037037
34.95518518518519
41.6562962962963
37.20981481481481
47.50222222222222
41.66685185185185
45.22462962962963
38.77481481481482
39.46296296296296
35.63481481481482
36.49925925925926
43.34351851851852
30.246666666666666
32.41888888888889
39.965185185185184
38.04018518518519
36.888888888888886
34.49333333333333
44.6612962962963
32.325
39.778333333333336
34.83314814814815
35.117592592592594
34.41111111111111
35.77055555555555
41.62425925925926
44.446851851851854
38.59222222222222
43.2662962962963
32.06407407407407
33.11518518518518
30.90111111111111
33.51759259259259
33.26555555555556
34.33962962962963
34.434444444444445
39.84037037037037
32.65796296296296
33.58907407407408
38.78962962962963
37.836851851851854
34.40925925925926
35.09537037037037
37.931481481481484
32.88981481481481
33.01203703703704
34.49907407407407
35.367592592592594
37.747962962962966
34.52111111111111
35.75296296296296
36.85259259259259
34.98777777777778
37.21537037037037
30.249074074074073
34.294444444444444
33.77796296296296
39.982592592592596
36.50962962962963
38.86796296296296
44.776666666666664
35.444074074074074
30.718888888888888
40.46407407407408
34.42574074074074
37.61277777777778
43.21037037037037
38.40851851851852
36.31981481481481
29.58537037037037
37.80481481481481
36.282037037037036
33.77685185185185
33.06537037037037
33.60092592592593
36.39833333333333
35.28722222222222
32.99685185185185
30.68462962962963
32.11388888888889
31.23462962962963
30.890555555555554
33.77962962962963
29.995925925925928
33.126296296296296
36.20203703703704
41.30203703703704
34.74388888888889
32.21074074074074
41.46722222222222
34.99703703703704
32.32462962962963
36.49703703703704
31.71851851851852
34.925925925925924
33.07370370370371
30.859074074074073
34.49777777777778
40.89055555555556
36.562222222222225
34.23166666666667
34.37111111111111
38.019444444444446
34.42944444444444
36.117777777777775
37.28574074074074
34.45462962962963
41.65851851851852
43.56537037037037
31.302592592592593
32.961481481481485
32.09703703703704
30.76037037037037
32.379074074074076
37.638703703703705
39.202592592592595
42.895
30.254814814814814
32.25092592592593
27.244814814814816
39.38481481481482
33.64574074074074
32.54296296296296
30.40277777777778
33.09407407407407
34.35259259259259
29.288888888888888
30.521851851851853
35.96111111111111
35.955555555555556
30.315555555555555
32.735
33.668703703703706
35.63666666666666
29.98962962962963
34.16111111111111
39.46
28.307777777777776
32.7962962962963
33.24055555555555
36.272962962962964
29.349814814814813
35.269814814814815
36.02425925925926
36.23851851851852
37.547777777777775
35.63333333333333
32.343333333333334
36.049814814814816
34.67259259259259
30.518333333333334
34.898148148148145
34.42296296296296
32.20648148148148
38.107592592592596
34.01166666666666
34.89537037037037
33.34851851851852
31.980740740740742
35.647592592592595
29.22537037037037
36.32370370370371
34.7812962962963
28.45277777777778
29.502222222222223
31.476481481481482
32.90611111111111
35.97481481481481
35.245
29.70462962962963
31.01
32.4062962962963
33.90425925925926
35.25222222222222
34.86962962962963
29.611666666666668
30.577407407407406
35.16481481481482
35.75851851851852
31.72851851851852
32.39314814814815
33.68240740740741
36.38333333333333
31.428333333333335
30.966666666666665
31.449074074074073
32.78351851851852
36.33796296296296
34.587407407407404
35.80722222222222
28.497592592592593
27.308518518518518
35.717962962962964
34.794074074074075
31.259074074074075
42.638703703703705
29.887037037037036
36.39370370370371
30.567777777777778
40.24981481481481
28.95259259259259
29.82611111111111
41.566296296296294
34.34407407407407
29.43611111111111
36.18648148148148
31.349814814814813
29.372592592592593
29.856296296296296
31.194814814814816
39.772222222222226
30.25574074074074
33.755
30.49240740740741
31.66148148148148
31.121111111111112
32.272592592592595
29.94462962962963
25.975185185185186
31.905185185185186
35.07592592592592
29.932037037037038
26.488518518518518
32.675555555555555
30.005555555555556
30.76425925925926
28.48962962962963
29.59777777777778
27.220925925925926
29.497037037037035
29.67351851851852
31.60703703703704
29.36277777777778
30.188703703703705
31.573333333333334
30.260925925925925
32.897962962962964
30.863333333333333
30.63
30.398333333333333
33.397777777777776
32.70796296296297
30.165555555555557
31.638703703703705
31.225185185185186
31.953518518518518
31.83537037037037
32.419259259259256
32.92407407407408
26.51851851851852
36.727407407407405
28.78388888888889
37.18981481481482
32.264074074074074
29.747592592592593
31.644444444444446
26.65111111111111
29.39462962962963
31.633703703703702
32.870555555555555
40.03611111111111
28.42222222222222
37.73759259259259
26.178148148148146
31.529814814814817
31.18925925925926
32.36518518518518
28.687407407407406
28.241481481481483
33.0762962962963
31.06037037037037
32.431296296296296
29.277037037037037
29.31888888888889
27.81574074074074
32.72611111111111
34.29814814814815
29.89296296296296
30.692962962962962
31.244814814814816
28.33425925925926
30.099444444444444
30.233703703703704
32.23092592592592
28.193703703703704
27.48148148148148
29.440925925925924
28.60537037037037
36.69277777777778
33.675555555555555
29.26962962962963
30.102222222222224
33.41555555555556
30.280555555555555
28.024444444444445
31.174444444444443
32.15037037037037
29.540555555555557
30.80537037037037
29.08574074074074
28.412037037037038
34.19759259259259
26.12611111111111
26.99888888888889
32.59388888888889
29.443703703703704
31.543518518518518
23.732592592592592
30.919814814814814
32.725
29.770185185185184
25.675185185185185
37.72796296296296
31.916481481481483
33.72222222222222
30.787777777777777
31.765925925925927
25.723148148148148
28.564074074074075
27.07203703703704
33.29148148148148
29.36685185185185
26.72537037037037
30.194074074074074
29.379074074074072
31.319444444444443
32.6737037037037
28.404444444444444
28.497962962962962
26.824074074074073
38.888333333333335
31.93148148148148
24.81833333333333
27.04722222222222
28.428148148148146
26.305185185185184
24.641666666666666
25.614074074074075
26.170555555555556
26.835555555555555
23.188333333333333
30.922592592592594
25.785925925925927
26.54574074074074
27.597962962962963
26.982407407407408
29.47537037037037
26.578518518518518
37.55148148148148
28.25925925925926
27.49388888888889
29.14296296296296
28.583148148148148
31.846666666666668
35.75222222222222
31.67648148148148
29.511296296296297
28.45074074074074
22.825555555555557
25.678333333333335
27.98425925925926
25.502037037037038
27.085555555555555
23.744074074074074
25.86537037037037
30.280185185185186
27.990555555555556
29.86685185185185
31.035555555555554
26.599814814814813
28.42185185185185
24.807222222222222
26.403703703703705
27.936296296296295
27.69814814814815
27.893333333333334
29.171666666666667
27.012592592592593
24.98611111111111
25.480925925925927
28.333148148148148
27.355
29.844444444444445
28.013148148148147
30.156111111111112
26.98425925925926
27.692592592592593
28.786296296296296
29.624074074074073
28.630185185185184
27.38388888888889
29.78537037037037
30.572407407407407
27.284259259259258
26.195
27.63277777777778
31.34425925925926
28.508333333333333
28.69037037037037
25.778703703703705
27.65
26.779074074074074
26.909444444444443
24.165925925925926
28.776851851851852
27.784444444444443
32.40351851851852
25.504814814814814
28.947777777777777
24.983888888888888
30.272037037037038
24.75462962962963
25.132962962962964
29.544444444444444
25.54074074074074
26.812962962962963
28.79740740740741
28.038703703703703
29.235555555555557
24.446296296296296
25.615
25.284814814814816
32.65962962962963
27.374259259259258
24.897962962962964
28.745185185185186
24.822592592592592
23.838333333333335
25.866666666666667
24.082592592592594
30.208703703703705
31.69648148148148
25.199444444444445
24.62462962962963
27.288703703703703
29.911666666666665
24.679444444444446
27.25351851851852
37.040925925925926
26.39759259259259
28.06574074074074
25.88425925925926
26.253888888888888
25.098148148148148
28.396851851851853
27.678333333333335
26.537037037037038
29.237222222222222
25.18166666666667
24.49277777777778
25.933888888888887
27.394814814814815
26.54425925925926
27.552407407407408
25.36037037037037
29.576666666666668
34.727222222222224
25.867037037037036
24.080555555555556
26.422777777777778
26.102777777777778
24.762777777777778
28.79925925925926
28.720925925925926
26.287777777777777
22.986296296296295
25.16296296296296
23.791481481481483
22.738333333333333
23.861666666666668
24.02148148148148
22.247962962962962
22.99888888888889
21.279444444444444
24.509814814814813
33.404444444444444
25.916296296296295
26.01814814814815
25.77148148148148
22.489814814814814
22.561296296296295
22.412222222222223
23.20425925925926
22.89611111111111
24.235185185185184
21.755
23.105185185185185
24.370185185185186
22.71148148148148
24.287592592592592
23.72537037037037
26.336296296296297
24.945
24.89666666666667
26.057777777777776
24.61314814814815
24.439444444444444
23.683703703703703
23.86074074074074
22.90037037037037
25.965555555555557
26.651296296296298
26.223148148148148
26.208703703703705
27.444444444444443
23.355925925925927
24.66925925925926
24.358703703703704
30.286851851851853
27.78388888888889
35.117407407407406
24.37925925925926
22.34259259259259
23.440185185185186
23.010925925925925
24.75962962962963
23.862407407407407
20.894444444444446
24.95740740740741
24.61
21.98574074074074
22.040185185185184
23.951296296296295
22.150555555555556
25.405555555555555
23.388703703703705
23.939814814814813
25.986296296296295
28.87074074074074
24.232222222222223
24.49537037037037
24.77777777777778
21.832592592592594
22.38388888888889
22.507037037037037
22.98814814814815
20.81537037037037
20.96351851851852
23.94388888888889
26.00611111111111
25.09425925925926
21.76796296296296
22.304259259259258
24.056296296296296
22.29222222222222
22.945185185185185
24.390925925925927
24.261111111111113
24.315
24.28148148148148
21.632407407407406
23.894444444444446
25.56537037037037
23.621666666666666
28.230925925925927
21.188518518518517
21.11314814814815
22.337407407407408
22.97740740740741
25.317222222222224
22.680555555555557
25.53796296296296
24.562592592592594
21.69037037037037
23.81222222222222
20.992037037037036
20.94611111111111
24.32462962962963
21.413333333333334
21.24888888888889
19.872037037037035
22.851481481481482
22.285925925925927
25.54425925925926
22.76222222222222
21.909074074074073
21.35703703703704
20.285555555555554
22.362222222222222
22.807962962962964
26.24851851851852
25.99851851851852
23.42648148148148
20.297037037037036
24.148518518518518
20.11259259259259
21.013148148148147
21.274074074074075
22.21462962962963
21.96074074074074
22.680925925925926
22.52537037037037
22.29314814814815
21.89666666666667
21.669814814814814
22.00722222222222
22.387962962962963
23.461296296296297
22.060555555555556
21.082962962962963
22.477777777777778
24.175185185185185
23.467407407407407
26.344444444444445
22.792962962962964
26.28
21.41925925925926
20.81740740740741
23.53185185185185
24.784444444444443
20.345185185185183
23.429259259259258
29.07111111111111
23.87925925925926
25.332962962962963
23.861851851851853
22.16351851851852
25.71462962962963
21.587592592592593
33.83462962962963
25.033703703703704
23.910555555555554
23.37611111111111
27.40037037037037
23.425
23.53185185185185
19.709074074074074
20.74851851851852
21.397777777777776
23.482407407407408
24.41574074074074
20.282777777777778
21.90074074074074
24.182962962962964
21.887592592592593
22.059444444444445
25.279074074074074
20.798333333333332
22.46462962962963
22.831481481481482
23.282962962962962
25.822407407407407
22.706296296296298
21.599444444444444
23.004074074074072
28.29722222222222
22.752962962962965
23.351296296296297
23.59148148148148
23.650555555555556
21.227962962962962
24.003703703703703
21.978148148148147
21.099444444444444
24.484444444444446
21.32925925925926
25.864814814814814
21.085185185185185
22.272962962962964
23.74037037037037
21.387037037037036
22.152962962962963
21.14388888888889
21.981296296296296
24.958148148148148
19.532777777777778
22.43722222222222
22.027962962962963
21.437037037037037
22.05148148148148
21.81925925925926
24.761111111111113
21.69
24.709814814814816
21.11277777777778
27.77537037037037
19.872222222222224
24.21148148148148
19.774444444444445
23.848703703703702
21.966666666666665
22.44425925925926
21.238703703703703
26.759074074074075
30.607592592592592
27.715740740740742
28.660555555555554
25.047962962962963
24.961111111111112
24.899444444444445
26.167962962962964
22.05388888888889
