-193562.0
-194696.0
-202823.0
-189600.0
-193834.0
-198973.0
-195582.0
-199495.0
-196595.0
-210996.0
-196125.0
-201641.0
-207445.0
-201390.0
-193277.0
-198127.0
-195615.0
-191982.0
-197277.0
-208903.0
-203625.0
-196638.0
-192252.0
-189493.0
-203348.0
-201840.0
-201728.0
-199845.0
-197095.0
-203784.0
-207376.0
-194995.0
-192726.0
-197333.0
-201842.0
-199655.0
-204113.0
-197732.0
-201467.0
-200277.0
-199501.0
-197501.0
-194526.0
-197754.0
-189867.0
-190449.0
-192383.0
-201462.0
-203066.0
-207892.0
-194935.0
-196524.0
-185421.0
-193897.0
-205060.0
-191507.0
-197217.0
-194823.0
-195525.0
-195073.0
-191710.0
-200996.0
-194115.0
-192503.0
-202209.0
-187487.0
-199853.0
-201012.0
-202454.0
-202566.0
-199315.0
-205123.0
-203084.0
-190687.0
-201328.0
-193614.0
-200085.0
-211545.0
-191689.0
-197491.0
-198151.0
-202856.0
-195209.0
-205504.0
-199128.0
-194026.0
-197038.0
-198445.0
-194301.0
-201080.0
-201417.0
-189415.0
-206728.0
-188735.0
-203010.0
-194013.0
-204038.0
-193866.0
-189101.0
-193132.0
