42.4
42.83537037037037
44.41777777777778
41.54611111111111
42.385185185185186
43.34685185185185
43.12925925925926
43.88777777777778
43.236296296296295
46.47851851851852
42.84203703703704
43.88203703703704
45.35592592592592
43.82333333333333
42.697037037037035
43.26314814814815
42.711481481481485
41.922037037037036
43.138888888888886
45.485
44.58203703703704
42.88407407407407
43.20351851851852
41.45777777777778
44.02111111111111
44.13203703703704
44.093333333333334
43.43037037037037
42.93981481481482
44.425185185185185
45.09685185185185
42.873703703703704
41.80537037037037
42.55203703703704
44.38777777777778
45.24333333333333
44.79481481481481
42.98148148148148
44.004814814814814
45.27388888888889
43.367407407407406
42.98888888888889
42.772777777777776
43.202222222222225
41.462037037037035
41.58462962962963
41.937222222222225
43.78074074074074
44.421851851851855
45.23777777777778
42.86944444444445
42.876666666666665
40.212037037037035
42.59777777777778
46.75277777777778
41.82851851851852
44.223703703703706
42.84148148148148
42.941296296296294
43.022962962962964
43.57222222222222
44.03277777777778
42.33240740740741
41.64648148148148
44.376481481481484
41.05148148148148
43.8262962962963
43.82111111111111
44.305925925925926
44.376481481481484
43.665
44.199074074074076
44.71425925925926
41.53407407407408
43.562222222222225
42.12277777777778
43.66111111111111
46.36055555555556
41.71666666666667
43.36537037037037
44.465
43.72592592592593
42.738703703703706
45.197037037037035
43.388333333333335
44.29018518518519
44.36037037037037
43.67925925925926
42.39555555555555
43.662592592592596
44.51203703703704
41.45740740740741
44.974074074074075
42.20055555555555
44.03944444444444
42.26481481481481
44.75833333333333
42.37444444444444
43.13407407407407
41.88351851851852
