228960
231311
239856
224349
228880
234073
232898
236994
233476
250984
231347
236963
244922
236646
230564
233621
230642
226379
232950
245619
240743
231574
233299
223872
237714
238313
238104
234524
231875
239896
243523
231518
225749
229781
239694
244314
241892
232100
237626
244479
234184
232140
230973
233292
223895
224557
226461
236416
239878
244284
231495
231534
217145
230028
252465
225874
238808
231344
231883
232324
235290
237777
228595
224891
239633
221678
236662
236634
239252
239633
235791
238675
241457
224284
235236
227463
235770
250347
225270
234173
240111
236120
230789
244064
234297
239167
239546
235868
228936
235778
240365
223870
242860
227883
237813
228230
241695
228822
232924
226171
