424413
417985
423313
428094
417455
414012
432685
416142
432271
415368
407896
408147
427662
414897
427027
426188
417625
427455
425642
425735
435348
410431
427864
414439
423123
415719
435893
419057
407320
424486
424058
422199
429278
436331
440238
429851
443711
412276
434349
414552
421192
418823
413430
433702
411126
409230
411106
429010
432101
403758
411327
404495
407010
407151
421107
424836
420026
421258
440519
419031
432465
433485
431981
418777
410442
421604
399778
410606
427547
421307
429221
444113
427714
440721
441708
421052
418855
443115
423609
426284
417055
419991
420698
420048
431332
420740
412585
426058
448354
427301
419813
426914
412288
412588
429586
432769
424190
424797
412856
422522
