-305326.0
-296284.0
-302049.0
-298701.0
-294560.0
-295639.0
-309257.0
-300879.0
-311770.0
-297072.0
-293816.0
-290422.0
-307403.0
-296449.0
-303066.0
-304475.0
-292620.0
-302489.0
-306075.0
-306692.0
-309405.0
-296719.0
-305285.0
-295287.0
-300689.0
-298821.0
-311660.0
-296989.0
-290621.0
-305881.0
-302727.0
-300863.0
-307115.0
-311985.0
-313686.0
-307163.0
-317866.0
-293355.0
-312690.0
-295130.0
-298849.0
-299791.0
-294926.0
-305421.0
-297638.0
-293489.0
-295667.0
-306792.0
-308546.0
-288495.0
-294941.0
-290468.0
-291507.0
-294376.0
-298422.0
-306224.0
-294459.0
-302717.0
-316702.0
-296066.0
-307096.0
-313353.0
-310894.0
-293737.0
-296169.0
-304426.0
-289431.0
-295245.0
-307015.0
-305312.0
-304924.0
-317534.0
-304423.0
-312227.0
-314761.0
-298052.0
-299467.0
-312902.0
-302115.0
-306325.0
-297695.0
-302166.0
-301532.0
-298314.0
-310895.0
-299625.0
-293422.0
-303169.0
-320378.0
-305270.0
-298441.0
-305544.0
-293598.0
-295045.0
-306950.0
-307469.0
-302037.0
-303868.0
-293903.0
-299522.0
