78.595
77.40462962962962
78.39129629629629
79.27666666666667
77.30648148148148
76.66888888888889
80.12685185185185
77.06333333333333
80.05018518518519
76.92
75.5362962962963
75.58277777777778
79.19666666666667
76.83277777777778
79.07907407407407
78.92370370370371
77.33796296296296
79.15833333333333
78.8225925925926
78.83981481481482
80.62
76.00574074074073
79.23407407407407
76.74796296296296
78.3561111111111
76.985
80.72092592592593
77.60314814814815
75.42962962962963
78.60851851851852
78.52925925925926
78.185
79.49592592592593
80.80203703703704
81.52555555555556
79.60203703703704
82.1687037037037
76.3474074074074
80.435
76.7688888888889
77.99851851851852
77.55981481481481
76.56111111111112
80.31518518518519
76.13444444444444
75.78333333333333
76.13074074074073
79.4462962962963
80.01870370370371
74.77
76.17166666666667
74.90648148148148
75.37222222222222
75.39833333333333
77.98277777777778
78.67333333333333
77.7825925925926
78.01074074074074
81.5775925925926
77.59833333333333
80.08611111111111
80.275
79.99648148148148
77.5512962962963
76.00777777777778
78.07481481481481
74.03296296296297
76.03814814814815
79.17537037037037
78.01981481481481
79.48537037037038
82.24314814814815
79.2062962962963
81.615
81.79777777777778
77.97259259259259
77.56574074074074
82.05833333333334
78.44611111111111
78.94148148148147
77.23240740740741
77.7761111111111
77.90703703703704
77.78666666666666
79.8762962962963
77.91481481481482
76.40462962962962
78.89962962962963
83.02851851851852
79.12981481481482
77.74314814814815
79.05814814814815
76.34962962962963
76.40518518518519
79.55296296296297
80.1424074074074
78.5537037037037
78.6661111111111
76.45481481481481
78.24481481481482
