43579
33347
41570
35074
37999
45719
50869
35742
56732
58780
38902
40954
57543
37934
35676
66675
52003
41033
42156
36760
32149
35748
41874
50442
42211
34358
29367
45478
36546
38732
56341
46268
46645
35472
32197
36228
36626
28712
35275
34337
36910
32267
38767
35205
41259
40480
40369
49606
30621
34093
32635
39515
34984
39747
46914
34283
50600
36198
39466
52601
37614
41955
35743
46242
44532
37510
44998
39017
37444
42328
37011
37313
36845
41107
44821
50976
42374
29173
39794
66688
35668
45625
37396
41351
33781
120044
49185
60522
47550
29788
40371
36731
38019
120375
39469
42974
35143
26802
46040
24380
37612
54764
49735
40778
31564
57266
38565
36754
32636
37375
30225
70588
40526
37410
36673
31019
29403
34826
40259
28463
25558
36665
29279
26661
28011
28743
31590
28064
26825
35474
25510
31186
30723
36117
23441
27696
28312
26060
26027
28019
28081
32366
34008
30049
29969
38413
28659
29858
28742
25790
31007
27335
27782
29427
29622
26548
32126
24807
22128
24263
27230
27579
31072
22947
27091
31732
36004
30461
28260
30280
29990
32086
24841
29234
28335
31346
26191
28337
37941
25756
32280
28531
30105
23439
25025
23863
26328
22010
21502
23668
23422
23967
25243
18651
21979
25769
30830
34059
28034
27558
24569
26958
28261
24258
28685
23779
25133
34235
27047
27218
27258
27025
24526
26742
30528
25951
26855
26963
31743
30660
34015
31626
28985
27562
29211
24890
26163
28138
22823
30530
24744
26525
22765
27238
25956
22002
30479
26911
27848
35616
26449
39200
19488
22137
27155
30227
23702
27813
37774
36480
39744
38592
33922
42282
33384
43101
44859
35829
28120
31719
32590
20830
24984
23080
22761
24035
23770
20365
23101
19820
21828
24029
26422
22441
26821
26775
45579
35714
31590
32269
30751
29597
30728
39822
25695
29226
33323
27702
34086
50217
21863
27394
32931
33177
28759
33005
28923
31782
34445
33454
31803
31210
26413
23372
22370
24945
22656
24358
25273
25089
24341
19048
18328
20920
20189
26556
25046
22862
24287
18754
20620
20050
18760
18790
23429
25751
28903
37355
35699
38399
35863
75472
28316
22406
29564
47217
33500
27053
26780
20106
39112
20344
43701
38718
22371
35694
28928
29829
25629
26251
17332
17361
17698
17774
20993
19951
17670
17091
20160
18988
19361
19690
22165
26453
25424
24693
22892
20445
21868
19695
19250
17969
16262
17314
17056
15936
18331
23833
16300
22313
16322
19991
24267
29151
33546
32749
27895
30541
27422
25424
26246
60646
246304
689091
1703279
809890
25786
27051
38738
25146
48654
95202
1219388
44689
86600
483387
976405
775076
562680
503988
132496
70597
55781
215055
109046
124173
95607
89607
83811
93999
63319
288969
187534
201688
178292
121352
87822
104673
96202
159024
257383
161766
223073
216742
148726
110753
154263
156818
318396
684700
319667
751748
1085329
770058
104616
73738
147368
154552
1327473
620405
858488
389211
423992
1433030
844740
1196845
657621
831745
1570158
1313144
849872
2544844
1457106
1434399
2515562
2228705
1979968
2267392
2756276
2810931
1511005
1601605
1650047
1335219
1572465
1722955
1753325
1375674
1534758
1670683
1724120
1677611
1062517
2472817
2410486
2099354
2409851
1966667
1867740
2005159
837876
1842900
1932509
2009754
2025962
1930691
1984739
2031957
1988303
1976013
