8.070185185185185
6.17537037037037
7.698148148148148
6.495185185185186
7.036851851851852
8.466481481481482
9.420185185185185
6.618888888888889
10.505925925925926
10.885185185185184
7.204074074074074
7.584074074074074
10.65611111111111
7.024814814814815
6.6066666666666665
12.347222222222221
9.630185185185185
7.598703703703704
7.806666666666667
6.807407407407408
5.953518518518519
6.62
7.754444444444444
9.341111111111111
7.816851851851852
6.362592592592593
5.4383333333333335
8.421851851851851
6.767777777777778
7.172592592592593
10.433518518518518
8.568148148148149
8.637962962962963
6.568888888888889
5.962407407407407
6.708888888888889
6.782592592592593
5.3170370370370375
6.532407407407407
6.3587037037037035
6.8351851851851855
5.975370370370371
7.179074074074074
6.519444444444445
7.640555555555555
7.496296296296296
7.475740740740741
9.186296296296296
5.670555555555556
6.313518518518518
6.0435185185185185
7.317592592592592
6.478518518518518
7.360555555555556
8.687777777777777
6.348703703703704
9.37037037037037
6.703333333333333
7.308518518518518
9.740925925925925
6.9655555555555555
7.769444444444445
6.619074074074074
8.563333333333333
8.246666666666666
6.946296296296296
8.332962962962963
7.225370370370371
6.934074074074074
7.838518518518518
6.853888888888889
6.909814814814815
6.823148148148148
7.6124074074074075
8.300185185185185
9.44
7.847037037037037
5.4024074074074075
7.369259259259259
12.34962962962963
6.605185185185185
8.449074074074074
6.925185185185185
7.657592592592593
6.255740740740741
22.23037037037037
9.108333333333333
11.207777777777778
8.805555555555555
5.5162962962962965
7.476111111111111
6.802037037037037
7.040555555555556
22.291666666666668
7.309074074074074
7.958148148148148
6.507962962962963
4.963333333333333
8.525925925925925
4.514814814814815
6.965185185185185
10.141481481481481
9.210185185185185
7.551481481481481
5.845185185185185
10.604814814814814
7.141666666666667
6.8062962962962965
6.043703703703704
6.921296296296297
5.597222222222222
13.071851851851852
7.504814814814814
6.927777777777778
6.791296296296296
5.744259259259259
5.445
6.449259259259259
7.45537037037037
5.270925925925926
4.732962962962963
6.7898148148148145
5.422037037037037
4.937222222222222
5.187222222222222
5.322777777777778
5.85
5.197037037037037
4.967592592592593
6.569259259259259
4.724074074074074
5.775185185185185
5.689444444444445
6.6883333333333335
4.340925925925926
5.128888888888889
5.242962962962963
4.825925925925926
4.819814814814815
5.188703703703704
5.200185185185185
5.993703703703703
6.297777777777778
5.564629629629629
5.549814814814815
7.113518518518519
5.307222222222222
5.529259259259259
5.322592592592593
4.775925925925926
5.742037037037037
5.062037037037037
5.144814814814815
5.4494444444444445
5.485555555555556
4.916296296296296
5.949259259259259
4.5938888888888885
4.097777777777778
4.493148148148149
5.042592592592593
5.107222222222222
5.754074074074074
4.249444444444444
5.016851851851852
5.876296296296296
6.667407407407407
5.640925925925926
5.233333333333333
5.607407407407408
5.553703703703704
5.941851851851852
4.600185185185185
5.413703703703704
5.247222222222222
5.804814814814815
4.850185185185185
5.247592592592593
7.026111111111111
4.769629629629629
5.977777777777778
5.283518518518519
5.575
4.3405555555555555
4.6342592592592595
4.419074074074074
4.875555555555556
4.075925925925926
3.981851851851852
4.382962962962963
4.337407407407407
4.4383333333333335
4.67462962962963
3.453888888888889
4.070185185185185
4.772037037037037
5.70925925925926
6.307222222222222
5.191481481481482
5.1033333333333335
4.549814814814815
4.992222222222222
5.233518518518519
4.492222222222222
5.312037037037037
4.403518518518519
4.654259259259259
6.339814814814815
5.008703703703704
5.04037037037037
5.047777777777778
5.00462962962963
4.541851851851852
4.952222222222222
5.653333333333333
4.805740740740741
4.973148148148148
4.993148148148149
5.878333333333333
5.677777777777778
6.299074074074074
5.8566666666666665
5.367592592592593
5.104074074074074
5.4094444444444445
4.609259259259259
4.845
5.210740740740741
4.226481481481481
5.6537037037037035
4.582222222222223
4.912037037037037
4.215740740740741
5.044074074074074
4.806666666666667
4.0744444444444445
5.644259259259259
4.983518518518519
5.157037037037037
6.595555555555555
4.897962962962963
7.2592592592592595
3.608888888888889
4.099444444444444
5.0287037037037035
5.5975925925925925
4.389259259259259
5.150555555555556
6.995185185185186
6.7555555555555555
7.36
7.1466666666666665
6.281851851851852
7.83
6.182222222222222
7.9816666666666665
8.307222222222222
6.635
5.207407407407407
5.873888888888889
6.035185185185185
3.8574074074074076
4.626666666666667
4.274074074074074
4.215
4.450925925925926
4.401851851851852
3.7712962962962964
4.277962962962963
3.6703703703703705
4.042222222222223
4.449814814814815
4.892962962962963
4.1557407407407405
4.966851851851852
4.958333333333333
8.440555555555555
6.613703703703703
5.85
5.975740740740741
5.694629629629629
5.480925925925926
5.6903703703703705
7.374444444444444
4.758333333333334
5.412222222222222
6.170925925925926
5.13
6.312222222222222
9.299444444444445
4.048703703703704
5.072962962962963
6.098333333333334
6.143888888888889
5.32574074074074
6.112037037037037
5.356111111111111
5.885555555555555
6.378703703703704
6.195185185185185
5.889444444444444
5.779629629629629
4.8912962962962965
4.3281481481481485
4.142592592592592
4.6194444444444445
4.195555555555556
4.510740740740741
4.680185185185185
4.646111111111111
4.507592592592593
3.5274074074074075
3.3940740740740742
3.8740740740740742
3.738703703703704
4.917777777777777
4.638148148148148
4.2337037037037035
4.497592592592593
3.472962962962963
3.8185185185185184
3.712962962962963
3.474074074074074
3.47962962962963
4.338703703703704
4.768703703703704
5.352407407407408
6.917592592592593
6.610925925925926
7.110925925925926
6.6412962962962965
13.976296296296296
5.243703703703703
4.149259259259259
5.474814814814815
8.74388888888889
6.203703703703703
5.009814814814815
4.95925925925926
3.723333333333333
7.242962962962963
3.7674074074074073
8.092777777777778
7.17
4.142777777777778
6.61
5.357037037037037
5.523888888888889
4.746111111111111
4.861296296296296
3.20962962962963
3.215
3.2774074074074075
3.2914814814814815
3.8875925925925925
3.6946296296296297
3.272222222222222
3.165
3.7333333333333334
3.5162962962962965
3.5853703703703705
3.6462962962962964
4.104629629629629
4.898703703703704
4.708148148148148
4.572777777777778
4.239259259259259
3.786111111111111
4.04962962962963
3.647222222222222
3.564814814814815
3.3275925925925924
3.0114814814814816
3.2062962962962964
3.1585185185185187
2.951111111111111
3.3946296296296294
4.413518518518519
3.0185185185185186
4.132037037037037
3.0225925925925927
3.7020370370370372
4.493888888888889
5.398333333333333
6.2122222222222225
6.064629629629629
5.16574074074074
5.6557407407407405
5.0781481481481485
4.708148148148148
4.8603703703703705
11.23074074074074
45.61185185185185
127.60944444444445
315.42203703703706
149.97962962962964
4.775185185185185
5.009444444444444
7.173703703703704
4.656666666666666
9.01
17.63
225.81259259259258
8.27574074074074
16.037037037037038
89.51611111111112
180.81574074074075
143.53259259259258
104.2
93.33111111111111
24.536296296296296
13.073518518518519
10.329814814814815
39.825
20.193703703703704
22.995
17.705
16.593888888888888
15.520555555555555
17.407222222222224
11.72574074074074
53.51277777777778
34.72851851851852
37.34962962962963
33.017037037037035
22.472592592592594
16.263333333333332
19.38388888888889
17.815185185185186
29.448888888888888
47.663518518518515
29.956666666666667
41.309814814814814
40.13740740740741
27.541851851851852
20.509814814814813
28.567222222222224
29.040370370370372
58.96222222222222
126.79629629629629
59.19759259259259
139.21259259259259
200.98685185185184
142.60333333333332
19.373333333333335
13.655185185185186
27.290370370370372
28.62074074074074
245.82833333333335
114.88981481481481
158.97925925925927
72.07611111111112
78.51703703703704
265.3759259259259
156.43333333333334
221.63796296296297
121.78166666666667
154.02685185185186
290.77
243.17481481481482
157.3837037037037
471.2674074074074
269.83444444444444
265.62944444444446
465.8448148148148
412.72314814814814
366.6607407407407
419.8874074074074
510.42148148148146
520.5427777777778
279.81574074074075
296.5935185185185
305.56425925925925
247.26277777777779
291.1972222222222
319.06574074074075
324.68981481481484
254.75444444444443
284.21444444444444
309.38574074074074
319.2814814814815
310.6687037037037
196.7624074074074
457.9290740740741
446.3862962962963
388.7692592592593
446.2687037037037
364.19759259259257
345.8777777777778
371.32574074074074
155.16222222222223
341.27777777777777
357.87203703703705
372.1766666666667
375.1781481481481
357.53537037037034
367.54425925925926
376.28833333333336
368.20425925925923
365.92833333333334
