-29482.0
-21219.0
-28525.0
-23004.0
-25367.0
-33091.0
-36595.0
-22914.0
-40695.0
-41440.0
-26922.0
-28269.0
-41863.0
-25715.0
-22434.0
-46807.0
-37001.0
-27965.0
-27887.0
-24097.0
-20604.0
-23217.0
-27673.0
-36287.0
-28831.0
-22140.0
-17616.0
-33034.0
-24442.0
-26169.0
-42535.0
-31716.0
-32595.0
-23055.0
-20169.0
-22009.0
-23137.0
-18636.0
-24662.0
-21019.0
-25359.0
-20470.0
-25175.0
-23836.0
-29293.0
-27088.0
-27310.0
-35821.0
-18358.0
-23045.0
-20701.0
-27399.0
-23085.0
-26098.0
-32267.0
-22597.0
-35623.0
-23059.0
-24484.0
-36608.0
-22673.0
-28565.0
-23240.0
-31881.0
-29831.0
-24118.0
-31544.0
-27363.0
-26208.0
-30253.0
-23951.0
-26821.0
-24986.0
-27981.0
-31934.0
-37387.0
-30819.0
-18693.0
-27447.0
-49548.0
-21234.0
-34008.0
-26018.0
-28574.0
-22228.0
-86072.0
-33541.0
-44050.0
-31922.0
-18849.0
-28133.0
-25636.0
-26623.0
-94909.0
-26130.0
-30613.0
-22428.0
-15187.0
-29229.0
-13581.0
-25117.0
-38395.0
-37528.0
-28426.0
-19841.0
-37833.0
-26243.0
-24503.0
-22201.0
-23001.0
-19747.0
-51896.0
-28953.0
-25732.0
-21958.0
-20120.0
-18433.0
-23378.0
-27175.0
-17590.0
-15513.0
-25079.0
-18398.0
-16477.0
-17174.0
-17743.0
-19646.0
-17072.0
-13810.0
-22653.0
-14806.0
-17279.0
-19846.0
-23784.0
-13892.0
-17053.0
-16732.0
-15451.0
-15435.0
-16420.0
-16541.0
-20443.0
-22585.0
-19131.0
-18321.0
-24816.0
-18488.0
-19520.0
-17970.0
-16165.0
-20130.0
-16667.0
-16862.0
-17777.0
-19047.0
-15552.0
-20680.0
-14519.0
-12415.0
-14033.0
-14439.0
-16162.0
-19333.0
-13178.0
-16636.0
-20436.0
-22993.0
-19333.0
-17322.0
-18460.0
-19021.0
-19952.0
-14571.0
-16481.0
-17563.0
-20271.0
-15597.0
-15687.0
-22587.0
-15375.0
-18988.0
-15443.0
-18615.0
-12573.0
-15683.0
-14588.0
-16030.0
-12385.0
-11644.0
-14370.0
-12440.0
-12736.0
-14438.0
-9914.0
-11721.0
-14302.0
-18473.0
-20318.0
-16559.0
-16085.0
-14351.0
-16404.0
-16438.0
-14425.0
-15647.0
-13327.0
-12669.0
-21680.0
-16318.0
-16318.0
-16354.0
-16697.0
-14912.0
-16293.0
-18355.0
-15939.0
-16428.0
-16635.0
-20119.0
-19632.0
-22800.0
-19610.0
-18729.0
-15937.0
-16081.0
-14405.0
-13743.0
-16743.0
-13358.0
-19985.0
-15482.0
-15698.0
-13095.0
-16867.0
-16041.0
-12658.0
-18581.0
-16063.0
-16760.0
-21752.0
-15774.0
-25889.0
-10293.0
-12051.0
-15153.0
-18117.0
-13286.0
-17432.0
-24650.0
-23380.0
-24691.0
-25149.0
-21646.0
-27233.0
-20798.0
-27670.0
-25242.0
-22235.0
-16665.0
-20165.0
-19992.0
-10937.0
-13456.0
-13765.0
-12615.0
-15004.0
-14003.0
-11102.0
-13165.0
-10686.0
-11442.0
-12461.0
-15806.0
-12315.0
-15398.0
-15318.0
-28947.0
-22708.0
-19763.0
-19008.0
-17189.0
-18280.0
-18131.0
-25299.0
-14160.0
-16981.0
-19944.0
-16177.0
-20662.0
-33228.0
-12069.0
-15665.0
-19660.0
-20912.0
-16931.0
-20339.0
-17682.0
-18571.0
-19950.0
-20635.0
-19002.0
-18035.0
-14712.0
-12970.0
-12582.0
-12514.0
-10922.0
-12800.0
-13909.0
-13327.0
-14044.0
-10439.0
-8856.0
-11093.0
-10269.0
-13750.0
-12657.0
-12702.0
-14096.0
-9556.0
-10159.0
-11075.0
-9593.0
-8702.0
-13555.0
-15130.0
-17174.0
-22652.0
-23088.0
-24643.0
-22548.0
-53198.0
-17164.0
-12750.0
-18316.0
-33368.0
-22124.0
-16649.0
-16155.0
-10592.0
-27093.0
-11074.0
-31490.0
-25079.0
-12208.0
-23713.0
-18706.0
-18309.0
-15846.0
-15736.0
-8208.0
-8034.0
-7043.0
-8706.0
-10790.0
-10710.0
-8616.0
-8154.0
-9804.0
-9466.0
-10390.0
-10216.0
-12111.0
-15547.0
-13652.0
-13820.0
-12393.0
-10882.0
-9735.0
-8364.0
-10167.0
-9210.0
-7755.0
-8330.0
-8206.0
-8003.0
-8642.0
-12861.0
-7986.0
-12226.0
-7456.0
-10310.0
-13655.0
-16782.0
-19698.0
-19366.0
-16818.0
-18496.0
-15995.0
-15037.0
-15611.0
-41123.0
-189355.0
-571672.0
-1523980.0
-679328.0
-15525.0
-15177.0
-22006.0
-15050.0
-32901.0
-77038.0
-1048981.0
-31744.0
-60015.0
-432220.0
-864733.0
-686553.0
-504164.0
-450115.0
-102974.0
-51152.0
-39969.0
-176863.0
-87214.0
-102217.0
-75366.0
-69779.0
-66631.0
-74172.0
-47028.0
-248084.0
-147253.0
-175358.0
-156048.0
-99169.0
-68819.0
-84277.0
-77462.0
-142883.0
-216899.0
-135195.0
-191123.0
-171873.0
-123041.0
-82946.0
-122114.0
-118529.0
-244914.0
-547472.0
-244381.0
-637944.0
-978284.0
-652507.0
-82154.0
-54506.0
-129669.0
-133064.0
-1232624.0
-522225.0
-750988.0
-310379.0
-346135.0
-1325550.0
-745589.0
-1066592.0
-559608.0
-724054.0
-1504186.0
-1209354.0
-762227.0
-2314634.0
-1303798.0
-1318374.0
-2277570.0
-1998971.0
-1768052.0
-2125054.0
-2536020.0
-2685282.0
-1412912.0
-1496101.0
-1533920.0
-1232763.0
-1514817.0
-1632349.0
-1695112.0
-1326440.0
-1460496.0
-1569095.0
-1663298.0
-1628315.0
-915312.0
-2328546.0
-2220239.0
-1964420.0
-2249303.0
-1829668.0
-1754775.0
-1847217.0
-693308.0
-1794143.0
-1893641.0
-1983064.0
-2004193.0
-1901832.0
-1951944.0
-2030521.0
-1973561.0
-1974762.0
