225417
229665
174386
192060
194290
210886
223005
198020
219407
204397
179768
228819
211265
201652
218446
224653
209630
207406
160486
220111
234664
258998
211819
195416
150938
171952
180910
218796
174677
203396
177690
185800
190162
164088
228343
188766
162943
251973
191201
264586
165198
161743
165622
223507
198482
161675
173902
176809
213344
163161
196501
162413
197056
173939
222658
201923
236463
188009
178031
204174
168525
176711
173744
164593
176160
249461
173078
234515
183717
146148
235131
182785
164885
199737
178737
172466
207618
204482
183498
178175
156407
166721
198804
197867
158966
174582
182771
185281
184214
205490
178446
193537
160658
220022
190374
195475
205316
209676
207768
206542
170549
206435
192719
192012
209866
202844
226774
179117
211652
266447
291674
235839
208901
196460
187747
208525
195764
170696
194857
181165
193705
214664
179853
193198
202488
235347
137617
311679
210699
187389
179957
210666
190437
161163
178626
195006
179394
194509
225454
220526
186537
220664
256849
193397
220705
167895
170141
166798
240863
193468
227312
191354
198777
305173
168585
146010
174326
183797
172033
152686
140535
187753
201918
164937
153573
203569
188500
173349
164636
182363
165477
155548
150089
136150
182181
207435
224443
188073
175487
162503
244466
179929
198403
189057
263313
200133
247404
206275
156253
239234
173873
187659
180619
193174
179073
232320
181251
168328
147027
186890
163805
148297
177962
221239
167414
160917
166831
184418
180006
154435
190560
158763
166375
180169
166760
193999
194729
167499
223089
174175
157396
154534
147303
143364
164812
220705
188362
159372
161545
191744
229803
208301
277632
290319
189964
175960
210529
230336
250806
229240
287722
179892
206021
232996
215576
218106
163910
163533
240956
179512
189368
237982
179491
193384
210542
211149
255389
209169
170056
157068
173398
218451
211416
332977
242884
391717
395027
252863
267548
367166
269828
365644
352682
499699
175230
230357
243115
275089
200865
223734
252634
218606
214100
230849
209328
162063
207179
164723
220066
214799
157007
172835
195009
174409
213534
278100
213193
204961
197161
208862
168311
163050
148968
206383
178299
164042
164581
163667
174406
188128
229725
191768
185745
227837
169078
238968
187340
220563
209155
212668
167683
162730
258879
144186
176289
194846
194145
231912
235888
227047
213449
251057
184691
210626
206990
172641
243987
172712
203488
242599
185165
268089
184004
251604
192922
178925
170506
207016
216955
178662
219307
293715
193476
219003
234386
204362
211364
248465
339192
165651
210097
173116
184018
163097
153972
186166
178107
188229
210810
216525
205413
204240
200429
143562
270315
473006
421847
405125
379585
456902
481376
644650
320774
403186
664783
359355
233147
262324
241642
187966
210096
243372
236594
461028
315241
321682
337471
290546
310031
339090
276827
221254
216883
223768
287374
191210
216530
294133
276644
305644
378145
325551
325141
288881
170243
280649
176835
291778
301177
291886
274430
264621
188620
273370
427285
397095
324527
261106
247129
293629
262791
274852
309604
287555
299740
265120
419130
246784
248967
374812
273623
233115
281893
387610
354373
266061
260260
295740
296509
228483
324946
310723
210017
322784
254402
178657
313065
252831
237028
341606
245747
411204
402568
536678
798312
423234
516368
395367
688055
431374
378779
379199
248042
253399
388008
506097
674539
384262
354815
401223
339760
395820
252301
248622
343763
483730
496184
537217
431585
478324
397774
460427
324129
394905
475259
495193
397526
356035
494335
384852
