41.74388888888889
42.53055555555556
32.293703703703706
35.56666666666667
35.97962962962963
39.052962962962965
41.297222222222224
36.67037037037037
40.63092592592593
37.8512962962963
33.29037037037037
42.37388888888889
39.12314814814815
37.342962962962964
40.452962962962964
41.602407407407405
38.82037037037037
38.40851851851852
29.71962962962963
40.761296296296294
43.456296296296294
47.96259259259259
39.22574074074074
36.18814814814815
27.95148148148148
31.842962962962964
33.50185185185185
40.51777777777778
32.34759259259259
37.665925925925926
32.90555555555556
34.407407407407405
35.215185185185184
30.386666666666667
42.28574074074074
34.95666666666666
30.174629629629628
46.66166666666667
35.40759259259259
48.99740740740741
30.592222222222222
29.952407407407406
30.67074074074074
41.39018518518518
36.75592592592593
29.939814814814813
32.20407407407407
32.742407407407406
39.508148148148145
30.215
36.389074074074074
30.07648148148148
36.491851851851855
32.21092592592593
41.232962962962965
37.39314814814815
43.78944444444444
34.81648148148148
32.9687037037037
37.81
31.208333333333332
32.724259259259256
32.174814814814816
30.480185185185185
32.62222222222222
46.196481481481484
32.05148148148148
43.428703703703704
34.02166666666667
27.064444444444444
43.54277777777778
33.849074074074075
30.534259259259258
36.98833333333334
33.099444444444444
31.938148148148148
38.44777777777778
37.867037037037036
33.98111111111111
32.995370370370374
28.964259259259258
30.874259259259258
36.815555555555555
36.642037037037035
29.438148148148148
32.33
33.84648148148148
34.3112962962963
34.113703703703706
38.053703703703704
33.04555555555555
35.840185185185184
29.75148148148148
40.744814814814816
35.254444444444445
36.199074074074076
38.02148148148148
38.82888888888889
38.47555555555556
38.248518518518516
31.583148148148148
38.2287037037037
35.6887037037037
35.55777777777778
38.864074074074075
37.5637037037037
41.995185185185186
33.16981481481481
39.19481481481481
49.34203703703704
54.013703703703705
43.67388888888889
38.68537037037037
36.38148148148148
34.76796296296296
38.61574074074074
36.25259259259259
31.61037037037037
36.08462962962963
33.54907407407408
35.87129629629629
39.75259259259259
33.306111111111115
35.77740740740741
37.49777777777778
43.58277777777778
25.48462962962963
57.718333333333334
39.01833333333333
34.70166666666667
33.32537037037037
39.01222222222222
35.26611111111111
29.845
33.07888888888889
36.11222222222222
33.221111111111114
36.020185185185184
41.75074074074074
40.83814814814815
34.54388888888889
40.863703703703706
47.56462962962963
35.81425925925926
40.87129629629629
31.091666666666665
31.50759259259259
30.88851851851852
44.60425925925926
35.82740740740741
42.09481481481482
35.43592592592593
36.81055555555555
56.51351851851852
31.219444444444445
27.038888888888888
32.28259259259259
34.03648148148148
31.85796296296296
28.275185185185187
26.025
34.76907407407408
37.39222222222222
30.54388888888889
28.439444444444444
37.69796296296296
34.907407407407405
32.10166666666667
30.48814814814815
33.77092592592592
30.64388888888889
28.805185185185184
27.79425925925926
25.212962962962962
33.73722222222222
38.41388888888889
41.56351851851852
34.82833333333333
32.49759259259259
30.09314814814815
45.27148148148148
33.32018518518519
36.7412962962963
35.010555555555555
48.76166666666666
37.06166666666667
45.815555555555555
38.199074074074076
28.93574074074074
44.302592592592596
32.19870370370371
34.751666666666665
33.44796296296296
35.772962962962964
33.16166666666667
43.022222222222226
33.565
31.17185185185185
27.227222222222224
34.60925925925926
30.33425925925926
27.462407407407408
32.955925925925925
40.97018518518519
31.002592592592592
29.799444444444443
30.89462962962963
34.15148148148148
33.33444444444444
28.599074074074075
35.28888888888889
29.400555555555556
30.810185185185187
33.36462962962963
30.881481481481483
35.92574074074074
36.06092592592593
31.018333333333334
41.312777777777775
32.254629629629626
29.147407407407407
28.61740740740741
27.278333333333332
26.54888888888889
30.52074074074074
40.87129629629629
34.88185185185185
29.513333333333332
29.91574074074074
35.508148148148145
42.556111111111115
38.57425925925926
51.413333333333334
53.76277777777778
35.178518518518516
32.58518518518518
38.98685185185185
42.65481481481481
46.44555555555556
42.45185185185185
53.281851851851854
33.31333333333333
38.15203703703704
43.14740740740741
39.92148148148148
40.39
30.353703703703705
30.28388888888889
44.62148148148148
33.24296296296296
35.06814814814815
44.07074074074074
33.239074074074075
35.81185185185185
38.989259259259256
39.10166666666667
47.294259259259256
38.735
31.49185185185185
29.086666666666666
32.11074074074074
40.45388888888889
39.15111111111111
61.66240740740741
44.97851851851852
72.54018518518518
73.15314814814815
46.82648148148148
49.54592592592593
67.9937037037037
49.968148148148146
67.71185185185185
65.31148148148148
92.53685185185185
32.45
42.6587037037037
45.0212962962963
50.94240740740741
37.19722222222222
41.43222222222222
46.78407407407408
40.482592592592596
39.648148148148145
42.74981481481481
38.76444444444444
30.011666666666667
38.36648148148148
30.50425925925926
40.75296296296296
39.77759259259259
29.075370370370372
32.00648148148148
36.11277777777778
32.29796296296296
39.54333333333334
51.5
39.480185185185185
37.955740740740744
36.511296296296294
38.678148148148146
31.168703703703702
30.194444444444443
27.586666666666666
38.21907407407407
33.01833333333333
30.37814814814815
30.477962962962962
30.308703703703703
32.297407407407405
34.83851851851852
42.541666666666664
35.51259259259259
34.397222222222226
42.19203703703704
31.31074074074074
44.25333333333333
34.69259259259259
40.845
38.73240740740741
39.382962962962964
31.052407407407408
30.135185185185186
47.940555555555555
26.70111111111111
32.64611111111111
36.08259259259259
35.952777777777776
42.946666666666665
43.68296296296296
42.04574074074074
39.52759259259259
46.492037037037036
34.20203703703704
39.004814814814814
38.33148148148148
31.970555555555556
45.18277777777778
31.983703703703704
37.68296296296296
44.92574074074074
34.28981481481482
49.64611111111111
34.074814814814815
46.593333333333334
35.7262962962963
33.13425925925926
31.575185185185184
38.3362962962963
40.17685185185185
33.08555555555556
40.61240740740741
54.391666666666666
35.82888888888889
40.556111111111115
43.40481481481481
37.84481481481482
39.141481481481485
46.01203703703704
62.81333333333333
30.676111111111112
38.906851851851854
32.05851851851852
34.07740740740741
30.20314814814815
28.513333333333332
34.47518518518518
32.98277777777778
34.85722222222222
39.03888888888889
40.09722222222222
38.03944444444444
37.82222222222222
37.11648148148148
26.585555555555555
50.05833333333333
87.59370370370371
78.11981481481482
75.02314814814815
70.29351851851852
84.61148148148148
89.14370370370371
119.37962962962963
59.40259259259259
74.66407407407408
123.10796296296296
66.54722222222222
43.17537037037037
48.57851851851852
44.748518518518516
34.80851851851852
38.906666666666666
45.068888888888885
43.8137037037037
85.37555555555555
58.37796296296296
59.57074074074074
62.49462962962963
53.80481481481481
57.413148148148146
62.794444444444444
51.26425925925926
40.97296296296296
40.163518518518515
41.43851851851852
53.21740740740741
35.40925925925926
40.09814814814815
54.46907407407407
51.23037037037037
56.60074074074074
70.02685185185184
60.28722222222222
60.2112962962963
53.49648148148148
31.526481481481483
51.97203703703704
32.74722222222222
54.03296296296296
55.77351851851852
54.052962962962965
50.82037037037037
49.00388888888889
34.92962962962963
50.62407407407407
79.12685185185185
73.53611111111111
60.09759259259259
48.35296296296296
45.76462962962963
54.37574074074074
48.665
50.89851851851852
57.334074074074074
53.25092592592593
55.507407407407406
49.096296296296295
77.61666666666666
45.70074074074074
46.105
69.40962962962963
50.67092592592593
43.169444444444444
52.20240740740741
71.77962962962962
65.62462962962962
49.27055555555555
48.196296296296296
54.766666666666666
54.90907407407408
42.31166666666667
60.175185185185185
57.541296296296295
38.892037037037035
59.77481481481482
47.11148148148148
33.08462962962963
57.975
46.82055555555556
43.89407407407408
63.26037037037037
45.5087037037037
76.14888888888889
74.54962962962964
99.38481481481482
147.83555555555554
78.37666666666667
95.6237037037037
73.2161111111111
127.4175925925926
79.88407407407408
70.14425925925926
70.22203703703704
45.933703703703706
46.92574074074074
71.85333333333334
93.72166666666666
124.91462962962963
71.15962962962963
65.70648148148148
74.30055555555556
62.91851851851852
73.3
46.72240740740741
46.041111111111114
63.659814814814816
89.57962962962964
91.88592592592593
99.48462962962962
79.92314814814814
88.57851851851852
73.66185185185185
85.26425925925926
60.02388888888889
73.13055555555556
88.01092592592593
91.7024074074074
73.61592592592592
65.93240740740741
91.54351851851852
71.2688888888889
