-158592.0
-158161.0
-122944.0
-141879.0
-140042.0
-148305.0
-168715.0
-140821.0
-171266.0
-147752.0
-129692.0
-183874.0
-156326.0
-154757.0
-160217.0
-169237.0
-154717.0
-161100.0
-113023.0
-160770.0
-177860.0
-202382.0
-166222.0
-139699.0
-101552.0
-120074.0
-127749.0
-161644.0
-121505.0
-145047.0
-122752.0
-135015.0
-136301.0
-114982.0
-177440.0
-134412.0
-111183.0
-192247.0
-141921.0
-212561.0
-113877.0
-116491.0
-114400.0
-160061.0
-147239.0
-112246.0
-126922.0
-122549.0
-150027.0
-114432.0
-144451.0
-113707.0
-144657.0
-124532.0
-167391.0
-145941.0
-172929.0
-128944.0
-118588.0
-145602.0
-116495.0
-120530.0
-117785.0
-115284.0
-125467.0
-189248.0
-117342.0
-180780.0
-143781.0
-104156.0
-177255.0
-133971.0
-117082.0
-147490.0
-131040.0
-126709.0
-160587.0
-154167.0
-133615.0
-124343.0
-110316.0
-117927.0
-151406.0
-143545.0
-107701.0
-124936.0
-133926.0
-130384.0
-127435.0
-145972.0
-124068.0
-132721.0
-113025.0
-161886.0
-137313.0
-141342.0
-156643.0
-157624.0
-150475.0
-150625.0
-121467.0
-160733.0
-146146.0
-142573.0
-160808.0
-164454.0
-174869.0
-125121.0
-164104.0
-227129.0
-244730.0
-197541.0
-171965.0
-144891.0
-140688.0
-152941.0
-141298.0
-120211.0
-136300.0
-125412.0
-136240.0
-150083.0
-135821.0
-137382.0
-142649.0
-168995.0
-92935.0
-254734.0
-147671.0
-133639.0
-125870.0
-151871.0
-135729.0
-111288.0
-127933.0
-144010.0
-125278.0
-142206.0
-167285.0
-157439.0
-131112.0
-160953.0
-191987.0
-133119.0
-163200.0
-117326.0
-115894.0
-115943.0
-188791.0
-134513.0
-171523.0
-140205.0
-147992.0
-246632.0
-118177.0
-100740.0
-120210.0
-127351.0
-122549.0
-106622.0
-96173.0
-144701.0
-142795.0
-113998.0
-110056.0
-148503.0
-136206.0
-124595.0
-114500.0
-130017.0
-118034.0
-103913.0
-104762.0
-90359.0
-125550.0
-156035.0
-162776.0
-133812.0
-119637.0
-112912.0
-185109.0
-133143.0
-143475.0
-134987.0
-199011.0
-137212.0
-194591.0
-147546.0
-108770.0
-175560.0
-118927.0
-132757.0
-130490.0
-128434.0
-117701.0
-163761.0
-125501.0
-115411.0
-95341.0
-128036.0
-105204.0
-100734.0
-120859.0
-159688.0
-111703.0
-105956.0
-111588.0
-125223.0
-121819.0
-105674.0
-135328.0
-108664.0
-111345.0
-123645.0
-104507.0
-135242.0
-137581.0
-112506.0
-159791.0
-116013.0
-104909.0
-99231.0
-97792.0
-96092.0
-107141.0
-161269.0
-134131.0
-107484.0
-109551.0
-134330.0
-175977.0
-149099.0
-208778.0
-211941.0
-130181.0
-122964.0
-152163.0
-171937.0
-193702.0
-163406.0
-217405.0
-123583.0
-145106.0
-169096.0
-148517.0
-159578.0
-116388.0
-117430.0
-180140.0
-131154.0
-137089.0
-174571.0
-126814.0
-144458.0
-152786.0
-159484.0
-187036.0
-147972.0
-123934.0
-102589.0
-120993.0
-148256.0
-150153.0
-264727.0
-187991.0
-318902.0
-299471.0
-191624.0
-205299.0
-295905.0
-207902.0
-312904.0
-305147.0
-442732.0
-125712.0
-164499.0
-176287.0
-200486.0
-145862.0
-164763.0
-193267.0
-159377.0
-154557.0
-166361.0
-157309.0
-113955.0
-150967.0
-117217.0
-164275.0
-152054.0
-105397.0
-121658.0
-141244.0
-127763.0
-155398.0
-214669.0
-163370.0
-151783.0
-145100.0
-153388.0
-118651.0
-119117.0
-105819.0
-150481.0
-124171.0
-117605.0
-113196.0
-116980.0
-124681.0
-131561.0
-167335.0
-134012.0
-128747.0
-160582.0
-113319.0
-180439.0
-132780.0
-158267.0
-155822.0
-150630.0
-120531.0
-113016.0
-191023.0
-98762.0
-124558.0
-140993.0
-148216.0
-180819.0
-169472.0
-162378.0
-153544.0
-182872.0
-128832.0
-142881.0
-147499.0
-118184.0
-171299.0
-114233.0
-144383.0
-172072.0
-132518.0
-192516.0
-128721.0
-176515.0
-135314.0
-122956.0
-120000.0
-154495.0
-147007.0
-128213.0
-158540.0
-229047.0
-136783.0
-157048.0
-169627.0
-146868.0
-154226.0
-181204.0
-264608.0
-113269.0
-159568.0
-120687.0
-135336.0
-114668.0
-105565.0
-126830.0
-121600.0
-131678.0
-151276.0
-154467.0
-147014.0
-146460.0
-151628.0
-104981.0
-218020.0
-397844.0
-349567.0
-338114.0
-307800.0
-395639.0
-402237.0
-514798.0
-247743.0
-304574.0
-552858.0
-275744.0
-167895.0
-195248.0
-173435.0
-127148.0
-155103.0
-172782.0
-178329.0
-346224.0
-239921.0
-261930.0
-283733.0
-224980.0
-255479.0
-278271.0
-207243.0
-165614.0
-158927.0
-165323.0
-230926.0
-135916.0
-157349.0
-214862.0
-209617.0
-234406.0
-276756.0
-255571.0
-243817.0
-223342.0
-121010.0
-223157.0
-123939.0
-211818.0
-214049.0
-237063.0
-209398.0
-200072.0
-140883.0
-224061.0
-341700.0
-286801.0
-251672.0
-193495.0
-189370.0
-219926.0
-200047.0
-220592.0
-228252.0
-237109.0
-239132.0
-196847.0
-324643.0
-181354.0
-183856.0
-292523.0
-212511.0
-180426.0
-226637.0
-318826.0
-290562.0
-209508.0
-198844.0
-245699.0
-242313.0
-174511.0
-256199.0
-251826.0
-159196.0
-261833.0
-201273.0
-136128.0
-259533.0
-203268.0
-182514.0
-289369.0
-197438.0
-333537.0
-322345.0
-445399.0
-691384.0
-351602.0
-419884.0
-319645.0
-590161.0
-370041.0
-311567.0
-301099.0
-196175.0
-182966.0
-309962.0
-399116.0
-550960.0
-298840.0
-271640.0
-329391.0
-266292.0
-332600.0
-200334.0
-189353.0
-270315.0
-391976.0
-408734.0
-417375.0
-347833.0
-346872.0
-299355.0
-360029.0
-236287.0
-305742.0
-373273.0
-408989.0
-311652.0
-276530.0
-385251.0
-312756.0
