-1475663.4000000048
-1401704.9999999974
-1450959.5999999954
-1452927.9000000022
-1425529.4999999967
-1401600.500000004
-1437428.900000002
-1464250.3000000026
-1472392.6999999974
-1467912.9000000006
-1418899.3999999994
-1478980.900000006
-1402794.7
-1434343.1999999993
-1448277.0999999985
-1487098.2000000023
-1454204.2999999977
-1488308.0000000005
-1438201.4000000013
-1414553.000000011
-1482317.3000000014
-1456272.2999999984
-1426598.6000000036
-1421588.6000000022
-1510782.4999999946
-1464886.899999999
-1443698.1000000054
-1417731.9999999953
-1439472.200000003
-1454988.4000000004
-1460632.6999999967
-1433280.3999999964
-1393052.8000000014
-1435557.1999999932
-1478303.400000003
-1448540.9999999965
-1459699.8999999997
-1473682.699999998
-1496563.4000000034
-1432176.799999999
-1433209.8000000028
-1436744.3999999964
-1474630.5000000016
-1451582.3000000007
-1384353.3000000024
-1446753.799999996
-1452837.5999999973
-1448665.8999999966
-1456195.2999999998
-1468620.499999993
-1467762.4
-1468303.9000000025
-1464267.000000004
-1453250.500000004
-1456099.900000008
-1464214.200000005
-1453006.4000000078
-1460531.600000001
-1442364.9999999942
-1493081.500000006
-1422823.199999999
-1435201.6000000031
-1420222.4000000027
-1439960.2000000044
-1431859.1999999988
-1385244.5999999952
-1444719.6999999972
-1422058.5000000033
-1432399.0999999975
-1494942.1000000024
-1475916.000000002
-1439675.2000000007
-1469520.599999996
-1427471.3999999976
-1437438.6000000034
-1495194.599999998
-1458799.4000000006
-1412933.0999999992
-1466790.3999999973
-1443532.3999999901
-1421107.6999999932
-1450531.9999999986
-1440370.999999994
-1417174.3000000003
-1420514.7999999968
-1465135.4000000057
-1420623.4000000001
-1442118.799999996
-1405975.4000000018
-1452615.1000000006
-1426027.6999999967
-1412816.4999999956
-1450954.4000000008
-1453116.4999999949
-1435067.2999999989
-1418337.2000000016
-1451314.1
-1421031.0999999996
-1438105.7999999963
-1449040.1000000064
