-1454130.5999999945
-1426729.0000000026
-1454408.4000000048
-1436233.0999999978
-1417807.500000004
-1384342.4999999967
-1440546.099999998
-1452910.6999999976
-1463964.3000000026
-1441150.0999999994
-1420022.6000000008
-1437866.0999999943
-1404214.3
-1390008.8000000003
-1425403.900000002
-1460091.7999999968
-1422620.7000000011
-1489307.9999999998
-1405124.5999999973
-1415964.9999999893
-1456177.699999999
-1444900.7000000016
-1442523.3999999964
-1393721.3999999978
-1465484.5000000044
-1452708.100000001
-1428476.8999999936
-1419400.0000000051
-1435201.7999999968
-1431511.5999999996
-1425080.3000000038
-1393679.6000000036
-1367131.199999999
-1403238.8000000063
-1433950.5999999966
-1451901.0000000033
-1438901.1000000003
-1452190.3000000014
-1453994.5999999964
-1423047.2000000011
-1385800.199999997
-1411623.6000000022
-1448788.4999999988
-1432698.699999999
-1368369.6999999974
-1420304.200000005
-1423874.4000000018
-1413815.1000000031
-1445351.7
-1434954.500000007
-1447093.6000000003
-1448553.0999999966
-1439294.9999999958
-1420856.499999995
-1424989.0999999915
-1453203.7999999945
-1458905.5999999917
-1440996.3999999987
-1407085.000000005
-1496927.4999999942
-1421336.800000001
-1400870.3999999955
-1420077.5999999978
-1416185.799999996
-1396864.800000001
-1387233.4000000048
-1456023.3000000033
-1433676.4999999974
-1400445.9000000027
-1486716.899999998
-1477263.9999999984
-1446080.799999999
-1474849.4000000043
-1424250.6000000027
-1402195.3999999966
-1459715.4000000022
-1447694.5999999994
-1397683.9000000018
-1442277.600000003
-1447571.6000000099
-1446943.3000000068
-1454724.000000002
-1419963.0000000065
-1419862.6999999997
-1410793.2000000034
-1431378.5999999947
-1433902.5999999999
-1419617.2000000037
-1394466.5999999982
-1439617.8999999983
-1425967.3000000038
-1400042.5000000047
-1415149.5999999994
-1454194.500000005
-1435243.7000000011
-1402998.7999999984
-1442864.8999999994
-1433429.9000000004
-1436160.2000000037
-1411058.8999999932
