41.650925925925925
38.642407407407404
39.572407407407404
41.445
40.282222222222224
40.290925925925926
39.821851851851854
41.818518518518516
40.79222222222222
41.38537037037037
40.44425925925926
41.96611111111111
40.50222222222222
41.55796296296296
41.479814814814816
42.11611111111111
41.345925925925926
41.99
40.17574074074074
39.59185185185185
42.410185185185185
41.138703703703705
39.690555555555555
40.64685185185185
42.64851851851852
41.15018518518519
40.24629629629629
39.754814814814814
40.51481481481481
41.410555555555554
41.312592592592594
40.55888888888889
39.50925925925926
41.12444444444444
42.46425925925926
40.6012962962963
41.29462962962963
40.85018518518518
42.364259259259256
39.61611111111111
41.35629629629629
41.8112962962963
41.25240740740741
40.99388888888889
38.85444444444445
41.87777777777778
41.16203703703704
40.852222222222224
40.51592592592593
41.23777777777778
40.78962962962963
42.5612962962963
41.608148148148146
41.475
42.412962962962965
40.74092592592593
40.45462962962963
40.69444444444444
41.132222222222225
42.00351851851852
40.42666666666667
41.01277777777778
39.61925925925926
40.522962962962964
40.94574074074074
39.51833333333333
39.945
39.452777777777776
41.08425925925926
41.405
40.48759259259259
40.41722222222222
40.98537037037037
39.83833333333333
40.96962962962963
42.21277777777778
41.13777777777778
39.89944444444444
41.33444444444444
40.446851851851854
39.0862962962963
40.43925925925926
40.35388888888889
39.77518518518519
40.57981481481482
40.43185185185185
38.50648148148148
41.862037037037034
40.25333333333333
40.39925925925926
39.76481481481481
39.531851851851854
41.73277777777778
40.52148148148148
40.193518518518516
40.032037037037036
40.98962962962963
39.91518518518519
40.26259259259259
40.89888888888889
