215805
221153
219506
210856
214430
204404
222589
212359
222344
214003
212686
212540
208679
202011
207834
216908
208895
218999
210712
211986
212631
216937
216474
206833
216160
217054
213627
211996
215323
210873
211588
206932
203646
207345
210986
216966
214144
218403
211877
214194
202468
205525
216526
210897
205172
206405
207747
208373
215122
211681
216325
210513
217034
208368
204892
216369
219020
216212
210831
222195
210653
204994
216873
211947
206220
209149
221782
214912
204523
220260
223684
218699
217678
216068
204017
215318
217012
209410
215805
217089
219040
221200
212948
211218
210599
215182
219644
206427
205162
216031
212959
210535
205803
217290
217024
210344
214084
216497
212614
212282
