224915
208669
213691
223803
217524
217571
215038
225820
220278
223481
218399
226617
218712
224413
223991
227427
223268
226746
216949
213796
229015
222149
214329
219493
230302
222211
217330
214676
218780
223617
223088
219018
213350
222072
229307
219247
222991
220591
228767
213927
223324
225781
222763
221367
209814
226140
222275
220602
218786
222684
220264
229831
224684
223965
229030
220001
218455
219750
222114
226819
218304
221469
213944
218824
221107
213399
215703
213045
221855
223587
218633
218253
221321
215127
221236
227949
222144
215457
223206
218413
211066
218372
217911
214786
219131
218332
207935
226055
217368
218156
214730
213472
225357
218816
217045
216173
221344
215542
217418
220854
