-2929793.999999999
-2828434.0
-2905368.0
-2889161.0
-2843337.000000001
-2785943.000000001
-2877975.0
-2917161.0
-2936357.0
-2909063.0
-2838922.0
-2916847.0
-2807009.0
-2824351.9999999995
-2873681.0000000005
-2947189.999999999
-2876824.999999999
-2977616.0
-2843325.9999999986
-2830518.0
-2938495.0000000005
-2901173.0
-2869122.0
-2815310.0
-2976266.999999999
-2917595.0
-2872174.999999999
-2837132.0000000005
-2874674.0
-2886500.0
-2885713.0000000005
-2826960.0
-2760184.0000000005
-2838795.9999999995
-2912253.9999999995
-2900442.0
-2898601.0
-2925872.9999999995
-2950558.0
-2855224.0
-2819010.0
-2848367.9999999986
-2923419.0000000005
-2884281.0
-2752723.0
-2867058.000000001
-2876711.999999999
-2862481.0
-2901547.0
-2903575.0
-2914856.0
-2916856.999999999
-2903562.0
-2874106.999999999
-2881088.9999999995
-2917417.9999999995
-2911911.9999999995
-2901528.0
-2849449.999999999
-2990009.0
-2844160.0
-2836071.9999999986
-2840300.0000000005
-2856146.0000000005
-2828724.0
-2772478.0
-2900743.0000000005
-2855735.000000001
-2832845.0
-2981659.0000000005
-2953180.0000000005
-2885756.0
-2944370.0
-2851722.0
-2839634.0
-2954910.0
-2906494.0
-2810617.000000001
-2909068.0
-2891104.0
-2868051.0
-2905256.000000001
-2860334.0000000005
-2837037.0
-2831308.0
-2896514.0000000005
-2854526.0
-2861736.0
-2800442.0
-2892232.999999999
-2851995.0000000005
-2812859.0
-2866104.0
-2907311.0
-2870311.0
-2821336.0
-2894178.9999999995
-2854461.0
-2874266.0
-2860098.9999999995
