81.61481481481482
79.59666666666666
80.22166666666666
80.49240740740741
79.99148148148149
78.14351851851852
81.04203703703703
81.14425925925926
81.96703703703703
81.01555555555555
79.83055555555555
81.32537037037036
79.14648148148149
78.9674074074074
79.9675925925926
82.28425925925926
80.03018518518519
82.54537037037036
79.19648148148148
78.84851851851852
81.7862962962963
81.31222222222222
79.77833333333334
78.94925925925926
82.67814814814815
81.34537037037038
79.80685185185185
79.01333333333334
80.38944444444445
80.46111111111111
80.49555555555555
78.87962962962963
77.22148148148148
79.52166666666666
81.53574074074074
80.78018518518519
80.95092592592593
81.29518518518519
81.60074074074075
79.28166666666667
78.85037037037037
79.87148148148148
81.34981481481482
80.04888888888888
76.84925925925926
80.10092592592592
79.6337037037037
79.43981481481481
80.35333333333334
80.43796296296296
80.84981481481482
81.54518518518519
81.79962962962964
80.06166666666667
80.35592592592593
80.80925925925926
81.01388888888889
80.73370370370371
80.175
83.15074074074074
79.43648148148148
78.97462962962963
79.78092592592593
79.77240740740741
79.13462962962963
78.24962962962962
81.01574074074074
79.2512962962963
78.9588888888889
82.19388888888889
81.91055555555556
80.91703703703703
81.29611111111112
79.85092592592592
78.75055555555555
82.08648148148148
81.32518518518519
78.67907407407408
81.29833333333333
80.64851851851851
79.64925925925925
81.40222222222222
79.7887037037037
78.88962962962962
79.57962962962964
80.28037037037036
79.1812962962963
80.08925925925926
78.2462962962963
80.405
79.20166666666667
78.51981481481481
79.84444444444445
80.76037037037037
80.38314814814815
78.98462962962962
80.63481481481482
80.00722222222223
79.63555555555556
80.21037037037037
