39.96388888888889
40.95425925925926
40.64925925925926
39.047407407407405
39.70925925925926
37.85259259259259
41.22018518518519
39.32574074074074
41.174814814814816
39.630185185185184
39.386296296296294
39.35925925925926
38.64425925925926
37.409444444444446
38.48777777777778
40.16814814814815
38.68425925925926
40.55537037037037
39.02074074074074
39.25666666666667
39.37611111111111
40.17351851851852
40.08777777777778
38.30240740740741
40.02962962962963
40.19518518518519
39.56055555555555
39.25851851851852
39.87462962962963
39.050555555555555
39.18296296296296
38.32074074074074
37.71222222222222
38.397222222222226
39.071481481481484
40.17888888888889
39.6562962962963
40.445
39.23648148148148
39.66555555555556
37.49407407407407
38.06018518518518
40.09740740740741
39.055
37.994814814814816
38.22314814814815
38.471666666666664
38.58759259259259
39.837407407407404
39.200185185185184
40.06018518518518
38.98388888888889
40.19148148148148
38.586666666666666
37.942962962962966
40.068333333333335
40.55925925925926
40.03925925925926
39.04277777777778
41.147222222222226
39.00981481481482
37.961851851851854
40.16166666666667
39.24944444444444
38.18888888888889
38.73129629629629
41.07074074074074
39.79851851851852
37.87462962962963
40.78888888888889
41.42296296296296
40.49981481481481
40.31074074074074
40.01259259259259
37.78092592592593
39.873703703703704
40.187407407407406
38.77962962962963
39.96388888888889
40.20166666666667
40.56296296296296
40.96296296296296
39.434814814814814
39.114444444444445
38.99981481481481
39.84851851851852
40.674814814814816
38.227222222222224
37.99296296296296
40.00574074074074
39.43685185185185
38.98796296296296
38.111666666666665
40.23888888888889
40.18962962962963
38.952592592592595
39.645185185185184
40.09203703703704
39.372962962962966
39.31148148148148
