6.052407407407407
7.907962962962963
5.950555555555556
8.257037037037037
7.229074074074074
5.697222222222222
7.2246296296296295
8.279074074074074
7.807037037037037
7.034259259259259
8.14425925925926
8.518888888888888
7.105925925925926
8.829629629629629
8.086666666666666
5.172592592592593
9.31962962962963
6.228703703703704
6.017222222222222
7.715740740740741
9.485740740740741
6.16574074074074
7.447962962962963
9.053888888888888
7.994259259259259
5.713888888888889
11.453148148148149
6.3079629629629625
6.802037037037037
7.158518518518519
