-82804.5
-104438.75
-98245.5
-79468.25
-83895.5
-114195.25
-100082.75
-94961.5
-88384.5
-98009.75
-138152.25
-122457.0
-129318.5
-101751.0
-89904.5
-120799.25
-80255.25
-98456.0
-95551.25
-78455.0
-101439.5
-106263.75
-90076.75
-91882.0
-75727.5
-83060.5
-108127.75
-93244.25
-67847.25
-100552.5
-103499.5
-89672.25
-100044.0
-112808.5
-93720.25
-90230.25
-87273.0
-115813.0
-77500.0
-94320.5
-81804.0
-83890.5
-100277.0
-117609.75
-89747.5
-73366.75
-91803.75
-75335.0
-73462.25
-75771.5
-82926.25
-87856.0
-76656.5
-81144.25
-74250.5
-74892.75
-80440.25
-76426.5
-91232.75
-86607.75
-77282.75
-78937.5
-88244.25
-71410.0
-72864.25
-80676.75
-75574.25
-72502.75
-93039.25
-71033.5
-116247.5
-65137.25
-96462.25
-107525.5
-65719.25
-114965.75
-70184.0
-85843.0
-83140.0
-95425.0
-73229.0
-86118.0
-74599.0
-68376.25
-64830.25
-73169.25
-66477.25
-72405.5
-79270.25
-83698.25
-74336.5
-83751.75
-63791.25
-72431.25
-73100.25
-86081.25
-79292.0
-86297.0
-68163.5
-80242.25
-70004.75
-64062.0
-59742.75
-73346.25
-72162.5
-83529.0
-74242.5
-69189.25
-71941.0
-67908.0
-81134.5
-69879.75
-62495.75
-61592.5
-62125.0
-76895.5
-89645.75
-77346.0
-67039.0
-86235.25
-77429.0
-72946.0
-60616.25
-67018.5
-62366.25
-64466.25
-63718.75
-60854.0
-74023.5
-58575.25
-67831.25
-61168.75
-68201.5
-68888.75
-66871.0
-62263.25
-56444.75
-59454.5
-66409.75
-61958.0
-50317.75
-74816.75
-63498.25
-70276.75
-56766.75
-56417.75
-46444.25
-59508.75
-71017.75
-85667.75
-62786.25
-72301.25
-66581.25
-61542.5
-65817.5
-61444.25
-68352.5
-58592.75
-56196.5
-63789.5
-60500.25
-57299.0
-63530.75
-50917.5
-57554.75
-71073.0
-59369.0
-54996.25
-62069.75
-75793.25
-68174.0
-64945.75
-51858.5
-65565.75
-84037.0
-58076.25
-47879.0
-65007.25
-52540.75
-54007.25
-60647.25
-58452.25
-56182.25
-50815.0
-56887.5
-55686.75
-59566.0
-57280.25
-56606.5
-70026.75
-46809.0
-51994.0
-54432.75
-60346.75
-60783.75
-48721.0
-51808.0
-58228.75
-47273.75
-61164.0
-61101.0
-59819.5
-52694.75
-58615.25
-54065.0
-56845.0
-45587.25
-48237.25
-59752.25
-51561.75
-52942.25
-50840.75
-59279.75
-46022.0
-64446.5
-49728.25
-49427.75
-60840.5
-66358.75
-43743.25
-39478.75
-45508.75
-39492.75
-39774.0
-50087.25
-47789.0
-40149.75
-54390.5
-54619.5
-60888.0
-47655.25
-43271.0
-42040.5
-43593.25
-51009.0
-37413.25
-41012.5
-52592.75
-44917.0
-57922.0
-61386.25
-50566.0
-50577.75
-45303.75
-44888.0
-35729.0
-44988.0
-40708.5
-47443.0
-49813.0
-53747.0
-57383.25
-50522.75
-53803.0
-41086.0
-45386.5
-48647.5
-50364.25
-47213.5
-41010.25
-49421.75
-44532.75
-59103.25
-43856.0
-35724.25
-39543.0
-41826.5
-43233.0
-40596.75
-47296.5
-48994.75
-48492.75
-53317.5
-39294.75
-39337.75
-49615.5
-34141.0
-40948.5
-44691.25
-33030.5
-53181.75
-47122.25
-39039.5
-36761.0
-41527.75
-45803.25
-43653.5
-43192.0
-66797.75
-39749.25
-47581.5
-48664.25
-44176.0
-46452.0
-39776.5
-37900.0
-50492.75
-42005.75
-47266.5
-39766.0
-46068.25
-38533.5
-47172.25
-40729.25
-41656.25
-33046.5
-40551.5
-48576.0
-34960.5
-38544.0
-37714.25
-38644.5
-40532.75
-38435.5
-50853.25
-38147.0
-31618.25
-54461.25
-61547.5
-44348.5
-48084.25
-32780.5
-42276.0
-39983.75
-37283.25
-39835.0
-42439.25
-38728.0
-43683.75
-31635.0
-42113.5
-35452.25
-41151.0
-36276.25
-46148.75
-41633.0
-38373.0
-34673.25
-39500.25
-34274.25
-34600.25
-45449.5
-35174.25
-35846.0
-39058.0
-36017.5
-42167.0
-40352.25
-44945.5
-39073.75
-38580.5
-43217.25
-36711.5
-34452.25
-33566.25
-39362.25
-33113.0
-47604.5
-34781.0
-41446.0
-46230.75
-33768.75
-34428.25
-36021.75
-34189.25
-44025.0
-42444.25
-34219.5
-39450.0
-45229.5
-36344.75
-40423.0
-35315.25
-41387.25
-43766.5
-32173.0
-32652.5
-40530.5
-33031.5
-29686.0
-44804.25
-37029.75
-35806.0
-28484.75
-36403.0
-36730.0
-37304.25
-31723.75
-34323.75
-40146.75
-39289.75
-37556.75
-35463.75
-31802.25
-39173.0
-30249.25
-37821.75
-40245.25
-30537.75
-37056.5
-37611.0
-34175.25
-29549.25
-27308.0
-35140.25
-32139.5
-35998.0
-47428.5
-36278.0
-35189.25
-32931.25
-31883.25
-35770.0
-36039.25
-30219.5
-29604.75
-30750.75
-27154.25
-42243.25
-40310.0
-30692.25
-33551.5
-35375.0
-35666.75
-29057.75
-44055.0
-25318.25
-31869.75
-27688.5
-32726.25
-30948.5
-34772.0
-32508.25
-42096.0
-34486.5
-31360.0
-32960.75
-38757.0
-40155.25
-26003.75
-34381.25
-29891.75
-29919.25
-31836.75
-28896.25
-32757.25
-37087.75
-32355.5
-31251.75
-24187.5
-34488.5
-27704.5
-32948.75
-29641.5
-24825.5
-30318.25
-24211.75
-30681.5
-28410.0
-33660.0
-38215.25
-31381.25
-36262.75
-31343.0
-33163.25
-25836.0
-34100.75
-30238.0
-23738.0
-32970.75
-26934.25
-33700.5
-24615.25
-30676.0
-31658.5
-22655.75
-28605.0
-27488.5
-29494.75
-30644.0
-26310.5
-24992.25
-35175.0
-22066.5
-41138.25
-29015.0
-24900.5
-34398.0
-31183.5
-28783.0
-24094.5
-29589.0
-39635.75
-27886.0
-24479.75
-39551.25
-35303.0
-27560.5
-31307.5
-31248.0
-28821.75
-21607.0
-30743.25
-30776.75
-27993.75
-32838.75
-30173.25
-29687.0
-24657.5
-24456.75
-27364.25
-24185.25
-28619.75
-34900.25
-24416.0
-39021.5
-34481.75
-26862.5
-20569.5
-21842.0
-26482.0
-38217.5
-25777.0
-29954.5
-25707.5
-28018.5
-23462.5
-23890.25
-24924.0
-28312.0
-23009.0
-28627.0
-27585.5
-21924.75
-22322.75
-25508.25
-29428.75
-25230.75
-23847.75
-22213.0
-31504.25
-24964.75
-21045.75
-26197.25
-22546.25
-20993.5
-23328.0
-30081.0
-18395.75
-30249.25
-29451.75
-24221.75
-31417.0
-26311.0
-29022.0
-19580.75
-49740.5
-28367.0
-26448.75
-22252.75
-16981.25
-29882.0
-20220.0
-21172.0
-29616.0
-19443.75
-23970.5
-26365.25
-21545.0
-25914.0
-21964.25
-22540.25
-20230.5
-21054.5
-17201.25
-20445.0
-21552.25
-21373.0
-21327.5
-28400.0
-66459.75
-17743.0
-28993.5
-26790.0
-27923.5
-17175.75
-31050.5
-23212.25
-20795.5
-19705.0
-21914.75
-19170.25
-27309.75
-21173.75
-22425.75
-62539.75
-22490.0
-20780.5
-41723.0
-20751.5
