7.350740740740741
10.442222222222222
9.011481481481482
8.64611111111111
8.686481481481481
10.181481481481482
10.608703703703704
9.434259259259258
8.058703703703705
10.63111111111111
12.68388888888889
12.178148148148148
13.84962962962963
10.660185185185185
10.012777777777778
10.284814814814816
8.132777777777777
9.552037037037037
9.632222222222222
8.186666666666667
9.585185185185185
8.671481481481482
8.633333333333333
8.729814814814814
8.259814814814815
8.448333333333334
9.960555555555555
8.785555555555556
8.612037037037037
10.685925925925925
9.172222222222222
9.492222222222223
8.053148148148148
10.206666666666667
8.384814814814815
8.356851851851852
8.12
9.586851851851852
8.955
9.212592592592593
8.596481481481481
8.344814814814814
9.667222222222222
10.328333333333333
8.21037037037037
7.849814814814815
8.43462962962963
7.9783333333333335
8.388518518518518
8.20111111111111
8.579444444444444
8.401666666666667
7.947777777777778
8.09925925925926
8.545370370370371
7.611296296296296
8.643888888888888
8.472592592592592
7.7592592592592595
7.894444444444445
7.813148148148148
7.240185185185185
7.95537037037037
7.9437037037037035
7.3475925925925925
8.464444444444444
7.236666666666666
8.120185185185186
8.004444444444445
6.581851851851852
9.401666666666667
7.532407407407407
8.432962962962963
8.80425925925926
7.122777777777777
9.149074074074074
7.064629629629629
7.309814814814815
7.642777777777778
7.938888888888889
7.239629629629629
8.089814814814815
6.480555555555555
7.226111111111111
6.433518518518518
7.24037037037037
7.271111111111111
7.572777777777778
7.270740740740741
7.101111111111111
7.850370370370371
7.617962962962963
6.75
7.21037037037037
7.562407407407408
7.964444444444444
6.950185185185185
7.844814814814815
7.476481481481481
6.926111111111111
7.003333333333333
6.986851851851852
6.801851851851852
7.089444444444444
7.356111111111111
6.92425925925926
7.360555555555556
7.049074074074074
7.273888888888889
7.446111111111111
7.3459259259259255
7.093518518518518
7.363333333333333
7.04074074074074
6.651481481481482
7.603518518518518
7.41574074074074
7.663518518518519
6.681481481481481
7.688888888888889
7.669814814814814
7.6194444444444445
6.648703703703704
6.696666666666666
7.760555555555555
6.958703703703704
6.547407407407407
6.711111111111111
6.535
6.570925925925926
6.709074074074074
6.41074074074074
6.739444444444445
6.201851851851852
6.9057407407407405
6.739074074074074
6.204074074074074
6.360925925925926
6.413703703703704
6.114259259259259
6.25462962962963
6.648703703703704
6.381481481481481
6.296111111111111
6.081851851851852
6.409074074074074
5.960740740740741
5.9944444444444445
6.791111111111111
7.160185185185185
6.917962962962963
6.7098148148148145
5.947777777777778
6.415555555555556
6.298703703703704
5.958148148148148
6.404814814814815
5.903518518518519
5.958703703703704
5.822037037037037
7.281296296296296
6.125555555555556
6.220555555555555
5.087962962962963
5.764444444444444
6.142407407407408
6.117407407407407
6.275925925925926
6.429814814814815
6.550740740740741
6.683888888888889
6.501481481481481
5.591851851851852
6.182777777777778
7.236296296296296
5.774074074074074
5.4003703703703705
5.929444444444444
5.531296296296296
5.726111111111111
6.277962962962963
5.600370370370371
5.1957407407407405
5.3062962962962965
6.4255555555555555
7.053518518518518
5.789074074074074
5.347037037037037
5.710555555555556
6.000740740740741
5.668148148148148
5.7027777777777775
5.969444444444444
6.2901851851851855
6.213703703703704
5.49574074074074
5.2914814814814815
5.841851851851852
5.421666666666667
6.048148148148148
5.737222222222222
6.198518518518519
6.036296296296296
5.150925925925926
5.963333333333333
6.21462962962963
4.782777777777778
5.407037037037037
5.616851851851852
5.304074074074074
5.184074074074074
5.517037037037037
5.682592592592592
5.267407407407408
6.075185185185185
5.4511111111111115
5.274814814814815
5.155555555555556
6.063518518518518
5.194629629629629
4.482222222222222
5.062407407407408
4.484629629629629
4.860925925925926
5.469814814814815
5.123703703703704
4.643703703703704
4.633333333333334
5.12962962962963
5.470185185185185
4.87037037037037
4.848888888888889
4.771296296296296
4.780925925925926
4.730185185185185
4.3661111111111115
5.207037037037037
4.877222222222223
4.4601851851851855
5.059444444444445
4.925925925925926
4.609259259259259
4.9037037037037035
4.744259259259259
4.947222222222222
4.449074074074074
4.7027777777777775
4.553888888888889
4.746666666666667
4.838703703703704
4.74
5.2988888888888885
4.808148148148148
4.978148148148148
5.164259259259259
4.58537037037037
5.168703703703704
5.081296296296296
4.498703703703704
5.292222222222223
4.884074074074074
4.91462962962963
4.981851851851852
4.41074074074074
4.480555555555555
4.4040740740740745
4.192407407407408
4.501111111111111
4.154814814814815
5.230925925925926
4.5905555555555555
4.535925925925926
5.057777777777778
4.5290740740740745
4.107222222222222
4.605
4.505
4.357407407407408
4.522777777777778
4.356851851851852
5.150740740740741
4.46962962962963
4.524444444444445
4.517962962962963
4.374444444444444
4.376111111111111
4.766666666666667
4.4927777777777775
5.408703703703703
4.577037037037037
5.042222222222223
4.554814814814815
4.580925925925926
4.673333333333333
4.114259259259259
4.230370370370371
4.499444444444444
4.484814814814815
4.387037037037037
4.1268518518518515
4.394074074074074
4.055740740740741
4.185925925925926
4.22
3.999814814814815
4.1338888888888885
4.366851851851852
4.164074074074074
4.125740740740741
3.7107407407407407
4.192592592592592
4.130185185185185
4.0381481481481485
3.9962962962962965
4.420555555555556
4.006851851851851
4.072222222222222
4.318518518518519
4.800740740740741
4.335
4.295555555555556
3.799074074074074
4.188518518518518
3.899074074074074
4.07962962962963
3.9587037037037036
4.432222222222222
4.381111111111111
4.0401851851851855
3.841111111111111
4.23
3.6714814814814813
4.196666666666666
4.305185185185185
3.9677777777777776
3.8648148148148147
4.283148148148148
4.004814814814814
4.133148148148148
3.9988888888888887
3.865
4.200925925925926
3.596296296296296
3.8824074074074075
4.088888888888889
4.056481481481481
4.126111111111111
4.111851851851852
4.381851851851851
3.977222222222222
3.942037037037037
4.416666666666667
4.1338888888888885
3.8644444444444446
3.868148148148148
3.6972222222222224
3.736666666666667
3.7083333333333335
3.6387037037037038
3.9612962962962963
4.20074074074074
3.8444444444444446
3.5866666666666664
3.7675925925925924
3.7414814814814816
3.962962962962963
4.1755555555555555
3.9025925925925926
4.006481481481481
3.9696296296296296
3.7977777777777777
4.071851851851852
3.8405555555555555
4.59
4.161851851851852
3.4425925925925926
3.6955555555555555
3.848148148148148
3.656296296296296
3.76
4.039074074074074
3.885
3.9175925925925927
3.7351851851851854
3.6168518518518518
3.8246296296296296
3.675925925925926
3.4298148148148146
3.7114814814814814
3.736111111111111
3.995740740740741
3.7835185185185187
3.5244444444444443
3.0927777777777776
4.336296296296296
3.3137037037037036
3.5625925925925928
3.4646296296296297
3.2637037037037038
4.125925925925926
3.8935185185185186
3.9318518518518517
3.3414814814814813
3.4592592592592593
3.614259259259259
3.4337037037037037
3.7137037037037035
3.787777777777778
3.547037037037037
3.634259259259259
3.506111111111111
3.331111111111111
3.5562962962962965
3.6457407407407407
3.4437037037037035
3.5725925925925925
3.466296296296296
3.526851851851852
4.071111111111111
3.3207407407407405
3.0944444444444446
3.4146296296296295
3.7337037037037035
3.436111111111111
3.3937037037037037
3.4257407407407405
3.2707407407407407
3.168888888888889
3.2575925925925926
3.3270370370370372
3.2331481481481483
3.3737037037037036
3.272037037037037
3.4364814814814815
3.199074074074074
3.2594444444444446
3.256666666666667
3.609259259259259
3.1440740740740742
3.545925925925926
3.3577777777777778
3.064074074074074
2.9012962962962963
3.613888888888889
3.3087037037037037
3.3016666666666667
3.4851851851851854
3.3144444444444443
3.381851851851852
2.886296296296296
3.515185185185185
3.3090740740740743
3.091851851851852
3.2327777777777778
3.0137037037037038
3.216666666666667
2.8646296296296296
3.237962962962963
3.271851851851852
3.262777777777778
3.2016666666666667
3.3155555555555556
2.964814814814815
3.1975925925925925
3.155740740740741
2.9409259259259257
3.093703703703704
2.8983333333333334
2.7933333333333334
3.4803703703703706
2.8855555555555554
3.145925925925926
2.9962962962962965
3.3740740740740742
3.022962962962963
2.857962962962963
3.1529629629629627
2.9655555555555555
3.17
2.87
2.918888888888889
2.918148148148148
3.0614814814814815
2.894814814814815
4.287962962962963
2.871111111111111
2.9855555555555555
3.174259259259259
2.9253703703703704
3.060185185185185
2.737222222222222
3.3394444444444447
3.1314814814814813
2.9546296296296295
2.9846296296296297
3.0694444444444446
3.1985185185185183
2.5366666666666666
2.807962962962963
2.7287037037037036
2.8738888888888887
2.8894444444444445
3.111851851851852
2.835
2.912037037037037
2.785740740740741
2.9066666666666667
3.4096296296296296
2.8107407407407408
3.002962962962963
2.773888888888889
2.546851851851852
3.036111111111111
3.1812962962962965
2.579814814814815
3.2172222222222224
2.907037037037037
2.6766666666666667
2.6487037037037036
2.6416666666666666
3.0094444444444446
3.6085185185185185
2.935925925925926
4.207222222222223
2.873148148148148
2.867037037037037
2.7333333333333334
2.7116666666666664
2.8403703703703704
2.97962962962963
2.7222222222222223
3.0587037037037037
2.64962962962963
2.47962962962963
2.407962962962963
2.697037037037037
2.7707407407407407
2.750185185185185
2.567037037037037
2.6218518518518517
2.6925925925925926
2.6112962962962962
2.5522222222222224
2.7664814814814815
2.665
2.6727777777777777
2.7424074074074074
2.5392592592592593
2.598333333333333
3.0596296296296295
2.977592592592593
2.551851851851852
2.6035185185185186
2.7074074074074073
2.6925925925925926
2.6259259259259258
4.228703703703704
2.6103703703703705
2.585185185185185
2.5922222222222224
2.3555555555555556
2.6640740740740743
2.437777777777778
2.605185185185185
2.7042592592592594
2.545
2.5453703703703705
2.7287037037037036
2.577777777777778
2.3653703703703703
2.7225925925925925
2.670925925925926
3.254259259259259
2.6774074074074075
2.4505555555555554
2.4864814814814813
2.532962962962963
2.7109259259259257
2.4675925925925926
2.3975925925925927
16.061851851851852
2.132222222222222
2.408148148148148
2.513888888888889
2.879259259259259
2.179074074074074
4.034259259259259
2.364259259259259
2.468703703703704
2.548888888888889
2.673703703703704
2.3783333333333334
2.4825925925925927
2.613148148148148
2.395185185185185
14.242962962962963
2.3074074074074074
2.604074074074074
3.763148148148148
2.79037037037037
