-166629.75
-241693.25
-198720.75
-162891.0
-166849.5
-227525.25
-203386.75
-189372.0
-174112.5
-197939.0
-287404.25
-248271.25
-265907.5
-218667.0
-191365.5
-229456.0
-150006.5
-193240.75
-195065.5
-155819.0
-210321.5
-215827.25
-187535.75
-180453.25
-154530.25
-156352.75
-215335.25
-193623.0
-138479.75
-225541.0
-193375.25
-178021.0
-196408.5
-210281.75
-183829.25
-176316.25
-180286.75
-212832.0
-176863.75
-212835.25
-167167.0
-173527.75
-192629.25
-227459.25
-173535.25
-135740.75
-165508.0
-158776.0
-153407.75
-153425.5
-184885.0
-169136.25
-163093.25
-167099.5
-157901.5
-148297.25
-171831.0
-169429.25
-166264.0
-172096.5
-153734.75
-152420.25
-170791.25
-150184.75
-149212.0
-163437.75
-160567.0
-155157.75
-173588.75
-140863.5
-223206.25
-137121.25
-184220.0
-213591.0
-139106.75
-220707.5
-138475.75
-164062.5
-170743.25
-185504.0
-152668.75
-185702.75
-148878.25
-145903.25
-120442.5
-146336.25
-124595.25
-135832.25
-156754.25
-167518.0
-147532.0
-165104.75
-136226.0
-142421.75
-152740.5
-180067.5
-166837.0
-161883.75
-143430.5
-154567.75
-148223.0
-133576.5
-122937.75
-134849.25
-154401.0
-160229.75
-152057.75
-137285.25
-150854.25
-156633.5
-152210.25
-142686.75
-151252.0
-126294.25
-128262.75
-157893.5
-171337.25
-163897.5
-138037.0
-169050.5
-141395.75
-154401.25
-124403.75
-138735.75
-134437.0
-130243.5
-136395.0
-129004.25
-146971.0
-116469.25
-137748.5
-123461.0
-139672.0
-134865.0
-135091.25
-129177.25
-119092.75
-116290.75
-133189.5
-124831.75
-114150.5
-140199.25
-133362.0
-148275.25
-112059.0
-112037.25
-107659.25
-123501.25
-143129.25
-169867.5
-142031.5
-143001.25
-133681.25
-132621.5
-139949.5
-134915.25
-143254.0
-114415.5
-111054.5
-120292.25
-128326.75
-123436.75
-121303.5
-98751.75
-118188.25
-145231.0
-121683.0
-112826.0
-123122.75
-138153.0
-130631.5
-128710.0
-98813.25
-129168.25
-159878.0
-114520.75
-109165.75
-126742.25
-108501.25
-119049.0
-124013.25
-117953.75
-111922.75
-106872.0
-123194.75
-136670.25
-103424.75
-109990.25
-119805.5
-139055.75
-99153.75
-104156.5
-114067.75
-112738.75
-123224.5
-105012.0
-102688.75
-107521.0
-102281.25
-124547.25
-118307.25
-126183.0
-122268.75
-111977.5
-112077.0
-113152.5
-88216.0
-102929.0
-103179.75
-98536.5
-102931.0
-101318.75
-119455.0
-94353.0
-123204.0
-101844.5
-109347.5
-115955.5
-129817.5
-97630.5
-81162.0
-88225.25
-82252.5
-80939.0
-97923.0
-91738.5
-82043.25
-101092.5
-103308.5
-114536.25
-99556.5
-85462.75
-88616.25
-82886.25
-105529.75
-77776.75
-88871.5
-100661.0
-89691.5
-114115.75
-118076.0
-102426.25
-109902.0
-88336.75
-95596.0
-77420.75
-91406.5
-87217.75
-97306.0
-107961.5
-107386.25
-112231.0
-99622.5
-105590.0
-87772.25
-91774.75
-95557.75
-101481.5
-94491.0
-94044.75
-95339.5
-95017.0
-110568.5
-85930.25
-75365.0
-80084.75
-89964.25
-84112.75
-78732.5
-93474.75
-91723.0
-89987.25
-103298.25
-84863.25
-85337.5
-101373.5
-73568.0
-81588.75
-91212.5
-70601.75
-110008.5
-100351.0
-82053.75
-79073.5
-83173.0
-91584.0
-86729.0
-84854.75
-115927.75
-81673.0
-97735.0
-103594.25
-85695.25
-89321.5
-76440.5
-78882.25
-98978.0
-79574.5
-86677.5
-80931.5
-90402.75
-79976.75
-88831.0
-79765.25
-82807.75
-68411.5
-75864.5
-92502.5
-70606.0
-84732.0
-75674.0
-77065.25
-77284.75
-84050.75
-101749.0
-71861.25
-67489.5
-107213.75
-113890.5
-87930.75
-89435.0
-64136.5
-80681.75
-90847.0
-76212.5
-85395.25
-89370.5
-86494.0
-96783.75
-69899.5
-87941.0
-71343.75
-79371.0
-79104.75
-90398.25
-90340.5
-75025.75
-69876.0
-76844.75
-68496.0
-67809.0
-85546.25
-69443.75
-76123.75
-74850.75
-74904.0
-82800.0
-79768.0
-90429.5
-81644.0
-71656.75
-82763.5
-76260.75
-73710.75
-67570.75
-81475.5
-74064.5
-90347.0
-68287.25
-78745.75
-88524.0
-65300.5
-71493.5
-74069.5
-72539.0
-88320.25
-87426.75
-74440.25
-80119.75
-89819.0
-74380.0
-87799.0
-66302.25
-80099.0
-87013.0
-63798.25
-68607.0
-79203.0
-66353.75
-64926.0
-93944.25
-73228.5
-77376.25
-61530.25
-77295.0
-71844.25
-74765.0
-62388.25
-67781.0
-79055.75
-82365.0
-83498.0
-68679.75
-59909.25
-79459.75
-55801.0
-68926.0
-76087.25
-59935.5
-82173.25
-72816.5
-69002.25
-55190.0
-58764.0
-66007.75
-56986.0
-73657.25
-96046.0
-71873.5
-66928.5
-63891.0
-62700.25
-67826.75
-69508.5
-64878.75
-60298.75
-59463.5
-55102.25
-82205.0
-72497.75
-61606.25
-73669.25
-67382.75
-67756.5
-56722.75
-84459.25
-55880.75
-64203.0
-56823.0
-70522.5
-62525.5
-74534.0
-64964.25
-86328.5
-67944.25
-60775.75
-67611.75
-76047.75
-74236.25
-58490.0
-68493.0
-59376.5
-57181.25
-65529.5
-57627.0
-61381.25
-70038.5
-71364.75
-67599.75
-46635.0
-75348.0
-54245.75
-64719.5
-60195.5
-50625.5
-65526.25
-52119.25
-63381.5
-63734.75
-70470.0
-67701.75
-59995.25
-67154.75
-63068.25
-68019.5
-49572.0
-64002.0
-56635.5
-50803.5
-64878.75
-50391.5
-67391.75
-50477.0
-62613.0
-63113.75
-45726.0
-58009.25
-52792.75
-60745.75
-61906.5
-52956.25
-49464.5
-70936.5
-49731.5
-88592.0
-56559.75
-49038.0
-60718.75
-63182.5
-56480.75
-48654.75
-60433.5
-77111.5
-55876.25
-53843.0
-77481.0
-70879.5
-54624.0
-65331.25
-64593.25
-60397.0
-46337.0
-60982.25
-62695.25
-52526.75
-67524.75
-61451.0
-57136.0
-50456.75
-51807.25
-56580.0
-46502.25
-56148.75
-69509.5
-50917.0
-70368.0
-64338.75
-50677.0
-43115.5
-43269.5
-55661.0
-67142.0
-63787.25
-84038.0
-50647.5
-55446.75
-51248.0
-50011.5
-52620.25
-54518.25
-47492.5
-55860.25
-52761.5
-42198.0
-45361.75
-50438.75
-57782.25
-50597.0
-45876.25
-45638.75
-57906.0
-50731.0
-43124.25
-50340.75
-50151.5
-43428.5
-44658.5
-61451.0
-38757.25
-57804.75
-55001.5
-51925.75
-66020.0
-51379.0
-56642.5
-44240.25
-84270.25
-54566.5
-56053.25
-46178.5
-36352.0
-57051.0
-42711.5
-43469.25
-65919.0
-41365.25
-50368.0
-50727.75
-44769.75
-47268.75
-49089.0
-43762.75
-48536.25
-44105.5
-42525.0
-46905.5
-43873.5
-46087.75
-42113.75
-53032.5
-283094.25
-34686.75
-58801.0
-49846.25
-51665.0
-35587.75
-74764.0
-49073.25
-44142.75
-38917.75
-47674.5
-41179.25
-55770.75
-46743.75
-46049.5
-241176.25
-41488.0
-47574.5
-65464.75
-51715.5
