20029
23431
22295
23269
24317
28664
27043
24225
20701
26403
31930
33367
29157
26256
25537
30751
23614
29111
24309
21918
25208
23736
23731
25160
19259
24541
27146
25202
21009
22737
30657
25947
21362
31579
23028
22316
20796
28557
19716
19639
22510
21540
30514
29352
22371
22591
23461
20232
22067
22471
20859
23318
20081
21999
21335
20868
23399
19530
24094
19560
21441
20528
22443
19485
20300
23135
18769
19872
24068
17192
27801
18325
22442
24607
18995
22506
19430
21664
20693
21243
17000
20950
18769
18784
18978
19152
20654
21879
18355
20603
21512
20972
16329
19667
17359
19669
17040
24236
17587
20087
17805
17200
17056
22819
17887
20383
18467
17453
19058
16761
21904
18528
15567
18281
17321
18617
23565
20507
18070
21557
23280
17671
16880
18420
17443
17837
16322
17977
17969
17190
18442
17509
17820
16532
17357
16893
17026
17725
17558
16550
14392
18548
15808
14043
15425
16447
13182
14736
18765
20736
15542
19652
16334
16719
16031
15082
15018
16815
15947
16506
16752
15110
16801
13720
15695
16090
17456
16426
17052
17892
18379
15770
14823
17121
19668
15395
12643
15379
14350
14028
16978
13480
14383
14211
16006
14252
17260
13764
13698
16747
13753
14342
13631
18040
15516
13750
12890
17019
12771
14840
15980
14712
13386
14331
16395
15875
13903
13446
16457
15195
14865
15474
15154
13807
17780
13943
12541
13279
15147
12595
12652
13700
11771
12443
14181
14188
12280
13762
15176
15850
12676
13059
13212
12782
11262
11022
14043
13981
12947
12857
13861
12346
12268
13452
12019
10983
11950
11633
12750
11789
12782
15331
13073
13809
11498
11796
15592
12751
12320
12625
13213
12445
15787
11874
11619
12478
10594
12803
11266
14489
12890
12380
12217
11189
9918
12229
10142
12148
14249
11157
13454
11631
11589
10998
12473
12461
13435
12986
17382
11787
12839
10414
13312
13489
11310
10533
12246
12464
12946
11615
11728
10644
11304
11581
10238
10813
12598
12099
10993
8620
10967
11276
11608
9253
11492
10936
10713
11827
14509
11762
12174
10364
11860
9577
11150
10040
10504
10922
9978
9715
11748
9416
11653
10115
10746
9378
12460
10974
10963
11006
10698
12155
9887
10020
11776
10846
12295
10837
12423
10843
11982
12400
10898
10378
10844
8867
9542
10872
10008
11307
11356
9812
9984
9890
9408
11124
11594
10328
11393
11461
10317
9519
10496
15417
11814
9347
8995
10356
10073
9533
10560
11034
10220
9444
9570
10278
9186
10317
10053
10505
10851
9097
10181
8418
11454
10043
10659
10304
9013
10306
11450
10672
9296
8526
9798
9749
9023
11000
9432
10032
9946
9163
9847
9900
7951
9237
9817
9125
12405
10162
8240
7690
10293
9144
10103
8987
8799
7879
8811
8591
8845
8689
9652
9044
9012
9405
8772
10486
8877
8634
9108
7625
7910
9436
8679
8964
10604
8938
9147
7267
8774
8898
9051
8836
7916
7770
7563
7673
8091
8188
8757
9417
8495
7347
8336
8455
9352
8493
6838
9516
8222
8378
8242
9155
7878
7044
8405
8408
7890
8131
7937
7925
8131
6494
9325
7635
8458
10190
7570
8282
7396
8475
8945
8673
6762
7992
7935
6916
6880
7701
7892
6914
8715
7789
7839
6573
8231
9545
7481
7362
6975
7376
8481
8818
7626
10412
8015
7357
7022
7117
7073
11649
6969
7455
7688
8073
7464
6998
7070
8622
7242
8251
7709
7264
6343
7344
7735
8133
7349
6615
8133
7043
6946
8566
6035
6737
7547
6882
6908
8797
8571
6815
6741
7206
7226
6469
15875
7545
7161
6485
5942
7837
6048
6601
6357
6892
6512
6863
6753
7065
7216
7439
7903
5623
5434
5640
6572
6946
7033
6765
6709
6238
6638
7129
8171
6277
7047
6515
5757
6575
6861
6050
6648
6639
5919
6592
6738
6251
13676
5368
