-83825.25
-137254.5
-100475.25
-83422.75
-82954.0
-113330.0
-103304.0
-94410.5
-85728.0
-99929.25
-149252.0
-125814.25
-136589.0
-116916.0
-101461.0
-108656.75
-69751.25
-94784.75
-99514.25
-77364.0
-108882.0
-109563.5
-97459.0
-88571.25
-78802.75
-73292.25
-107207.5
-100378.75
-70632.5
-124988.5
-89875.75
-88348.75
-96364.5
-97473.25
-90109.0
-86086.0
-93013.75
-97019.0
-99363.75
-118514.75
-85363.0
-89637.25
-92352.25
-109849.5
-83787.75
-62374.0
-73704.25
-83441.0
-79945.5
-77654.0
-101958.75
-81280.25
-86436.75
-85955.25
-83651.0
-73404.5
-91390.75
-93002.75
-75031.25
-85488.75
-76452.0
-73482.75
-82547.0
-78774.75
-76347.75
-82761.0
-84992.75
-82655.0
-80549.5
-69830.0
-106958.75
-71984.0
-87757.75
-106065.5
-73387.5
-105741.75
-68291.75
-78219.5
-87603.25
-90079.0
-79439.75
-99584.75
-74279.25
-77527.0
-55612.25
-73167.0
-58118.0
-63426.75
-77484.0
-83819.75
-73195.5
-81353.0
-72434.75
-69990.5
-79640.25
-93986.25
-87545.0
-75586.75
-75267.0
-74325.5
-78218.25
-69514.5
-63195.0
-61503.0
-82238.5
-76700.75
-77815.25
-68096.0
-78913.25
-88725.5
-71075.75
-72807.0
-88756.25
-64701.75
-66137.75
-80998.0
-81691.5
-86551.5
-70998.0
-82815.25
-63966.75
-81455.25
-63787.5
-71717.25
-72070.75
-65777.25
-72676.25
-68150.25
-72947.5
-57894.0
-69917.25
-62292.25
-71470.5
-65976.25
-68220.25
-66914.0
-62648.0
-56836.25
-66779.75
-62873.75
-63832.75
-65382.5
-69863.75
-77998.5
-55292.25
-55619.5
-61215.0
-63992.5
-72111.5
-84199.75
-79245.25
-70700.0
-67100.0
-71079.0
-74132.0
-73471.0
-74901.5
-55822.75
-54858.0
-56502.75
-67826.5
-66137.75
-57772.75
-47834.25
-60633.5
-74158.0
-62314.0
-57829.75
-61053.0
-62359.75
-62457.5
-63764.25
-46954.75
-63602.5
-75841.0
-56444.5
-61286.75
-61735.0
-55960.5
-65041.75
-63366.0
-59501.5
-55740.5
-56057.0
-66307.25
-80983.5
-43858.75
-52710.0
-63199.0
-69029.0
-52344.75
-52162.5
-59635.0
-52392.0
-62440.75
-56291.0
-50880.75
-49292.25
-55007.5
-63383.25
-57206.25
-66363.5
-69574.0
-53362.25
-58012.0
-56307.5
-42628.75
-54691.75
-43427.5
-46974.75
-49988.75
-50478.0
-60175.25
-48331.0
-58757.5
-52116.25
-59919.75
-55115.0
-63458.75
-53887.25
-41683.25
-42716.5
-42759.75
-41165.0
-47835.75
-43949.5
-41893.5
-46702.0
-48689.0
-53648.25
-51901.25
-42191.75
-46575.75
-39293.0
-54520.75
-40363.5
-47859.0
-48068.25
-44774.5
-56193.75
-56689.75
-51860.25
-59324.25
-43033.0
-50708.0
-41691.75
-46418.5
-46509.25
-49863.0
-58148.5
-53639.25
-54847.75
-49099.75
-51787.0
-46686.25
-46388.25
-46910.25
-51117.25
-47277.5
-53034.5
-45917.75
-50484.25
-51465.25
-42074.25
-39640.75
-40541.75
-48137.75
-40879.75
-38135.75
-46178.25
-42728.25
-41494.5
-49980.75
-45568.5
-45999.75
-51758.0
-39427.0
-40640.25
-46521.25
-37571.25
-56826.75
-53228.75
-43014.25
-42312.5
-41645.25
-45780.75
-43075.5
-41662.75
-49130.0
-41923.75
-50153.5
-54930.0
-41519.25
-42869.5
-36664.0
-40982.25
-48485.25
-37568.75
-39411.0
-41165.5
-44334.5
-41443.25
-41658.75
-39036.0
-41151.5
-35365.0
-35313.0
-43926.5
-35645.5
-46188.0
-37959.75
-38420.75
-36752.0
-45615.25
-50895.75
-33714.25
-35871.25
-52752.5
-52343.0
-43582.25
-41350.75
-31356.0
-38405.75
-50863.25
-38929.25
-45560.25
-46931.25
-47766.0
-53100.0
-38264.5
-45827.5
-35891.5
-38220.0
-42828.5
-44249.5
-48707.5
-36652.75
-35202.75
-37344.5
-34221.75
-33208.75
-40096.75
-34269.5
-40277.75
-35792.75
-38886.5
-40633.0
-39415.75
-45484.0
-42570.25
-33076.25
-39546.25
-39549.25
-39258.5
-34004.5
-42113.25
-40951.5
-42742.5
-33506.25
-37299.75
-42293.25
-31531.75
-37065.25
-38047.75
-38349.75
-44295.25
-44982.5
-40220.75
-40669.75
-44589.5
-38035.25
-47376.0
-30987.0
-38711.75
-43246.5
-31625.25
-35954.5
-38672.5
-33322.25
-35240.0
-49140.0
-36198.75
-41570.25
-33045.5
-40892.0
-35114.25
-37460.75
-30664.5
-33457.25
-38909.0
-43075.25
-45941.25
-33216.0
-28107.0
-40286.75
-25551.75
-31104.25
-35842.0
-29397.75
-45116.75
-35205.5
-34827.0
-25640.75
-31456.0
-30867.5
-24846.5
-37659.25
-48617.5
-35595.5
-31739.25
-30959.75
-30817.0
-32056.75
-33469.25
-34659.25
-30694.0
-28712.75
-27948.0
-39961.75
-32187.75
-30914.0
-40117.75
-32007.75
-32089.75
-27665.0
-40404.25
-30562.5
-32333.25
-29134.5
-37796.25
-31577.0
-39762.0
-32456.0
-44232.5
-33457.75
-29415.75
-34651.0
-37290.75
-34081.0
-32486.25
-34111.75
-29484.75
-27262.0
-33692.75
-28730.75
-28624.0
-32950.75
-39009.25
-36348.0
-22447.5
-40859.5
-26541.25
-31770.75
-30554.0
-25800.0
-35208.0
-27907.5
-32700.0
-35324.75
-36810.0
-29486.5
-28614.0
-30892.0
-31725.25
-34856.25
-23736.0
-29901.25
-26397.5
-27065.5
-31908.0
-23457.25
-33691.25
-25861.75
-31937.0
-31455.25
-23070.25
-29404.25
-25304.25
-31251.0
-31262.5
-26645.75
-24472.25
-35761.5
-27665.0
-47453.75
-27544.75
-24137.5
-26320.75
-31999.0
-27697.75
-24560.25
-30844.5
-37475.75
-27990.25
-29363.25
-37929.75
-35576.5
-27063.5
-34023.75
-33345.25
-31575.25
-24730.0
-30239.0
-31918.5
-24533.0
-34686.0
-31277.75
-27449.0
-25799.25
-27350.5
-29215.75
-22317.0
-27529.0
-34609.25
-26501.0
-31346.5
-29857.0
-23814.5
-22546.0
-21427.5
-29179.0
-28924.5
-38010.25
-54083.5
-24940.0
-27428.25
-27785.5
-26121.25
-27696.25
-26206.25
-24483.5
-27233.25
-25176.0
-20273.25
-23039.0
-24930.5
-28353.5
-25366.25
-22028.5
-23425.75
-26401.75
-25766.25
-22078.5
-24143.5
-27605.25
-22435.0
-21330.5
-31370.0
-20361.5
-27555.5
-25549.75
-27704.0
-34603.0
-25068.0
-27620.5
-24659.5
-34529.75
-26199.5
-29604.5
-23925.75
-19370.75
-27169.0
-22491.5
-22297.25
-36303.0
-21921.5
-26397.5
-24362.5
-23224.75
-21354.75
-27124.75
-21222.5
-28305.75
-23051.0
-25323.75
-26460.5
-22321.25
-24714.75
-20786.25
-24632.5
-216634.5
-16943.75
-29807.5
-23056.25
-23741.5
-18412.0
-43713.5
-25861.0
-23347.25
-19212.75
-25759.75
-22009.0
-28461.0
-25570.0
-23623.75
-178636.5
-18998.0
-26794.0
-23741.75
-30964.0
