19665
32957
26367
23420
22590
26316
30244
26720
22816
31005
36563
32395
45631
31309
28532
24787
20303
22470
27705
22290
26552
23090
22889
21981
25344
21080
26641
22240
25496
34967
18873
25311
22125
23537
22250
22811
23052
23212
28641
30109
23911
23522
21689
26421
21965
19798
22086
22851
23231
21815
25470
22051
22837
21737
24810
20233
23278
26222
17806
23070
20750
18569
20516
23411
19377
22573
20309
23977
19156
18350
22968
22350
23096
22936
19468
26899
18719
17809
20578
21627
22094
22735
16226
20237
15763
19946
18610
19014
20907
17743
20880
20165
20121
19269
23478
23339
20491
18126
22786
17314
20013
20529
19674
15464
21836
17008
21280
20612
20221
23448
17764
19777
24195
19739
18597
22442
16480
20876
18010
19963
18137
23474
19023
17742
24464
19740
19034
18263
17320
18293
17787
17109
18573
16958
19934
19498
16476
16624
17076
16467
19383
17355
18652
19956
17417
18162
19006
17634
17907
17929
21815
16581
15784
17925
17982
17092
19568
15064
16230
14933
22567
17968
16790
13755
15433
17079
15578
17464
17669
17482
17714
19338
15373
16266
19408
15785
16519
16640
15519
16893
16923
16762
13674
14443
18692
23837
14001
15110
17139
15657
16855
16453
18604
15927
18038
15927
15684
14527
16506
17820
15001
18760
19210
13484
15807
17684
11924
15752
13874
13447
13129
14318
15532
14637
15026
15493
15943
14561
17596
15456
11552
13637
12446
13806
15356
13480
12796
11258
12524
13689
13624
13125
12553
13035
14281
12555
14075
12356
11138
14464
12739
12544
14212
12167
14696
13042
13445
12958
12882
14340
12814
13283
12891
13073
16389
12965
12319
14688
11973
15953
13161
14094
11115
11944
12576
11304
12045
11503
11170
13758
11899
12114
15095
13268
12261
12638
14185
11382
10174
12370
14360
12505
12843
13399
11149
11170
12305
11275
11825
12929
14389
14182
11425
11747
10907
12311
12051
11754
10744
10670
12000
11257
11300
11207
11361
11510
10983
10387
11286
11418
11673
11027
10198
12327
12379
10701
11277
11493
11415
11647
11022
10151
10758
11478
10880
11337
13430
12736
11839
11027
11094
10410
11009
13133
10680
11492
10669
10652
11356
10588
10173
10530
9533
10945
10304
11059
9986
11367
11239
10634
9305
11450
11425
10490
10044
11098
10636
9153
9641
10084
11328
10948
9384
10455
10796
10276
10954
10746
10242
9975
10191
12469
10243
9369
10660
9243
10961
10424
9671
10771
11251
9945
10935
10726
9961
10375
10664
8204
9989
9670
10726
11334
8851
8283
11962
7851
8579
8405
8611
11974
9575
10560
8748
10154
9719
8793
11031
9454
9722
9593
8987
8825
9357
9787
10645
10055
8901
9920
9579
7770
8470
10749
9869
9411
8223
9512
8863
9233
8780
9375
8614
9529
8017
9513
8263
8196
8814
9004
8101
10514
9024
8921
7757
10079
9188
8865
8216
8960
9115
8319
10208
8971
7645
8621
8358
9600
7906
9812
9577
9431
8532
8487
7515
9920
8705
7426
7354
7158
8246
9278
7360
8610
7938
9065
8446
8389
8621
7606
9228
7367
7825
7833
8401
9138
13830
7869
7664
6951
8227
8243
7385
9558
7965
7282
9355
8583
9337
6782
8283
7034
7627
8689
8089
7520
7886
8470
7465
8867
7697
8854
8004
6377
7914
8361
6305
6961
7683
7097
7281
7148
9178
7837
8885
15264
7827
7409
7296
7645
8268
7468
7458
8266
6599
6126
6660
7220
7227
6718
6513
7543
6407
7058
6836
6373
8356
7696
7262
6830
7123
7725
7508
6965
7318
7414
7314
7711
6960
6551
6799
7513
6778
6549
7116
7467
8246
6851
7233
7872
7167
5708
7486
6984
9670
8835
7799
7787
7106
7693
6292
6182
80025
5276
6366
6446
7377
5490
14738
6252
7574
7189
7577
6793
6758
7472
7015
70320
5722
7811
6645
9700
