3.6416666666666666
6.103148148148148
4.882777777777778
4.337037037037037
4.183333333333334
4.873333333333333
5.600740740740741
4.948148148148148
4.225185185185185
5.741666666666666
6.770925925925926
5.999074074074074
8.450185185185186
5.797962962962963
5.283703703703703
4.590185185185185
3.7598148148148147
4.161111111111111
5.1305555555555555
4.127777777777778
4.917037037037037
4.275925925925926
4.238703703703703
4.070555555555556
4.693333333333333
3.903703703703704
4.933518518518518
4.118518518518519
4.721481481481481
6.475370370370371
3.495
4.687222222222222
4.097222222222222
4.3587037037037035
4.12037037037037
4.224259259259259
4.268888888888889
4.298518518518518
5.303888888888889
5.57574074074074
4.427962962962963
4.355925925925926
4.016481481481481
4.892777777777778
4.067592592592592
3.6662962962962964
4.09
4.2316666666666665
4.302037037037037
4.0398148148148145
4.716666666666667
4.0835185185185185
4.229074074074074
4.0253703703703705
4.594444444444444
3.7468518518518517
4.310740740740741
4.855925925925926
3.2974074074074076
4.272222222222222
3.8425925925925926
3.4387037037037036
3.799259259259259
4.33537037037037
3.5883333333333334
4.180185185185185
3.760925925925926
4.440185185185185
3.5474074074074076
3.3981481481481484
4.253333333333333
4.138888888888889
4.277037037037037
4.247407407407407
3.605185185185185
4.981296296296296
3.4664814814814813
3.2979629629629628
3.8107407407407408
4.005
4.091481481481481
4.2101851851851855
3.004814814814815
3.747592592592593
2.919074074074074
3.6937037037037035
3.446296296296296
3.5211111111111113
3.8716666666666666
3.285740740740741
3.8666666666666667
3.734259259259259
3.726111111111111
3.5683333333333334
4.347777777777778
4.322037037037037
3.79462962962963
3.3566666666666665
4.21962962962963
3.2062962962962964
3.706111111111111
3.8016666666666667
3.6433333333333335
2.863703703703704
4.043703703703704
3.14962962962963
3.9407407407407407
3.817037037037037
3.7446296296296295
4.342222222222222
3.2896296296296295
3.6624074074074073
4.480555555555555
3.6553703703703704
3.443888888888889
4.155925925925926
3.051851851851852
3.865925925925926
3.335185185185185
3.696851851851852
3.3587037037037035
4.347037037037037
3.522777777777778
3.2855555555555553
4.53037037037037
3.6555555555555554
3.524814814814815
3.382037037037037
3.2074074074074073
3.3875925925925925
3.293888888888889
3.1683333333333334
3.4394444444444443
3.1403703703703703
3.6914814814814814
3.6107407407407406
3.051111111111111
3.0785185185185187
3.1622222222222223
3.0494444444444446
3.5894444444444447
3.213888888888889
3.454074074074074
3.6955555555555555
3.22537037037037
3.3633333333333333
3.5196296296296294
3.2655555555555558
3.3161111111111112
3.3201851851851854
4.0398148148148145
3.0705555555555555
2.9229629629629628
3.3194444444444446
3.33
3.165185185185185
3.6237037037037036
2.7896296296296295
3.0055555555555555
2.7653703703703703
4.179074074074074
3.3274074074074074
3.109259259259259
2.547222222222222
2.857962962962963
3.162777777777778
2.8848148148148147
3.234074074074074
3.272037037037037
3.2374074074074075
3.2803703703703704
3.581111111111111
2.8468518518518517
3.0122222222222224
3.594074074074074
2.9231481481481483
3.0590740740740743
3.0814814814814815
2.8738888888888887
3.1283333333333334
3.133888888888889
3.104074074074074
2.5322222222222224
2.6746296296296297
3.4614814814814814
4.414259259259259
2.5927777777777776
2.7981481481481483
3.173888888888889
2.8994444444444443
3.1212962962962965
3.046851851851852
3.4451851851851854
2.9494444444444445
3.3403703703703704
2.9494444444444445
2.9044444444444446
2.690185185185185
3.0566666666666666
3.3
2.7779629629629627
3.474074074074074
3.5574074074074074
2.497037037037037
2.9272222222222224
3.274814814814815
2.208148148148148
2.917037037037037
2.569259259259259
2.4901851851851853
2.4312962962962965
2.6514814814814813
2.8762962962962964
2.7105555555555556
2.7825925925925925
2.869074074074074
2.9524074074074074
2.6964814814814817
3.2585185185185184
2.862222222222222
2.1392592592592594
2.5253703703703705
2.3048148148148146
2.5566666666666666
2.843703703703704
2.4962962962962965
2.3696296296296295
2.084814814814815
2.319259259259259
2.535
2.522962962962963
2.4305555555555554
2.3246296296296296
2.4138888888888888
2.6446296296296294
2.325
2.6064814814814814
2.288148148148148
2.0625925925925928
2.6785185185185183
2.359074074074074
2.322962962962963
2.631851851851852
2.2531481481481483
2.7214814814814816
2.415185185185185
2.4898148148148147
2.39962962962963
2.3855555555555554
2.6555555555555554
2.372962962962963
2.459814814814815
2.3872222222222224
2.420925925925926
3.035
2.400925925925926
2.281296296296296
2.72
2.2172222222222224
2.9542592592592594
2.437222222222222
2.61
2.058333333333333
2.211851851851852
2.328888888888889
2.0933333333333333
2.2305555555555556
2.1301851851851854
2.0685185185185184
2.5477777777777777
2.2035185185185187
2.243333333333333
2.7953703703703705
2.457037037037037
2.2705555555555557
2.3403703703703704
2.626851851851852
2.1077777777777778
1.884074074074074
2.2907407407407407
2.6592592592592594
2.3157407407407407
2.3783333333333334
2.4812962962962963
2.06462962962963
2.0685185185185184
2.278703703703704
2.087962962962963
2.189814814814815
2.3942592592592593
2.6646296296296295
2.6262962962962964
2.115740740740741
2.1753703703703704
2.019814814814815
2.2798148148148147
2.2316666666666665
2.1766666666666667
1.9896296296296296
1.9759259259259259
2.2222222222222223
2.08462962962963
2.0925925925925926
2.0753703703703703
2.1038888888888887
2.1314814814814813
2.033888888888889
1.9235185185185186
2.09
2.1144444444444446
2.1616666666666666
2.042037037037037
1.8885185185185185
2.2827777777777776
2.2924074074074072
1.9816666666666667
2.0883333333333334
2.1283333333333334
2.113888888888889
2.156851851851852
2.0411111111111113
1.8798148148148148
1.9922222222222221
2.1255555555555556
2.0148148148148146
2.0994444444444444
2.487037037037037
2.3585185185185185
2.1924074074074076
2.042037037037037
2.0544444444444445
1.9277777777777778
2.0387037037037037
2.432037037037037
1.9777777777777779
2.1281481481481483
1.9757407407407408
1.9725925925925927
2.102962962962963
1.9607407407407407
1.883888888888889
1.95
1.7653703703703705
2.026851851851852
1.9081481481481481
2.0479629629629628
1.8492592592592592
2.105
2.0812962962962964
1.9692592592592593
1.723148148148148
2.1203703703703702
2.115740740740741
1.9425925925925926
1.86
2.0551851851851852
1.9696296296296296
1.695
1.7853703703703703
1.8674074074074074
2.097777777777778
2.0274074074074075
1.7377777777777779
1.9361111111111111
1.9992592592592593
1.902962962962963
2.0285185185185184
1.99
1.8966666666666667
1.8472222222222223
1.8872222222222221
2.3090740740740743
1.8968518518518518
1.735
1.974074074074074
1.7116666666666667
2.0298148148148147
1.9303703703703703
1.790925925925926
1.9946296296296295
2.0835185185185185
1.8416666666666666
2.025
1.9862962962962962
1.8446296296296296
1.9212962962962963
1.9748148148148148
1.5192592592592593
1.8498148148148148
1.7907407407407407
1.9862962962962962
2.098888888888889
1.6390740740740741
1.5338888888888889
2.2151851851851854
1.4538888888888888
1.5887037037037037
1.5564814814814816
1.5946296296296296
2.2174074074074075
1.7731481481481481
1.9555555555555555
1.62
1.8803703703703705
1.7998148148148148
1.6283333333333334
2.042777777777778
1.7507407407407407
1.8003703703703704
1.7764814814814816
1.6642592592592593
1.6342592592592593
1.7327777777777778
1.8124074074074075
1.9712962962962963
1.862037037037037
1.6483333333333334
1.837037037037037
1.7738888888888888
1.4388888888888889
1.5685185185185184
1.9905555555555556
1.8275925925925927
1.7427777777777778
1.5227777777777778
1.7614814814814814
1.6412962962962963
1.709814814814815
1.625925925925926
1.7361111111111112
1.5951851851851853
1.7646296296296295
1.4846296296296295
1.7616666666666667
1.530185185185185
1.5177777777777777
1.6322222222222222
1.6674074074074074
1.5001851851851853
1.9470370370370371
1.6711111111111112
1.652037037037037
1.4364814814814815
1.8664814814814814
1.7014814814814814
1.6416666666666666
1.5214814814814814
1.6592592592592592
1.6879629629629629
1.5405555555555555
1.8903703703703705
1.6612962962962963
1.4157407407407407
1.5964814814814814
1.5477777777777777
1.7777777777777777
1.464074074074074
1.817037037037037
1.7735185185185185
1.7464814814814815
1.58
1.5716666666666668
1.3916666666666666
1.837037037037037
1.612037037037037
1.3751851851851853
1.3618518518518519
1.3255555555555556
1.527037037037037
1.7181481481481482
1.362962962962963
1.5944444444444446
1.47
1.6787037037037038
1.5640740740740742
1.5535185185185185
1.5964814814814814
1.4085185185185185
1.708888888888889
1.3642592592592593
1.4490740740740742
1.4505555555555556
1.5557407407407406
1.6922222222222223
2.561111111111111
1.4572222222222222
1.4192592592592592
1.2872222222222223
1.5235185185185185
1.5264814814814816
1.3675925925925927
1.77
1.475
1.3485185185185184
1.7324074074074074
1.5894444444444444
1.729074074074074
1.255925925925926
1.5338888888888889
1.3025925925925925
1.4124074074074073
1.609074074074074
1.497962962962963
1.3925925925925926
1.4603703703703703
1.5685185185185184
1.3824074074074073
1.642037037037037
1.4253703703703704
1.6396296296296295
1.4822222222222223
1.180925925925926
1.4655555555555555
1.5483333333333333
1.1675925925925925
1.289074074074074
1.4227777777777777
1.3142592592592592
1.3483333333333334
1.3237037037037036
1.6996296296296296
1.4512962962962963
1.6453703703703704
2.8266666666666667
1.4494444444444445
1.372037037037037
1.3511111111111112
1.4157407407407407
1.531111111111111
1.382962962962963
1.3811111111111112
1.5307407407407407
1.222037037037037
1.1344444444444444
1.2333333333333334
1.337037037037037
1.3383333333333334
1.244074074074074
1.2061111111111111
1.3968518518518518
1.1864814814814815
1.307037037037037
1.265925925925926
1.1801851851851852
1.5474074074074073
1.425185185185185
1.344814814814815
1.2648148148148148
1.319074074074074
1.4305555555555556
1.3903703703703705
1.2898148148148147
1.3551851851851853
1.372962962962963
1.3544444444444443
1.4279629629629629
1.288888888888889
1.213148148148148
1.259074074074074
1.3912962962962963
1.2551851851851852
1.2127777777777777
1.3177777777777777
1.3827777777777779
1.527037037037037
1.2687037037037037
1.3394444444444444
1.4577777777777778
1.3272222222222223
1.057037037037037
1.3862962962962964
1.2933333333333332
1.7907407407407407
1.636111111111111
1.4442592592592594
1.442037037037037
1.315925925925926
1.4246296296296297
1.165185185185185
1.1448148148148147
14.819444444444445
0.977037037037037
1.1788888888888889
1.1937037037037037
1.366111111111111
1.0166666666666666
2.7292592592592593
1.1577777777777778
1.4025925925925926
1.3312962962962962
1.4031481481481483
1.257962962962963
1.2514814814814814
1.3837037037037037
1.299074074074074
13.022222222222222
1.0596296296296297
1.4464814814814815
1.2305555555555556
1.7962962962962963
