3.709074074074074
4.339074074074074
4.128703703703704
4.309074074074074
4.503148148148148
5.308148148148148
5.007962962962963
4.486111111111111
3.8335185185185185
4.889444444444444
5.912962962962963
6.179074074074074
5.399444444444445
4.862222222222222
4.729074074074074
5.694629629629629
4.372962962962963
5.390925925925926
4.501666666666667
4.058888888888889
4.668148148148148
4.395555555555555
4.394629629629629
4.659259259259259
3.5664814814814814
4.54462962962963
5.027037037037037
4.667037037037037
3.8905555555555558
4.210555555555556
5.677222222222222
4.805
3.955925925925926
5.847962962962963
4.264444444444444
4.132592592592593
3.851111111111111
5.288333333333333
3.651111111111111
3.636851851851852
4.1685185185185185
3.988888888888889
5.650740740740741
5.435555555555555
4.142777777777778
4.183518518518518
4.34462962962963
3.7466666666666666
4.086481481481481
4.161296296296296
3.8627777777777776
4.318148148148148
3.718703703703704
4.073888888888889
3.950925925925926
3.8644444444444446
4.333148148148148
3.6166666666666667
4.4618518518518515
3.6222222222222222
3.9705555555555554
3.8014814814814817
4.1561111111111115
3.6083333333333334
3.759259259259259
4.284259259259259
3.475740740740741
3.68
4.457037037037037
3.1837037037037037
5.148333333333333
3.3935185185185186
4.155925925925926
4.556851851851852
3.5175925925925924
4.167777777777777
3.598148148148148
4.011851851851852
3.832037037037037
3.9338888888888888
3.1481481481481484
3.8796296296296298
3.475740740740741
3.4785185185185186
3.5144444444444445
3.546666666666667
3.8248148148148147
4.051666666666667
3.399074074074074
3.8153703703703705
3.9837037037037035
3.883703703703704
3.023888888888889
3.642037037037037
3.2146296296296297
3.6424074074074073
3.1555555555555554
4.488148148148148
3.256851851851852
3.7198148148148147
3.297222222222222
3.185185185185185
3.1585185185185187
4.225740740740741
3.3124074074074072
3.77462962962963
3.419814814814815
3.232037037037037
3.529259259259259
3.1038888888888887
4.0562962962962965
3.431111111111111
2.8827777777777777
3.3853703703703704
3.2075925925925928
3.4475925925925925
4.363888888888889
3.7975925925925926
3.346296296296296
3.992037037037037
4.311111111111111
3.272407407407407
3.1259259259259258
3.411111111111111
3.230185185185185
3.303148148148148
3.0225925925925927
3.329074074074074
3.3275925925925924
3.183333333333333
3.415185185185185
3.2424074074074074
3.3
3.0614814814814815
3.214259259259259
3.1283333333333334
3.1529629629629627
3.2824074074074074
3.2514814814814814
3.064814814814815
2.665185185185185
3.434814814814815
2.9274074074074075
2.6005555555555557
2.8564814814814814
3.0457407407407406
2.4411111111111112
2.7288888888888887
3.475
3.84
2.8781481481481483
3.6392592592592594
3.024814814814815
3.096111111111111
2.968703703703704
2.792962962962963
2.781111111111111
3.113888888888889
2.953148148148148
3.0566666666666666
3.102222222222222
2.7981481481481483
3.1112962962962962
2.5407407407407407
2.9064814814814817
2.97962962962963
3.2325925925925927
3.041851851851852
3.1577777777777776
3.3133333333333335
3.4035185185185184
2.9203703703703705
2.745
3.1705555555555556
3.6422222222222222
2.850925925925926
2.341296296296296
2.847962962962963
2.6574074074074074
2.597777777777778
3.1440740740740742
2.4962962962962965
2.6635185185185186
2.631666666666667
2.964074074074074
2.6392592592592594
3.196296296296296
2.548888888888889
2.5366666666666666
3.1012962962962964
2.546851851851852
2.655925925925926
2.524259259259259
3.3407407407407406
2.8733333333333335
2.5462962962962963
2.387037037037037
3.151666666666667
2.365
2.748148148148148
2.9592592592592593
2.7244444444444444
2.4788888888888887
2.653888888888889
3.036111111111111
2.939814814814815
2.5746296296296296
2.49
3.0475925925925926
2.813888888888889
2.7527777777777778
2.8655555555555554
2.8062962962962965
2.5568518518518517
3.2925925925925927
2.582037037037037
2.3224074074074075
2.459074074074074
2.805
2.3324074074074073
2.342962962962963
2.537037037037037
2.1798148148148146
2.3042592592592595
2.6261111111111113
2.627407407407407
2.274074074074074
2.5485185185185184
2.81037037037037
2.935185185185185
2.3474074074074074
2.4183333333333334
2.4466666666666668
2.367037037037037
2.0855555555555556
2.0411111111111113
2.6005555555555557
2.589074074074074
2.3975925925925927
2.380925925925926
2.566851851851852
2.2862962962962965
2.271851851851852
2.491111111111111
2.225740740740741
2.033888888888889
2.212962962962963
2.154259259259259
2.361111111111111
2.183148148148148
2.367037037037037
2.839074074074074
2.420925925925926
2.5572222222222223
2.129259259259259
2.1844444444444444
2.8874074074074074
2.3612962962962962
2.2814814814814817
2.337962962962963
2.446851851851852
2.3046296296296296
2.9235185185185184
2.198888888888889
2.151666666666667
2.3107407407407408
1.961851851851852
2.370925925925926
2.0862962962962963
2.683148148148148
2.387037037037037
2.2925925925925927
2.2624074074074074
2.072037037037037
1.8366666666666667
2.2646296296296295
1.8781481481481481
2.2496296296296294
2.6387037037037038
2.0661111111111112
2.4914814814814816
2.153888888888889
2.1461111111111113
2.0366666666666666
2.309814814814815
2.3075925925925924
2.487962962962963
2.4048148148148147
3.218888888888889
2.182777777777778
2.3775925925925927
1.9285185185185185
2.4651851851851854
2.497962962962963
2.0944444444444446
1.9505555555555556
2.267777777777778
2.308148148148148
2.397407407407407
2.150925925925926
2.171851851851852
1.971111111111111
2.0933333333333333
2.1446296296296294
1.895925925925926
2.002407407407407
2.332962962962963
2.2405555555555554
2.035740740740741
1.5962962962962963
2.030925925925926
2.0881481481481483
2.14962962962963
1.7135185185185184
2.1281481481481483
2.025185185185185
1.9838888888888888
2.190185185185185
2.686851851851852
2.178148148148148
2.2544444444444443
1.9192592592592592
2.196296296296296
1.7735185185185185
2.064814814814815
1.8592592592592592
1.9451851851851851
2.0225925925925927
1.8477777777777777
1.799074074074074
2.1755555555555555
1.7437037037037038
2.157962962962963
1.8731481481481482
1.99
1.7366666666666666
2.3074074074074074
2.0322222222222224
2.0301851851851853
2.038148148148148
1.981111111111111
2.2509259259259258
1.8309259259259258
1.8555555555555556
2.180740740740741
2.0085185185185184
2.276851851851852
2.006851851851852
2.3005555555555555
2.007962962962963
2.218888888888889
2.2962962962962963
2.018148148148148
1.921851851851852
2.0081481481481482
1.642037037037037
1.767037037037037
2.013333333333333
1.8533333333333333
2.093888888888889
2.102962962962963
1.817037037037037
1.8488888888888888
1.8314814814814815
1.7422222222222221
2.06
2.147037037037037
1.9125925925925926
2.109814814814815
2.1224074074074073
1.9105555555555556
1.7627777777777778
1.9437037037037037
2.855
2.187777777777778
1.730925925925926
1.6657407407407407
1.9177777777777778
1.8653703703703703
1.7653703703703705
1.9555555555555555
2.0433333333333334
1.8925925925925926
1.748888888888889
1.7722222222222221
1.9033333333333333
1.701111111111111
1.9105555555555556
1.8616666666666666
1.9453703703703704
2.0094444444444446
1.6846296296296297
1.8853703703703704
1.558888888888889
2.121111111111111
1.8598148148148148
1.9738888888888888
1.9081481481481481
1.6690740740740742
1.9085185185185185
2.1203703703703702
1.9762962962962962
1.7214814814814814
1.5788888888888888
1.8144444444444445
1.8053703703703703
1.670925925925926
2.037037037037037
1.7466666666666666
1.8577777777777778
1.8418518518518519
1.6968518518518518
1.8235185185185185
1.8333333333333333
1.4724074074074074
1.7105555555555556
1.817962962962963
1.6898148148148149
2.297222222222222
1.8818518518518519
1.525925925925926
1.424074074074074
1.906111111111111
1.6933333333333334
1.8709259259259259
1.6642592592592593
1.6294444444444445
1.459074074074074
1.6316666666666666
1.5909259259259259
1.637962962962963
1.609074074074074
1.7874074074074073
1.6748148148148148
1.6688888888888889
1.7416666666666667
1.6244444444444444
1.941851851851852
1.643888888888889
1.5988888888888888
1.6866666666666668
1.412037037037037
1.4648148148148148
1.7474074074074073
1.6072222222222223
1.66
1.9637037037037037
1.655185185185185
1.693888888888889
1.3457407407407407
1.6248148148148147
1.6477777777777778
1.676111111111111
1.6362962962962964
1.4659259259259259
1.4388888888888889
1.4005555555555556
1.420925925925926
1.4983333333333333
1.5162962962962963
1.6216666666666666
1.7438888888888888
1.5731481481481482
1.3605555555555555
1.5437037037037038
1.5657407407407407
1.7318518518518518
1.5727777777777778
1.2662962962962963
1.7622222222222221
1.5225925925925925
1.5514814814814815
1.5262962962962963
1.6953703703703704
1.458888888888889
1.3044444444444445
1.5564814814814816
1.557037037037037
1.461111111111111
1.5057407407407408
1.469814814814815
1.4675925925925926
1.5057407407407408
1.2025925925925927
1.7268518518518519
1.413888888888889
1.5662962962962963
1.887037037037037
1.401851851851852
1.5337037037037038
1.3696296296296295
1.5694444444444444
1.6564814814814814
1.606111111111111
1.2522222222222221
1.48
1.4694444444444446
1.2807407407407407
1.2740740740740741
1.426111111111111
1.4614814814814814
1.2803703703703704
1.613888888888889
1.4424074074074074
1.4516666666666667
1.2172222222222222
1.5242592592592592
1.7675925925925926
1.3853703703703704
1.3633333333333333
1.2916666666666667
1.365925925925926
1.5705555555555555
1.632962962962963
1.4122222222222223
1.9281481481481482
1.4842592592592592
1.3624074074074075
1.3003703703703704
1.317962962962963
1.3098148148148148
2.1572222222222224
1.2905555555555555
1.3805555555555555
1.4237037037037037
1.495
1.3822222222222222
1.295925925925926
1.3092592592592593
1.5966666666666667
1.3411111111111111
1.527962962962963
1.4275925925925925
1.3451851851851853
1.1746296296296297
1.36
1.4324074074074074
1.5061111111111112
1.3609259259259259
1.225
1.5061111111111112
1.3042592592592592
1.2862962962962963
1.5862962962962963
1.1175925925925927
1.2475925925925926
1.3975925925925925
1.2744444444444445
1.2792592592592593
1.6290740740740741
1.5872222222222223
1.262037037037037
1.2483333333333333
1.3344444444444445
1.338148148148148
1.197962962962963
2.939814814814815
1.3972222222222221
1.326111111111111
1.200925925925926
1.1003703703703704
1.4512962962962963
1.12
1.2224074074074074
1.1772222222222222
1.2762962962962963
1.2059259259259258
1.270925925925926
1.2505555555555556
1.3083333333333333
1.3362962962962963
1.3775925925925927
1.4635185185185184
1.0412962962962964
1.0062962962962962
1.0444444444444445
1.2170370370370371
1.2862962962962963
1.3024074074074075
1.2527777777777778
1.2424074074074074
1.155185185185185
1.2292592592592593
1.3201851851851851
1.5131481481481481
1.1624074074074073
1.305
1.2064814814814815
1.066111111111111
1.2175925925925926
1.2705555555555557
1.1203703703703705
1.231111111111111
1.2294444444444443
1.096111111111111
1.2207407407407407
1.2477777777777779
1.1575925925925925
2.5325925925925925
0.9940740740740741
