8.929814814814815
6.772962962962963
7.262962962962963
7.711666666666667
5.920185185185185
8.081666666666667
7.5848148148148145
6.934259259259259
9.420555555555556
7.840740740740741
7.089074074074074
6.9709259259259255
8.387222222222222
8.687222222222223
6.946296296296296
6.942962962962963
6.466296296296297
6.283333333333333
8.176851851851852
5.818518518518519
6.475740740740741
5.695555555555556
6.325555555555556
6.141481481481481
8.716666666666667
7.304814814814815
8.08851851851852
6.115185185185185
6.5253703703703705
5.685925925925926
5.882592592592593
6.515740740740741
5.926666666666667
5.4
6.87925925925926
11.067222222222222
5.5468518518518515
5.628148148148148
5.04962962962963
7.8261111111111115
6.182592592592592
7.217407407407407
5.2407407407407405
5.089444444444444
5.773888888888889
6.614074074074074
5.711111111111111
5.527777777777778
5.090740740740741
6.363888888888889
6.216481481481481
6.479074074074074
5.275740740740741
7.15
7.116481481481482
5.276481481481482
5.57462962962963
7.605370370370371
5.767037037037037
6.569444444444445
7.870555555555556
4.913518518518519
4.895185185185185
8.254074074074074
8.567037037037037
5.581111111111111
4.760740740740741
8.302962962962964
6.989814814814815
4.75037037037037
8.922592592592592
6.235740740740741
7.209444444444444
5.604074074074074
7.1920370370370375
5.390740740740741
5.334444444444444
5.57037037037037
5.063888888888889
6.0505555555555555
4.885740740740741
6.467037037037037
7.09462962962963
5.285185185185185
7.048518518518518
6.051851851851852
5.556481481481481
5.299814814814815
5.209444444444444
5.027037037037037
6.5848148148148145
8.309444444444445
5.079259259259259
7.229259259259259
4.268888888888889
4.460925925925926
6.641666666666667
6.041666666666667
6.069444444444445
5.789074074074074
6.595
5.736111111111111
4.5868518518518515
4.556851851851852
5.027037037037037
4.9712962962962965
4.784259259259259
5.531666666666666
4.686111111111111
6.196111111111111
5.198703703703703
5.137037037037037
4.5962962962962965
5.651666666666666
4.881111111111111
4.724259259259259
5.061481481481482
6.023148148148148
4.657962962962963
5.508148148148148
4.068333333333333
5.889259259259259
5.524629629629629
5.678333333333334
6.012962962962963
4.9911111111111115
4.83462962962963
5.297592592592593
5.1087037037037035
4.637777777777778
4.399444444444445
6.047407407407407
5.592962962962963
5.730185185185185
6.491296296296296
5.96
5.238703703703703
5.198518518518519
4.188703703703704
4.316666666666666
6.683888888888889
7.013888888888889
5.0290740740740745
4.905555555555556
5.142592592592592
4.6718518518518515
5.084074074074074
4.064814814814815
4.511111111111111
4.543148148148148
6.029629629629629
4.409259259259259
4.895370370370371
4.538888888888889
4.761296296296297
4.905
4.496296296296296
4.611851851851852
5.045555555555556
4.217777777777778
5.157222222222222
4.614629629629629
4.841481481481481
5.528888888888889
4.703518518518519
5.254074074074074
4.373888888888889
4.930740740740741
5.273888888888889
4.754074074074074
5.415555555555556
4.680555555555555
4.499259259259259
4.285555555555556
4.250740740740741
4.138148148148148
4.422037037037037
5.581851851851852
4.3116666666666665
5.0616666666666665
5.315740740740741
5.958148148148148
5.069259259259259
4.893148148148148
5.928703703703704
4.398888888888889
4.171111111111111
4.360740740740741
4.197037037037037
3.88
4.508703703703704
4.672407407407407
3.7646296296296295
3.757962962962963
4.892592592592592
5.1829629629629625
4.588703703703704
5.361851851851852
5.256111111111111
5.103888888888889
6.283333333333333
4.408888888888889
3.3957407407407407
4.765370370370371
4.587407407407407
3.9451851851851854
4.178518518518518
4.577037037037037
4.84462962962963
3.6714814814814813
4.562407407407408
3.938888888888889
3.509259259259259
5.028888888888889
4.5542592592592595
4.7101851851851855
3.989259259259259
3.767037037037037
5.721481481481481
4.1883333333333335
4.1540740740740745
4.42425925925926
4.993703703703703
3.7844444444444445
4.372962962962963
4.2844444444444445
5.483148148148148
5.272037037037037
3.799074074074074
4.314814814814815
4.439444444444445
4.857037037037037
4.394259259259259
4.360925925925926
5.182592592592592
5.967037037037037
5.264444444444444
6.839444444444444
4.092777777777778
3.8635185185185184
3.754814814814815
3.7153703703703704
3.7311111111111113
3.6424074074074073
4.734629629629629
4.107407407407408
3.292962962962963
4.111851851851852
4.481296296296296
3.4811111111111113
3.7453703703703702
4.098703703703704
3.442962962962963
4.102962962962963
3.796851851851852
3.707962962962963
4.162407407407407
3.8614814814814813
3.39962962962963
3.3007407407407405
3.7642592592592594
3.4427777777777777
3.6151851851851853
3.8201851851851854
3.6205555555555557
3.7685185185185186
3.852962962962963
3.553888888888889
4.063703703703704
4.1268518518518515
3.665925925925926
3.3366666666666664
4.414444444444444
4.6561111111111115
3.5694444444444446
3.0098148148148147
2.9505555555555554
3.137962962962963
3.210185185185185
3.632222222222222
4.423518518518518
3.942222222222222
3.3468518518518517
3.1596296296296296
3.300925925925926
3.2964814814814813
4.354629629629629
3.758703703703704
3.43
3.5044444444444443
3.546851851851852
4.334074074074074
4.427407407407407
6.50037037037037
4.035925925925926
4.640740740740741
4.710740740740741
4.267777777777778
4.471851851851852
3.44
3.556111111111111
3.1144444444444446
3.0253703703703705
3.1235185185185186
3.3668518518518518
3.9229629629629628
3.44
3.3175925925925926
3.1012962962962964
4.375555555555556
4.162407407407407
3.067037037037037
3.3272222222222223
3.4603703703703705
3.0383333333333336
3.7687037037037037
3.104074074074074
2.935185185185185
2.6842592592592593
2.9138888888888888
3.2888888888888888
3.2116666666666664
3.7201851851851853
4.038703703703704
3.2690740740740742
2.815185185185185
4.640185185185185
5.159259259259259
2.953888888888889
3.331851851851852
3.4825925925925927
4.022592592592592
3.4922222222222223
3.233888888888889
3.2503703703703706
3.045185185185185
2.8377777777777777
2.907962962962963
3.345740740740741
3.2862962962962965
3.4375925925925928
3.4324074074074074
3.207037037037037
3.521851851851852
3.0698148148148148
3.017777777777778
2.5681481481481483
2.9364814814814815
3.2266666666666666
2.962222222222222
2.7594444444444446
2.7403703703703703
3.127222222222222
2.7172222222222224
3.0924074074074075
2.7907407407407407
2.6175925925925925
2.454074074074074
2.640185185185185
2.60037037037037
2.8314814814814815
3.039814814814815
2.5662962962962963
2.682777777777778
2.8007407407407405
2.662037037037037
2.9096296296296296
2.6164814814814816
3.121111111111111
2.9125925925925924
2.5296296296296297
2.450925925925926
2.58462962962963
2.6675925925925927
2.728148148148148
2.5457407407407406
2.2825925925925925
2.9374074074074072
2.670185185185185
2.823888888888889
2.4914814814814816
2.7474074074074073
2.4135185185185186
2.5279629629629627
2.5964814814814816
2.7585185185185184
2.640740740740741
2.347962962962963
2.6275925925925927
2.252222222222222
2.6674074074074072
2.564814814814815
2.553888888888889
2.6885185185185185
2.3825925925925926
2.8575925925925927
2.6735185185185184
2.457962962962963
3.0922222222222224
2.5144444444444445
2.185185185185185
2.4125925925925924
2.2655555555555558
2.266111111111111
2.3892592592592594
2.470740740740741
2.497777777777778
2.4788888888888887
2.2494444444444444
2.202777777777778
2.4792592592592593
2.539814814814815
2.4175925925925927
2.452962962962963
2.393148148148148
2.285
2.076111111111111
2.3653703703703703
2.2957407407407406
2.527222222222222
2.6422222222222222
2.4403703703703705
3.1507407407407406
2.2155555555555555
2.1418518518518517
2.347962962962963
2.4264814814814817
2.3235185185185183
2.5842592592592593
2.2964814814814813
2.6935185185185184
2.361666666666667
2.3812962962962962
2.464259259259259
2.4566666666666666
2.3581481481481483
2.183333333333333
2.201296296296296
2.028888888888889
2.332222222222222
2.2246296296296295
2.3564814814814814
2.3175925925925926
2.591666666666667
1.9366666666666668
2.2688888888888887
2.157962962962963
2.259074074074074
2.16537037037037
2.1748148148148148
2.2783333333333333
2.263333333333333
2.117962962962963
2.4453703703703704
2.3053703703703703
2.102037037037037
2.327962962962963
2.0303703703703704
2.348148148148148
2.16537037037037
2.1333333333333333
2.3596296296296297
2.1016666666666666
2.045925925925926
2.3918518518518517
2.2314814814814814
2.2696296296296294
2.125185185185185
2.18
2.3255555555555554
1.9712962962962963
2.5996296296296295
2.4446296296296297
1.9301851851851852
2.0322222222222224
2.066666666666667
2.1977777777777776
2.0305555555555554
2.1592592592592594
2.0374074074074073
2.0435185185185185
2.1825925925925924
1.9235185185185186
2.1564814814814817
2.1801851851851852
2.002962962962963
2.1596296296296296
2.0681481481481483
2.1042592592592593
2.1042592592592593
1.8222222222222222
1.852962962962963
2.098888888888889
1.9846296296296295
2.0362962962962965
2.0542592592592595
2.087037037037037
2.1214814814814815
1.920925925925926
1.9718518518518517
