48221
36574
39220
41643
31969
43641
40958
37445
50871
42340
38281
37643
45291
46911
37510
37492
34918
33930
44155
31420
34969
30756
34158
33164
47070
39446
43678
33022
35237
30704
31766
35185
32004
29160
37148
59763
29953
30392
27268
42261
33386
38974
28300
27483
31179
35716
30840
29850
27490
34365
33569
34987
28489
38610
38429
28493
30103
41069
31142
35475
42501
26533
26434
44572
46262
30138
25708
44836
37745
25652
48182
33673
38931
30262
38837
29110
28806
30080
27345
32673
26383
34922
38311
28540
38062
32680
30005
28619
28131
27146
35558
44871
27428
39038
23052
24089
35865
32625
32775
31261
35613
30975
24769
24607
27146
26845
25835
29871
25305
33459
28073
27740
24820
30519
26358
25511
27332
32525
25153
29744
21969
31802
29833
30663
32470
26952
26107
28607
27587
25044
23757
32656
30202
30943
35053
32184
28289
28072
22619
23310
36093
37875
27157
26490
27770
25228
27454
21950
24360
24533
32560
23810
26435
24510
25711
26487
24280
24904
27246
22776
27849
24919
26144
29856
25399
28372
23619
26626
28479
25672
29244
25275
24296
23142
22954
22346
23879
30142
23283
27333
28705
32174
27374
26423
32015
23754
22524
23548
22664
20952
24347
25231
20329
20293
26420
27988
24779
28954
28383
27561
33930
23808
18337
25733
24772
21304
22564
24716
26161
19826
24637
21270
18950
27156
24593
25435
21542
20342
30896
22617
22432
23891
26966
20436
23614
23136
29609
28469
20515
23300
23973
26228
23729
23549
27986
32222
28428
36933
22101
20863
20276
20063
20148
19669
25567
22180
17782
22204
24199
18798
20225
22133
18592
22156
20503
20023
22477
20852
18358
17824
20327
18591
19522
20629
19551
20350
20806
19191
21944
22285
19796
18018
23838
25143
19275
16253
15933
16945
17335
19614
23887
21288
18073
17062
17825
17801
23515
20297
18522
18924
19153
23404
23908
35102
21794
25060
25438
23046
24148
18576
19203
16818
16337
16867
18181
21184
18576
17915
16747
23628
22477
16562
17967
18686
16407
20351
16762
15850
14495
15735
17760
17343
20089
21809
17653
15202
25057
27860
15951
17992
18806
21722
18858
17463
17552
16444
15324
15703
18067
17746
18563
18535
17318
19018
16577
16296
13868
15857
17424
15996
14901
14798
16887
14673
16699
15070
14135
13252
14257
14042
15290
16415
13858
14487
15124
14375
15712
14129
16854
15728
13660
13235
13957
14405
14732
13747
12326
15862
14419
15249
13454
14836
13033
13651
14021
14896
14260
12679
14189
12162
14404
13850
13791
14518
12866
15431
14437
13273
16698
13578
11800
13028
12234
12237
12902
13342
13488
13386
12147
11895
13388
13715
13055
13246
12923
12339
11211
12773
12397
13647
14268
13178
17014
11964
11566
12679
13103
12547
13955
12401
14545
12753
12859
13307
13266
12734
11790
11887
10956
12594
12013
12725
12515
13995
10458
12252
11653
12199
11693
11744
12303
12222
11437
13205
12449
11351
12571
10964
12680
11693
11520
12742
11349
11048
12916
12050
12256
11476
11772
12558
10645
14038
13201
10423
10974
11160
11868
10965
11660
11002
11035
11786
10387
11645
11773
10816
11662
11168
11363
11363
9840
10006
11334
10717
10996
11093
11270
11456
10373
10648
