-34045.0
-22496.0
-26281.0
-29045.0
-20469.0
-28865.0
-27995.0
-24442.0
-35198.0
-29691.0
-25302.0
-25772.0
-31312.0
-33643.0
-23316.0
-24865.0
-22598.0
-22282.0
-30289.0
-19994.0
-23545.0
-19379.0
-19680.0
-21282.0
-33501.0
-26061.0
-29305.0
-21730.0
-22286.0
-19600.0
-20578.0
-22496.0
-20217.0
-18306.0
-24536.0
-39971.0
-17914.0
-19437.0
-16596.0
-26313.0
-22775.0
-26375.0
-17403.0
-18109.0
-20122.0
-23597.0
-19050.0
-19293.0
-16020.0
-21717.0
-21051.0
-23925.0
-17690.0
-26269.0
-24051.0
-17297.0
-18249.0
-27009.0
-19530.0
-23080.0
-26380.0
-16131.0
-16297.0
-31425.0
-33301.0
-18123.0
-15361.0
-31355.0
-25071.0
-14949.0
-32722.0
-22570.0
-25909.0
-19268.0
-26968.0
-17302.0
-16906.0
-19841.0
-16746.0
-21252.0
-14611.0
-22765.0
-26284.0
-16946.0
-26338.0
-19583.0
-16936.0
-16967.0
-17390.0
-15311.0
-22634.0
-30829.0
-16549.0
-24549.0
-13404.0
-14099.0
-23598.0
-20831.0
-19532.0
-19960.0
-23636.0
-17146.0
-14375.0
-14046.0
-16361.0
-14859.0
-15347.0
-17955.0
-14267.0
-20087.0
-17311.0
-17026.0
-14262.0
-20151.0
-13679.0
-14797.0
-16930.0
-19952.0
-15728.0
-18931.0
-12661.0
-20164.0
-18376.0
-19009.0
-20675.0
-16702.0
-15649.0
-16814.0
-14937.0
-14281.0
-13739.0
-18709.0
-18507.0
-20243.0
-22415.0
-19826.0
-16509.0
-16719.0
-12635.0
-12696.0
-22852.0
-26326.0
-15505.0
-15199.0
-16761.0
-14572.0
-16422.0
-11609.0
-13718.0
-14760.0
-20988.0
-13840.0
-15792.0
-14277.0
-15019.0
-15562.0
-14217.0
-14782.0
-15933.0
-13009.0
-15340.0
-14600.0
-15484.0
-18229.0
-14330.0
-17550.0
-13093.0
-15406.0
-16923.0
-14274.0
-18544.0
-14397.0
-13860.0
-12258.0
-12532.0
-11663.0
-13608.0
-15519.0
-11134.0
-16793.0
-14925.0
-18826.0
-16092.0
-13325.0
-20596.0
-13678.0
-11894.0
-12619.0
-12377.0
-11878.0
-12834.0
-14014.0
-10375.0
-10450.0
-15251.0
-16071.0
-13534.0
-15346.0
-16098.0
-16138.0
-20486.0
-13333.0
-8961.0
-15025.0
-12530.0
-11082.0
-10987.0
-13061.0
-15107.0
-10419.0
-14256.0
-11361.0
-9696.0
-15436.0
-13503.0
-14083.0
-11140.0
-10019.0
-18303.0
-12459.0
-11662.0
-13563.0
-15521.0
-9346.0
-11494.0
-13034.0
-15911.0
-17644.0
-10668.0
-12589.0
-13547.0
-14954.0
-13923.0
-13381.0
-16554.0
-19191.0
-15597.0
-22696.0
-12346.0
-9942.0
-10204.0
-10663.0
-11202.0
-10906.0
-13278.0
-12146.0
-8122.0
-11717.0
-12840.0
-8524.0
-10283.0
-11899.0
-9326.0
-11244.0
-10524.0
-9749.0
-11329.0
-11226.0
-8382.0
-8576.0
-10156.0
-9797.0
-9376.0
-10744.0
-9746.0
-10718.0
-10495.0
-9557.0
-11812.0
-12254.0
-10432.0
-7939.0
-13909.0
-14658.0
-10006.0
-7757.0
-6459.0
-7610.0
-8739.0
-10236.0
-11586.0
-10886.0
-9357.0
-8081.0
-8648.0
-8550.0
-13369.0
-10977.0
-8644.0
-9340.0
-9437.0
-12675.0
-14746.0
-22306.0
-12364.0
-15231.0
-14827.0
-12435.0
-13171.0
-8862.0
-10039.0
-9160.0
-7239.0
-8452.0
-9376.0
-9932.0
-7668.0
-8120.0
-7592.0
-13972.0
-13402.0
-8699.0
-8393.0
-9583.0
-8018.0
-8853.0
-6690.0
-7358.0
-6384.0
-7376.0
-8080.0
-8807.0
-10538.0
-11134.0
-9062.0
-6853.0
-15560.0
-17330.0
-7279.0
-9147.0
-10000.0
-11250.0
-9598.0
-8805.0
-9180.0
-7847.0
-6776.0
-7818.0
-8637.0
-9633.0
-9717.0
-9393.0
-8246.0
-7584.0
-7551.0
-7499.0
-6172.0
-6898.0
-7834.0
-6690.0
-6133.0
-6441.0
-7063.0
-5872.0
-6223.0
-6729.0
-5417.0
-4583.0
-6024.0
-5938.0
-6051.0
-7903.0
-5713.0
-5896.0
-5503.0
-5684.0
-6913.0
-5723.0
-6448.0
-5340.0
-5335.0
-5021.0
-5711.0
-5607.0
-6676.0
-5806.0
-4719.0
-5876.0
-5911.0
-6475.0
-5879.0
-5755.0
-5578.0
-5635.0
-4756.0
-7074.0
-6613.0
-4808.0
-5894.0
-4705.0
-6306.0
-5928.0
-5514.0
-5666.0
-5571.0
-5306.0
-5418.0
-4436.0
-6453.0
-4739.0
-4689.0
-5019.0
-4922.0
-4486.0
-3811.0
-5077.0
-5821.0
-4987.0
-4782.0
-4491.0
-5037.0
-5155.0
-4922.0
-4367.0
-4745.0
-3887.0
-3755.0
-5232.0
-4599.0
-4895.0
-5686.0
-4826.0
-6236.0
-4557.0
-4154.0
-4836.0
-4821.0
-4846.0
-4857.0
-4876.0
-4313.0
-4891.0
-4632.0
-4991.0
-4753.0
-4363.0
-4401.0
-4149.0
-3583.0
-4417.0
-4407.0
-3927.0
-4841.0
-4858.0
-3728.0
-3484.0
-3950.0
-4691.0
-4009.0
-3809.0
-4308.0
-4098.0
-3677.0
-4243.0
-4247.0
-3898.0
-4142.0
-3138.0
-4310.0
-3841.0
-3902.0
-4118.0
-3831.0
-3740.0
-3880.0
-3971.0
-4024.0
-3746.0
-3951.0
-4399.0
-3416.0
-4241.0
-3982.0
-3154.0
-3026.0
-3756.0
-3734.0
-3758.0
-3337.0
-3532.0
-3224.0
-3632.0
-3310.0
-4103.0
-4034.0
-3792.0
-3824.0
-3492.0
-3255.0
-3346.0
-3264.0
-3107.0
-3246.0
-3438.0
-3491.0
-3540.0
-3663.0
-3753.0
-3573.0
-3166.0
