-58
-62
-69
-63
-75
-63
-60
-61
-58
-54
-66
-54
-58
-66
-60
-55
-70
-50
-50
-56
-58
-56
-47
-64
-74
-53
-60
-62
-52
-54
-53
-67
-46
-60
-68
-60
-69
-53
-50
-63
-71
-60
-59
-54
-63
-58
-70
-73
-49
-67
-61
-56
-63
-49
-53
-58
-64
-56
-63
-60
-52
-57
-60
-57
-61
-68
-73
-62
-50
-60
-60
-62
-48
-57
-69
-61
-73
-48
-75
-61
-54
-65
-60
-75
-53
-54
-61
-58
-62
-55
-69
-66
-56
-62
-56
-68
-64
-56
-49
-58
-60
-64
-62
-58
-60
-64
-48
-73
-53
-65
-61
-80
-69
-68
-61
-68
-59
-57
-59
-57
-72
-58
-70
-64
-59
-44
-61
-58
-66
-67
-57
-67
-60
-61
-58
-52
-68
-54
-81
-65
-54
-50
-57
-57
-54
-69
-63
-60
-58
-62
-59
-58
-53
-56
-65
-63
-72
-50
-76
-61
-49
-68
-50
-68
-55
-46
-60
-50
-70
-58
-73
-66
-58
-60
-55
-80
-74
-58
-67
-58
-66
-63
-64
-49
-69
-67
-67
-74
-59
-64
-53
-65
-56
-77
-67
-69
-72
-70
-59
-71
-58
-63
-66
-76
-65
-56
-65
-66
-67
-62
-68
-60
-63
-71
-58
-59
-51
-51
-81
-56
-60
-62
-69
-65
-67
-72
-79
-59
-50
-61
-59
-49
-56
-61
-66
-71
-64
-63
-76
-73
-66
-69
-71
-86
-58
-70
-56
-66
-65
-64
-59
-62
-56
-60
-76
-79
-70
-72
-68
-52
-62
-74
-65
-79
-81
-60
-66
-70
-72
-58
-57
-77
-53
-58
-72
-69
-50
-66
-66
-75
-66
-74
-71
-67
-66
-58
-61
-76
-72
-66
-64
-62
-84
-78
-54
-64
-72
-83
-53
-61
-65
-76
-84
-68
-70
-70
-67
-52
-67
-67
-62
-70
-74
-53
-63
-64
-51
-55
-60
-48
-49
-78
-66
-72
-70
-57
-84
-67
-72
-87
-75
-68
-60
-68
-76
-79
-78
-64
-60
-72
-61
-59
-71
-67
-71
-61
-65
-57
-56
-69
-57
-62
-60
-71
-75
-68
-80
-85
-57
-69
-54
-73
-70
-95
-83
-71
-74
-73
-68
-66
-80
-57
-77
-65
-81
-91
-71
-60
-75
-69
-85
-54
-77
-77
-68
-73
-76
-69
-86
-79
-59
-66
-79
-76
-84
-60
-61
-69
-97
-85
-76
-72
-61
-76
-79
-77
-70
-82
-72
-81
-82
-89
-63
-80
-58
-74
-60
-78
-86
-66
-84
-60
-59
-75
-70
-77
-81
-73
-66
-97
