7.538703703703704
8.100185185185186
7.659074074074074
7.04962962962963
7.805740740740741
7.139074074074074
7.5162962962962965
6.467037037037037
8.2
8.438333333333333
6.906666666666666
6.624444444444444
10.555555555555555
7.565740740740741
6.833703703703704
7.754444444444444
5.980925925925926
9.387037037037038
6.889074074074074
6.270925925925926
6.1557407407407405
7.189074074074074
7.518888888888889
7.55462962962963
7.155555555555556
7.402962962962963
10.047962962962963
7.2098148148148145
8.347777777777777
7.024629629629629
9.34388888888889
10.373333333333333
9.298333333333334
8.763703703703703
8.644074074074075
7.03537037037037
5.89
8.674444444444445
7.259814814814815
8.601481481481482
8.424074074074074
7.4816666666666665
6.524259259259259
8.844074074074074
8.08
10.743703703703703
6.611666666666666
8.990370370370371
5.96962962962963
6.471481481481481
6.974444444444444
6.475185185185185
6.38462962962963
5.862222222222222
5.602962962962963
9.83462962962963
7.489629629629629
8.076851851851853
6.075925925925926
8.493518518518519
7.906666666666666
5.973518518518518
7.535925925925926
7.376296296296296
4.845370370370371
7.935185185185185
8.512962962962963
5.582407407407407
5.947222222222222
6.277592592592592
5.304444444444444
6.207407407407407
8.461481481481481
14.822962962962963
12.474074074074075
7.625
15.866666666666667
8.772037037037038
7.532592592592593
8.278148148148148
6.448518518518519
9.08388888888889
11.17537037037037
11.038703703703703
6.2481481481481485
8.770740740740742
7.600555555555555
11.700555555555555
7.061481481481482
7.329444444444444
9.235740740740741
7.7972222222222225
8.218148148148147
9.453518518518518
10.237222222222222
12.857592592592592
7.354629629629629
8.168148148148148
11.473333333333333
10.572407407407407
7.578333333333333
5.95074074074074
8.052222222222222
14.881481481481481
8.907037037037037
5.557407407407408
10.967037037037038
8.45648148148148
9.238703703703704
7.165925925925926
7.365185185185185
8.777592592592592
10.558333333333334
7.563703703703704
7.612777777777778
8.971296296296297
7.362222222222222
6.927037037037037
5.938518518518518
7.00425925925926
8.897037037037038
11.480925925925925
5.500740740740741
6.064259259259259
8.41
8.135925925925926
8.566851851851851
8.221666666666666
9.693888888888889
6.402222222222222
8.715185185185184
8.022222222222222
8.650925925925925
9.916296296296297
8.203703703703704
12.950185185185186
6.319814814814815
9.299814814814814
20.125
8.22574074074074
7.736296296296296
8.72
5.6033333333333335
8.171481481481482
6.702407407407407
6.591111111111111
7.866481481481482
7.751111111111111
6.305185185185185
6.652037037037037
6.400740740740741
7.151851851851852
6.766666666666667
8.024814814814814
15.517777777777777
13.383148148148148
14.497592592592593
7.379444444444444
9.127962962962963
9.343333333333334
8.138148148148149
9.464629629629629
6.17962962962963
11.244444444444444
8.764074074074074
5.237222222222222
7.4024074074074075
6.461666666666667
6.8314814814814815
12.188518518518519
6.052222222222222
6.748703703703704
8.672592592592592
8.194444444444445
6.846481481481481
15.162962962962963
11.533518518518518
8.922592592592592
6.018518518518518
7.779814814814815
9.92851851851852
7.962592592592593
7.606851851851852
11.762777777777778
15.424074074074074
7.382037037037037
7.875740740740741
7.317592592592592
7.54074074074074
14.18
6.486481481481482
12.349074074074075
9.19425925925926
6.510740740740741
9.632777777777777
6.494074074074074
10.19037037037037
18.62351851851852
12.091481481481482
15.807962962962963
13.34851851851852
10.664444444444445
8.072037037037036
8.528333333333334
25.593888888888888
13.430555555555555
6.943148148148148
7.701851851851852
20.10037037037037
9.206111111111111
10.927222222222222
8.821851851851852
11.25611111111111
8.255740740740741
11.274814814814814
6.701296296296296
9.071296296296296
6.171481481481481
13.790925925925926
7.806666666666667
17.077407407407406
19.71074074074074
17.589814814814815
13.82925925925926
8.324814814814815
6.440740740740741
5.604629629629629
6.336111111111111
14.854814814814814
9.523518518518518
7.670740740740741
11.464814814814815
6.907592592592593
14.245740740740741
12.215
12.485925925925926
22.13574074074074
8.46962962962963
9.482777777777779
13.401851851851852
12.07537037037037
14.978518518518518
16.374444444444446
22.849814814814813
6.292777777777777
6.278888888888889
4.541666666666667
6.879444444444444
22.35814814814815
5.50962962962963
33.52166666666667
7.384074074074074
10.428703703703704
6.876666666666667
9.54574074074074
20.960925925925928
22.84462962962963
23.934074074074076
21.279814814814817
35.96981481481482
14.21962962962963
12.688518518518519
38.42388888888889
27.467222222222222
43.14703703703704
40.263888888888886
24.343333333333334
30.221296296296295
35.32
12.335
17.694444444444443
27.01074074074074
5.823148148148148
46.281851851851854
22.551111111111112
38.24407407407407
25.89
18.39814814814815
18.137777777777778
29.706481481481482
19.627407407407407
38.30462962962963
8.702777777777778
39.22351851851852
17.20740740740741
32.367037037037036
43.6462962962963
30.913888888888888
12.878518518518518
27.763333333333332
23.426111111111112
18.232222222222223
29.17888888888889
17.82925925925926
26.93888888888889
29.728703703703705
37.004444444444445
60.16833333333334
8.488148148148149
14.747962962962964
22.500555555555554
20.58
50.392407407407404
21.785
49.83888888888889
22.85611111111111
19.894259259259258
17.656666666666666
35.05111111111111
20.821666666666665
38.43685185185185
32.24907407407407
19.70111111111111
16.622037037037035
17.139814814814816
20.54851851851852
18.36425925925926
5.522592592592592
8.523148148148149
6.385
6.031851851851852
11.394444444444444
7.849259259259259
38.22962962962963
26.579444444444444
20.23148148148148
80.52851851851852
37.76722222222222
28.021851851851853
32.565925925925924
36.78407407407408
73.64018518518519
48.11555555555555
37.83611111111111
26.28537037037037
51.403888888888886
133.2037037037037
23.27462962962963
51.85611111111111
54.9062962962963
9.937037037037037
22.585555555555555
22.61722222222222
9.664444444444445
28.01425925925926
22.14537037037037
31.024444444444445
50.02703703703704
37.976851851851855
20.309814814814814
17.591851851851853
31.081481481481482
21.158703703703704
31.39388888888889
21.01
23.47425925925926
23.843333333333334
88.63425925925925
43.76722222222222
29.531666666666666
8.009814814814815
20.53851851851852
60.06333333333333
71.78537037037037
121.19333333333333
84.25055555555555
50.58296296296297
44.619814814814816
66.42185185185186
15.36888888888889
32.730185185185185
12.56074074074074
11.424814814814814
41.63425925925926
64.27074074074073
42.49
60.97314814814815
53.92407407407408
42.577777777777776
53.19314814814815
42.60388888888889
39.315
102.36851851851851
102.475
105.92962962962963
46.068518518518516
22.623148148148147
9.03462962962963
15.700185185185186
18.933518518518518
50.70240740740741
68.66962962962963
88.42574074074074
104.95592592592592
24.15277777777778
15.201296296296297
42.54611111111111
36.19481481481481
60.303333333333335
55.392037037037035
75.6438888888889
88.97425925925926
154.3524074074074
126.13722222222222
135.78185185185185
202.73092592592593
89.81759259259259
93.7612962962963
20.299444444444443
108.28888888888889
151.43944444444443
114.59203703703703
78.31666666666666
243.8738888888889
50.4937037037037
126.7112962962963
97.73277777777778
45.48
100.87203703703703
93.21333333333334
77.77481481481482
40.375
126.02481481481482
78.75425925925926
132.42981481481482
147.35314814814814
121.65574074074074
108.81296296296296
71.02888888888889
96.2025925925926
