7.183888888888889
6.724074074074074
6.6087037037037035
5.7592592592592595
11.393333333333333
7.615925925925926
7.820185185185185
7.229444444444445
6.389259259259259
5.606851851851852
6.9998148148148145
6.216851851851852
9.614814814814816
6.306666666666667
6.58074074074074
6.273333333333333
7.504074074074074
6.769629629629629
6.638333333333334
6.142592592592592
6.524444444444445
5.737037037037037
6.573148148148148
7.480555555555555
6.09037037037037
8.530925925925926
5.773888888888889
6.367407407407407
5.321111111111111
9.068703703703704
5.858888888888889
5.282407407407407
6.332222222222223
7.423333333333333
6.178518518518518
7.858518518518519
5.738888888888889
6.0488888888888885
5.121851851851852
6.033148148148148
6.267592592592592
5.208148148148148
5.7464814814814815
4.485185185185185
5.739814814814815
5.402037037037037
5.356111111111111
5.314259259259259
4.218518518518518
4.767962962962963
5.968333333333334
4.474259259259259
4.9457407407407405
4.598888888888889
5.720740740740741
5.353888888888889
4.3496296296296295
4.708703703703704
5.6775925925925925
4.527037037037037
4.502962962962963
6.303518518518518
3.9325925925925924
5.101851851851852
4.588703703703704
4.022037037037037
3.957777777777778
4.444629629629629
4.632962962962963
4.13037037037037
4.3133333333333335
3.8027777777777776
3.726111111111111
5.323888888888889
4.226296296296296
4.202407407407407
4.562777777777778
3.7111111111111112
3.790925925925926
5.937777777777778
3.862222222222222
3.740740740740741
3.525185185185185
4.150185185185185
3.8942592592592593
3.439814814814815
4.302037037037037
3.8066666666666666
3.6903703703703705
4.461666666666667
3.7737037037037036
4.174814814814815
3.8487037037037037
3.649814814814815
3.647962962962963
3.1166666666666667
3.4296296296296296
3.3377777777777777
5.261666666666667
3.850740740740741
3.8198148148148148
3.572037037037037
3.3864814814814816
4.229814814814815
3.673703703703704
4.7753703703703705
3.799259259259259
3.2374074074074075
3.0009259259259258
3.649814814814815
3.341666666666667
2.985
3.0075925925925926
2.7205555555555554
4.328333333333333
3.108888888888889
3.915185185185185
3.5772222222222223
3.612037037037037
2.8744444444444444
3.5553703703703703
3.975925925925926
3.155
3.572962962962963
2.9883333333333333
3.0924074074074075
4.048333333333333
7.807407407407408
3.140740740740741
2.713888888888889
3.5553703703703703
3.8775925925925927
2.988148148148148
2.9137037037037037
2.9146296296296295
2.8524074074074073
2.808148148148148
2.9214814814814813
3.0724074074074075
2.821296296296296
3.457222222222222
3.0083333333333333
2.813148148148148
2.9114814814814816
2.491111111111111
2.520925925925926
2.5835185185185185
2.5396296296296295
2.7309259259259258
2.6296296296296298
2.717037037037037
2.6618518518518517
2.408333333333333
2.4075925925925925
2.5183333333333335
2.7896296296296295
2.4194444444444443
2.615740740740741
3.381851851851852
2.5264814814814813
3.0859259259259257
2.4746296296296295
2.515
2.570925925925926
2.3035185185185183
2.5125925925925925
2.357222222222222
2.2294444444444443
2.594074074074074
2.4255555555555555
2.2581481481481482
2.388148148148148
2.3044444444444445
2.3848148148148147
2.3448148148148147
2.322037037037037
2.4340740740740743
2.5535185185185183
2.921111111111111
2.397222222222222
3.1325925925925926
3.0364814814814816
2.1731481481481483
2.362037037037037
2.218148148148148
2.134074074074074
2.268148148148148
2.552037037037037
2.5481481481481483
2.6096296296296297
2.187777777777778
5.121111111111111
2.0716666666666668
2.1385185185185187
2.040925925925926
2.272407407407407
2.147962962962963
2.237962962962963
2.426851851851852
2.488888888888889
