38793
36310
35687
31100
61524
41126
42229
39039
34502
30277
37799
33571
51920
34056
35536
33876
40522
36556
35847
33170
35232
30980
35495
40395
32888
46067
31179
34384
28734
48971
31638
28525
34194
40086
33364
42436
30990
32664
27658
32579
33845
28124
31031
24220
30995
29171
28923
28697
22780
25747
32229
24161
26707
24834
30892
28911
23488
25427
30659
24446
24316
34039
21236
27550
24779
21719
21372
24001
25018
22304
23292
20535
20121
28749
22822
22693
24639
20040
20471
32064
20856
20200
19036
22411
21029
18575
23231
20556
19928
24093
20378
22544
20783
19709
19699
16830
18520
18024
28413
20794
20627
19289
18287
22841
19838
25787
20516
17482
16205
19709
18045
16119
16241
14691
23373
16788
21142
19317
19505
15522
19199
21470
17037
19294
16137
16699
21861
42160
16960
14655
19199
20939
16136
15734
15739
15403
15164
15776
16591
15235
18669
16245
15191
15722
13452
13613
13951
13714
14747
14200
14672
14374
13005
13001
13599
15064
13065
14125
18262
13643
16664
13363
13581
13883
12439
13568
12729
12039
14008
13098
12194
12896
12444
12878
12662
12539
13144
13789
15774
12945
16916
16397
11735
12755
11978
11524
12248
13781
13760
14092
11814
27654
11187
11548
11021
12271
11599
12085
13105
13440
