-26266.0
-23989.0
-23105.0
-19463.0
-45617.0
-28571.0
-28754.0
-26129.0
-22332.0
-19417.0
-25605.0
-22660.0
-37441.0
-22381.0
-22148.0
-21407.0
-28004.0
-23663.0
-24066.0
-21868.0
-23853.0
-19495.0
-21804.0
-26492.0
-20606.0
-30181.0
-19102.0
-22164.0
-18196.0
-34036.0
-21261.0
-17171.0
-21958.0
-26899.0
-20706.0
-24765.0
-18957.0
-21847.0
-16826.0
-19075.0
-20897.0
-17626.0
-19665.0
-14249.0
-18739.0
-17348.0
-17679.0
-17646.0
-12715.0
-15030.0
-20060.0
-14077.0
-15795.0
-13659.0
-16796.0
-17113.0
-11894.0
-14966.0
-19359.0
-13369.0
-12007.0
-21736.0
-11503.0
-16586.0
-15110.0
-11690.0
-11655.0
-12951.0
-14725.0
-12066.0
-12867.0
-10854.0
-10166.0
-18024.0
-12394.0
-13066.0
-14304.0
-10769.0
-11191.0
-21525.0
-10253.0
-11000.0
-9993.0
-11999.0
-10768.0
-8252.0
-11557.0
-10403.0
-10059.0
-14901.0
-10504.0
-13457.0
-10934.0
-9361.0
-10510.0
-8382.0
-9438.0
-8664.0
-15441.0
-11559.0
-11077.0
-8186.0
-9058.0
-12653.0
-10395.0
-14145.0
-11005.0
-7967.0
-7171.0
-8799.0
-8614.0
-7040.0
-7492.0
-6593.0
-11662.0
-7568.0
-11529.0
-10683.0
-10692.0
-6504.0
-10412.0
-12945.0
-7920.0
-10119.0
-7608.0
-7304.0
-12997.0
-29165.0
-7334.0
-6390.0
-9292.0
-10088.0
-7356.0
-6841.0
-7302.0
-7217.0
-5864.0
-7663.0
-8584.0
-6145.0
-8057.0
-7680.0
-6940.0
-7048.0
-5259.0
-4963.0
-6023.0
-5639.0
-6267.0
-5883.0
-6229.0
-5951.0
-4698.0
-5190.0
-5570.0
-6700.0
-4877.0
-5887.0
-9372.0
-5283.0
-6974.0
-5167.0
-5558.0
-5672.0
-4413.0
-5675.0
-4360.0
-4172.0
-5495.0
-5143.0
-4014.0
-4787.0
-4423.0
-4414.0
-5081.0
-4892.0
-5221.0
-4882.0
-6538.0
-4900.0
-7772.0
-5965.0
-3955.0
-4091.0
-4405.0
-3851.0
-4010.0
-6177.0
-6601.0
-6448.0
-3981.0
-17940.0
-3687.0
-4411.0
-3498.0
-3962.0
-3662.0
-3228.0
-5012.0
-5536.0
