31950
46499
87809
40977
49563
36025
36073
33470
40669
34253
32564
34338
32349
40398
41612
35050
51693
48492
39675
30095
52373
40283
59852
66392
34109
40625
35210
35601
38883
31943
34107
38255
36620
43374
48770
42712
34349
44451
37483
74792
35472
38874
33205
64427
75841
52878
33661
34109
37289
45405
45096
31279
40004
38155
34227
48675
46613
53399
36302
33579
40957
41110
39433
28350
34884
36963
37098
30146
29708
41899
37063
33063
29004
36195
31807
29953
46359
32515
32544
34947
31785
25060
28111
35499
28547
26841
31423
32296
35009
30998
37125
34676
38156
34836
32637
30395
31955
31657
36937
27322
32967
35297
29006
28813
32114
36397
31679
33136
36244
37622
29569
39657
24751
37399
40293
25434
38039
30950
38285
28009
38795
29636
30616
40134
30980
25983
33616
27310
28965
34916
31930
33221
30700
28498
35303
30357
33379
33754
34891
36423
30975
33214
34735
35509
37124
27919
30635
29402
26380
30783
29042
29073
35041
27562
30446
28391
24703
27448
31310
36317
30709
29323
30551
33200
29568
23458
35607
30078
28297
27929
30008
30181
28227
29883
27884
28446
29742
27195
29525
32975
31288
55817
28235
39253
25955
29597
25067
27903
27837
26393
30107
26518
30025
32029
28494
26077
32536
27611
31060
29136
27386
25146
33139
27350
32027
28238
32365
31299
33949
26568
25750
26116
33870
26519
33895
25696
27719
22495
29512
29712
29828
31765
24066
30192
27017
23455
27205
23549
23335
23704
29253
29652
28117
31018
25610
26318
25150
28375
23875
26324
25507
27070
27497
29048
41908
23197
30054
24328
32207
31434
29378
28405
27798
24735
24131
25700
27987
23076
26609
28249
22092
27187
30970
20956
24962
26318
26576
29180
26323
23499
24521
26149
21724
25885
23591
26006
23992
28319
28535
27529
22150
26297
24723
30373
26332
27200
25445
26219
26564
30025
27785
26398
26374
34392
23779
25480
27159
28098
27686
27072
29305
26138
24051
27477
28590
31419
24899
27159
28948
30537
26502
20854
31626
26826
28599
32884
23660
26025
26985
29250
30707
25357
26542
28971
26468
26551
25331
23770
27085
25466
23843
25889
21945
21917
28180
23589
26583
23545
25582
25142
25656
28964
27607
25617
25725
26395
23925
31934
26031
24715
29365
25152
28975
28772
28673
28650
23280
22722
25626
21548
23823
26412
21175
28206
31223
29981
26242
26459
36508
24007
27800
28231
29639
27500
26522
27227
30585
36788
24920
29495
26664
29931
25209
25769
42143
21823
21495
26813
21737
18898
21207
26426
24979
24346
18722
24520
20853
23072
22924
20094
24693
17767
20762
19686
22832
21690
25091
23590
22102
21015
25373
22393
25378
24669
19092
21219
19333
20852
21355
21850
20417
20888
26161
18662
21033
16881
25046
22962
23325
18697
20566
23769
20241
24839
21717
20480
22751
23676
22268
19167
21053
29648
22012
22365
21491
22335
33035
22218
20098
21060
21711
22392
24244
24298
21454
18268
21651
20772
20015
22524
19626
22987
18469
18866
31050
19205
22155
21701
22002
21325
22587
24543
22545
27347
29396
30394
31509
32274
32868
56943
38923
38230
36717
42643
31542
29089
25559
28864
29042
25196
26786
37964
26645
26965
33304
21643
23527
21722
17923
20454
25476
19079
25654
21272
20172
20564
17343
17582
18633
18474
18537
17634
20893
16363
18489
21083
19156
23930
24863
21780
21486
20156
20797
18666
18473
17321
19349
19754
17603
17281
18633
18730
16403
14769
16331
17233
18483
17853
19729
18193
17099
16454
15954
16253
17493
23337
19630
18976
15916
17429
18850
16337
16192
15510
16135
16687
17300
18625
15151
16078
17834
18445
18470
20823
20508
17990
17747
23253
20896
24256
15990
18845
18934
21522
22507
20904
20550
23318
16905
17973
18588
22433
18948
15066
16986
17209
16868
18286
16437
19226
17583
19382
19727
16379
16528
19908
16212
17243
19725
23374
20084
19086
19999
19522
17922
18464
18392
18676
15875
17959
16930
17302
16545
19606
26184
27222
19342
17842
16941
18046
18507
17355
18288
17033
17187
19669
17671
16771
17629
18570
16434
16844
18174
16212
17629
16458
17846
17660
15566
17637
16843
16343
18217
18144
22222
19440
20515
24006
22857
21260
16276
18977
18563
19599
17272
17579
16092
15168
16082
17537
13065
13468
16120
14769
14677
15593
14099
17337
15198
17615
15903
16624
16391
14881
15118
16681
16749
15359
15395
16058
14873
13606
14347
16026
16486
15582
14825
15413
14362
14648
15509
13708
13432
13898
13949
14897
15496
13585
12789
13762
13194
13118
14084
13895
13899
16252
13227
16240
15089
13643
14382
13591
13181
14440
16535
14758
15029
14621
15072
14723
13033
12541
13514
14144
14330
13107
13884
12666
14731
13442
13425
14583
13313
14698
14173
12181
13495
15318
14120
13433
13026
12902
13913
13852
14327
14424
14056
13445
13899
15348
13970
13439
14134
12807
13865
13640
15861
12859
13599
12584
13686
12602
13325
14158
13984
13066
13811
15948
13375
12843
13203
14798
12737
13419
14434
12033
13098
13591
13543
15450
13645
13188
12882
11829
13778
13874
12247
13322
12586
13735
15005
13172
12925
12536
14168
12140
13326
15220
14010
11934
13149
13837
12163
12560
12539
13794
12979
12688
13134
15120
16117
15728
13821
11947
13224
12890
11954
12443
14796
12199
12992
13631
12099
12299
12777
13896
10567
11876
15449
13840
12483
13215
12641
13746
13710
11455
13898
15373
12055
15049
15972
14403
12566
13063
11927
13116
12258
14419
11757
12543
12239
11191
12765
11310
10748
11795
12152
11273
12590
11465
12566
11965
13763
12220
12686
11094
13144
12640
11423
12324
13168
11803
12722
11662
13111
11972
13466
10721
13910
12189
12958
12486
10780
11939
11730
11941
12530
11445
12380
12928
12512
11336
11871
12089
12400
11086
11552
12001
12644
13844
11676
11997
11275
10890
11856
11666
12142
12504
11662
11011
12837
12276
12449
13124
11771
12493
12071
12483
11746
13265
11900
11574
10588
10724
11488
11455
10590
11918
12416
11709
12980
11870
11453
11037
10278
13038
11619
11393
12355
12330
12302
11534
11332
9953
11163
11452
9983
11651
10667
11283
11149
12121
12215
11819
12447
11885
12417
11025
10573
11225
10527
12790
11812
11958
10700
11394
11677
10934
10835
10834
11268
10594
10365
9796
11257
12524
10141
11973
10595
11706
10825
13650
11208
10632
11377
12371
11314
11440
10688
11472
10474
11093
10781
12705
10204
10936
11245
13725
12700
11666
