5.916666666666667
8.610925925925926
16.260925925925925
7.588333333333333
9.178333333333333
6.671296296296297
6.680185185185185
6.198148148148148
7.531296296296296
6.343148148148148
6.03037037037037
6.358888888888889
5.990555555555556
7.481111111111111
7.705925925925926
6.4907407407407405
9.572777777777778
8.98
7.347222222222222
5.573148148148148
9.698703703703703
7.4598148148148145
11.083703703703703
12.294814814814815
6.316481481481482
7.523148148148148
6.520370370370371
6.592777777777778
7.200555555555556
5.91537037037037
6.316111111111111
7.08425925925926
6.781481481481482
8.032222222222222
9.031481481481482
7.90962962962963
6.360925925925926
8.231666666666667
6.941296296296296
13.85037037037037
6.568888888888889
7.198888888888889
6.149074074074074
11.930925925925926
14.044629629629629
9.792222222222222
6.233518518518519
6.316481481481482
6.90537037037037
8.408333333333333
8.351111111111111
5.792407407407407
7.408148148148148
7.065740740740741
6.338333333333333
9.01388888888889
8.632037037037037
9.888703703703703
6.7225925925925925
6.218333333333334
7.58462962962963
7.612962962962963
7.302407407407407
5.25
6.46
6.845
6.87
5.582592592592593
5.501481481481481
7.759074074074074
6.863518518518519
6.122777777777777
5.371111111111111
6.7027777777777775
5.890185185185185
5.5468518518518515
8.585
6.021296296296296
6.026666666666666
6.471666666666667
5.886111111111111
4.640740740740741
5.20574074074074
6.573888888888889
5.286481481481482
4.970555555555555
5.8190740740740745
5.980740740740741
6.483148148148148
5.74037037037037
6.875
6.421481481481481
7.065925925925926
6.4511111111111115
6.043888888888889
5.628703703703704
5.917592592592593
5.8624074074074075
6.840185185185185
5.0596296296296295
6.105
6.536481481481482
5.3714814814814815
5.335740740740741
5.947037037037037
6.740185185185185
5.866481481481482
6.136296296296297
6.7118518518518515
6.967037037037037
5.475740740740741
7.3438888888888885
4.5835185185185185
6.925740740740741
7.461666666666667
4.71
7.04425925925926
5.731481481481482
7.089814814814815
5.186851851851852
7.184259259259259
5.488148148148148
5.66962962962963
7.432222222222222
5.737037037037037
4.8116666666666665
6.225185185185185
5.057407407407408
5.363888888888889
6.465925925925926
5.912962962962963
6.152037037037037
5.685185185185185
5.2774074074074075
6.537592592592593
5.621666666666667
6.1812962962962965
6.250740740740741
6.461296296296296
6.745
5.736111111111111
6.150740740740741
6.432407407407408
6.57574074074074
6.8748148148148145
5.170185185185185
5.673148148148148
5.444814814814815
4.885185185185185
5.700555555555556
5.378148148148148
5.3838888888888885
6.489074074074074
5.104074074074074
5.638148148148148
5.257592592592593
4.57462962962963
5.082962962962963
5.798148148148148
6.725370370370371
5.686851851851852
5.430185185185185
5.657592592592593
6.148148148148148
5.475555555555555
4.344074074074074
6.5938888888888885
5.57
5.240185185185185
5.172037037037037
5.557037037037037
5.589074074074074
5.227222222222222
5.533888888888889
5.163703703703704
5.267777777777778
5.507777777777778
5.036111111111111
5.467592592592593
6.106481481481482
5.794074074074074
10.336481481481481
5.228703703703704
7.269074074074074
4.806481481481481
5.480925925925926
4.642037037037037
5.167222222222223
5.155
4.8875925925925925
5.57537037037037
4.91074074074074
5.560185185185185
5.9312962962962965
5.276666666666666
4.829074074074074
6.025185185185185
5.113148148148148
5.7518518518518515
5.395555555555555
5.071481481481482
4.656666666666666
6.136851851851852
5.064814814814815
5.9309259259259255
5.229259259259259
5.993518518518519
5.796111111111111
6.286851851851852
4.92
4.768518518518518
4.836296296296296
6.272222222222222
4.910925925925926
6.276851851851852
4.758518518518518
5.133148148148148
4.16574074074074
5.465185185185185
5.502222222222223
5.523703703703704
5.882407407407407
4.456666666666667
5.591111111111111
5.003148148148148
4.343518518518518
5.037962962962963
4.360925925925926
4.321296296296296
4.3896296296296295
5.417222222222223
5.4911111111111115
5.206851851851852
5.744074074074074
4.742592592592593
4.873703703703704
4.657407407407407
5.25462962962963
4.421296296296297
4.8748148148148145
4.723518518518518
5.012962962962963
5.092037037037037
5.37925925925926
7.760740740740741
4.295740740740741
5.565555555555555
4.505185185185185
5.96425925925926
5.821111111111111
5.4403703703703705
5.260185185185185
5.147777777777778
4.580555555555556
4.468703703703704
4.7592592592592595
5.182777777777778
4.273333333333333
4.9275925925925925
5.231296296296296
4.091111111111111
5.03462962962963
5.735185185185185
3.8807407407407406
4.622592592592593
4.873703703703704
4.921481481481481
5.4037037037037035
4.87462962962963
4.351666666666667
4.540925925925926
4.842407407407407
4.022962962962963
4.7935185185185185
4.368703703703703
4.815925925925926
4.442962962962963
5.244259259259259
5.284259259259259
5.097962962962963
4.101851851851852
4.869814814814815
4.578333333333333
5.62462962962963
4.876296296296296
5.037037037037037
4.712037037037037
4.855370370370371
4.91925925925926
5.560185185185185
5.145370370370371
4.888518518518518
4.884074074074074
6.368888888888889
4.403518518518519
4.718518518518518
5.029444444444445
5.203333333333333
5.127037037037037
5.013333333333334
5.426851851851852
4.84037037037037
4.453888888888889
5.088333333333333
5.294444444444444
5.818333333333333
4.610925925925926
5.029444444444445
5.360740740740741
5.655
4.907777777777778
3.861851851851852
5.8566666666666665
4.967777777777778
5.296111111111111
6.08962962962963
4.381481481481481
4.819444444444445
4.997222222222222
5.416666666666667
5.686481481481482
4.6957407407407405
4.9151851851851855
5.365
4.901481481481482
4.916851851851852
4.690925925925926
4.401851851851852
5.015740740740741
4.715925925925926
4.41537037037037
4.79425925925926
4.063888888888889
4.058703703703704
5.218518518518518
4.368333333333333
4.922777777777778
4.360185185185185
4.7374074074074075
4.655925925925926
4.751111111111111
5.363703703703703
5.1124074074074075
4.743888888888889
4.763888888888889
4.887962962962963
4.430555555555555
5.913703703703704
4.820555555555556
4.576851851851852
5.437962962962963
4.657777777777778
5.3657407407407405
5.3281481481481485
5.309814814814815
5.305555555555555
4.311111111111111
4.207777777777777
4.745555555555556
3.9903703703703703
4.411666666666667
4.891111111111111
3.9212962962962963
5.223333333333334
5.782037037037037
5.552037037037037
4.859629629629629
4.899814814814815
6.760740740740741
4.4457407407407405
5.148148148148148
5.227962962962963
5.488703703703703
5.092592592592593
4.911481481481482
5.042037037037037
5.663888888888889
6.812592592592592
4.614814814814815
5.462037037037037
4.937777777777778
5.542777777777777
4.668333333333333
4.772037037037037
7.8042592592592595
4.041296296296296
3.9805555555555556
4.96537037037037
4.0253703703703705
3.4996296296296294
3.9272222222222224
4.893703703703704
4.625740740740741
4.508518518518518
3.467037037037037
4.54074074074074
3.861666666666667
4.272592592592592
4.245185185185186
3.721111111111111
4.572777777777778
3.290185185185185
3.8448148148148147
3.6455555555555557
4.228148148148148
4.016666666666667
4.646481481481482
4.368518518518519
4.092962962962963
3.8916666666666666
4.698703703703703
4.146851851851852
4.69962962962963
4.568333333333333
3.5355555555555553
3.9294444444444445
3.580185185185185
3.8614814814814813
3.9546296296296295
4.046296296296297
3.780925925925926
3.868148148148148
4.84462962962963
3.455925925925926
3.895
3.1261111111111113
4.638148148148148
4.252222222222223
4.319444444444445
3.4624074074074076
3.8085185185185186
4.401666666666666
3.7483333333333335
4.599814814814815
4.0216666666666665
3.7925925925925927
4.213148148148148
4.384444444444444
4.123703703703704
3.5494444444444446
3.8987037037037036
5.49037037037037
4.076296296296296
4.141666666666667
3.979814814814815
4.136111111111111
6.117592592592593
4.114444444444445
3.7218518518518517
3.9
4.020555555555555
4.1466666666666665
4.489629629629629
4.49962962962963
3.972962962962963
3.382962962962963
4.009444444444444
3.8466666666666667
3.7064814814814815
4.171111111111111
3.6344444444444446
4.256851851851851
3.420185185185185
3.4937037037037038
5.75
3.5564814814814816
4.102777777777778
4.018703703703704
4.0744444444444445
3.949074074074074
4.182777777777778
4.545
4.175
5.064259259259259
5.4437037037037035
5.6285185185185185
5.835
5.976666666666667
6.086666666666667
10.545
7.207962962962963
7.07962962962963
6.799444444444444
7.896851851851852
5.841111111111111
5.386851851851852
4.733148148148148
5.345185185185185
5.378148148148148
4.665925925925926
4.96037037037037
7.03037037037037
4.934259259259259
4.993518518518519
6.167407407407407
4.007962962962963
4.356851851851852
4.022592592592592
3.319074074074074
3.787777777777778
4.717777777777778
3.533148148148148
4.750740740740741
3.9392592592592592
3.7355555555555555
3.808148148148148
3.2116666666666664
3.255925925925926
3.4505555555555554
3.421111111111111
3.432777777777778
3.2655555555555558
3.869074074074074
3.0301851851851853
3.423888888888889
3.904259259259259
3.5474074074074076
4.431481481481481
4.604259259259259
4.033333333333333
3.9788888888888887
3.7325925925925927
3.8512962962962964
3.4566666666666666
3.420925925925926
3.2075925925925928
3.583148148148148
3.658148148148148
3.2598148148148147
3.2001851851851852
3.4505555555555554
3.4685185185185183
3.0375925925925924
2.735
3.024259259259259
3.1912962962962963
3.4227777777777777
3.306111111111111
3.6535185185185184
3.369074074074074
3.1664814814814815
3.047037037037037
2.9544444444444444
3.0098148148148147
3.2394444444444446
4.321666666666666
3.6351851851851853
3.514074074074074
2.9474074074074075
3.227592592592593
3.490740740740741
3.0253703703703705
2.9985185185185186
2.8722222222222222
2.987962962962963
3.0901851851851854
3.2037037037037037
3.449074074074074
2.805740740740741
2.9774074074074073
3.3025925925925925
3.4157407407407407
3.4203703703703705
3.8561111111111113
3.7977777777777777
3.3314814814814815
3.2864814814814816
4.306111111111111
3.8696296296296295
4.491851851851852
2.9611111111111112
3.4898148148148147
3.5062962962962962
3.9855555555555555
4.167962962962963
3.871111111111111
3.8055555555555554
4.318148148148148
3.1305555555555555
3.328333333333333
3.442222222222222
4.154259259259259
3.508888888888889
2.79
3.1455555555555557
3.186851851851852
3.1237037037037036
3.386296296296296
3.043888888888889
3.56037037037037
3.256111111111111
3.589259259259259
3.6531481481481483
3.033148148148148
3.0607407407407408
3.6866666666666665
3.002222222222222
3.1931481481481483
3.6527777777777777
4.328518518518519
3.719259259259259
3.5344444444444445
3.7035185185185187
3.6151851851851853
3.318888888888889
3.419259259259259
3.405925925925926
3.4585185185185185
2.939814814814815
3.325740740740741
3.1351851851851853
3.204074074074074
3.063888888888889
3.6307407407407406
4.848888888888889
5.041111111111111
3.581851851851852
3.304074074074074
3.1372222222222224
3.341851851851852
3.4272222222222224
3.213888888888889
3.3866666666666667
3.154259259259259
3.182777777777778
3.6424074074074073
3.272407407407407
3.1057407407407407
3.2646296296296295
3.438888888888889
3.0433333333333334
3.1192592592592594
3.3655555555555554
3.002222222222222
3.2646296296296295
3.0477777777777777
3.3048148148148146
3.27037037037037
2.8825925925925926
3.266111111111111
3.119074074074074
3.0264814814814813
3.3735185185185186
3.36
4.115185185185185
3.6
3.799074074074074
4.445555555555556
4.232777777777778
3.937037037037037
3.014074074074074
3.5142592592592594
3.4375925925925928
3.6294444444444443
3.1985185185185183
3.2553703703703705
2.98
2.8088888888888888
2.978148148148148
3.247592592592593
2.4194444444444443
2.494074074074074
2.9851851851851854
2.735
2.717962962962963
2.8875925925925925
2.610925925925926
3.2105555555555556
2.8144444444444443
3.262037037037037
2.945
3.0785185185185187
3.0353703703703703
2.7557407407407406
2.7996296296296297
3.089074074074074
3.1016666666666666
2.844259259259259
2.850925925925926
2.9737037037037037
2.754259259259259
2.5196296296296294
2.656851851851852
2.9677777777777776
3.052962962962963
2.8855555555555554
2.7453703703703702
2.8542592592592593
2.6596296296296296
2.7125925925925927
2.872037037037037
2.5385185185185186
2.4874074074074075
2.573703703703704
2.583148148148148
2.758703703703704
2.8696296296296295
2.515740740740741
2.368333333333333
2.5485185185185184
2.4433333333333334
2.4292592592592595
2.6081481481481483
2.573148148148148
2.573888888888889
3.0096296296296297
2.4494444444444445
3.0074074074074075
2.794259259259259
2.5264814814814813
2.6633333333333336
2.5168518518518517
2.4409259259259257
2.674074074074074
3.062037037037037
2.732962962962963
2.783148148148148
2.7075925925925928
2.7911111111111113
2.7264814814814815
2.4135185185185186
2.3224074074074075
2.5025925925925927
2.6192592592592594
2.653703703703704
2.4272222222222224
2.571111111111111
2.3455555555555554
2.727962962962963
2.489259259259259
2.486111111111111
2.7005555555555554
2.4653703703703704
2.7218518518518517
2.6246296296296294
2.2557407407407406
2.4990740740740742
2.8366666666666664
2.6148148148148147
2.4875925925925926
2.4122222222222223
2.3892592592592594
2.5764814814814816
2.565185185185185
2.6531481481481483
2.671111111111111
2.602962962962963
2.4898148148148147
2.573888888888889
2.8422222222222224
2.587037037037037
2.488703703703704
2.6174074074074074
2.3716666666666666
2.5675925925925926
2.525925925925926
2.937222222222222
2.3812962962962962
2.5183333333333335
2.33037037037037
2.5344444444444445
2.3337037037037036
2.4675925925925926
2.6218518518518517
2.5896296296296297
2.41962962962963
2.5575925925925924
2.953333333333333
2.4768518518518516
2.3783333333333334
2.445
2.7403703703703703
2.3587037037037035
2.485
2.6729629629629628
2.2283333333333335
2.4255555555555555
2.5168518518518517
2.507962962962963
2.861111111111111
2.526851851851852
2.442222222222222
2.3855555555555554
2.1905555555555556
2.5514814814814817
2.569259259259259
2.267962962962963
2.467037037037037
2.330740740740741
2.5435185185185185
2.778703703703704
2.4392592592592592
2.3935185185185186
2.3214814814814817
2.6237037037037036
2.248148148148148
2.4677777777777776
2.8185185185185184
2.5944444444444446
2.21
2.435
2.5624074074074072
2.252407407407407
2.325925925925926
2.322037037037037
2.5544444444444445
2.4035185185185184
2.3496296296296295
2.4322222222222223
2.8
2.9846296296296297
2.9125925925925924
2.5594444444444444
2.2124074074074076
2.448888888888889
2.387037037037037
2.2137037037037035
2.3042592592592595
2.74
2.259074074074074
2.405925925925926
2.524259259259259
2.2405555555555554
2.2775925925925926
2.366111111111111
2.5733333333333333
1.9568518518518518
2.1992592592592595
2.860925925925926
2.562962962962963
2.3116666666666665
2.4472222222222224
2.340925925925926
2.5455555555555556
2.5388888888888888
2.1212962962962965
2.573703703703704
2.8468518518518517
2.2324074074074076
2.7868518518518517
2.957777777777778
2.667222222222222
2.3270370370370372
2.419074074074074
2.2087037037037036
2.428888888888889
2.27
2.670185185185185
2.1772222222222224
2.3227777777777776
2.2664814814814815
2.0724074074074075
2.363888888888889
2.0944444444444446
1.9903703703703703
2.1842592592592593
2.2503703703703706
2.0875925925925927
2.3314814814814815
2.123148148148148
2.3270370370370372
2.2157407407407406
2.548703703703704
2.262962962962963
2.3492592592592594
2.0544444444444445
2.4340740740740743
2.3407407407407406
2.1153703703703703
2.2822222222222224
2.4385185185185185
2.1857407407407408
2.3559259259259258
2.1596296296296296
2.427962962962963
2.217037037037037
2.4937037037037038
1.9853703703703705
2.575925925925926
2.257222222222222
2.39962962962963
2.312222222222222
1.9962962962962962
2.2109259259259257
2.172222222222222
2.2112962962962963
2.3203703703703704
2.1194444444444445
2.2925925925925927
2.3940740740740742
2.317037037037037
2.0992592592592594
2.1983333333333333
2.238703703703704
2.2962962962962963
2.052962962962963
2.1392592592592594
2.2224074074074074
2.3414814814814813
2.5637037037037036
2.1622222222222223
2.2216666666666667
2.087962962962963
2.0166666666666666
2.1955555555555555
2.1603703703703703
2.2485185185185186
2.3155555555555556
2.1596296296296296
2.0390740740740743
2.377222222222222
2.2733333333333334
2.3053703703703703
2.4303703703703703
2.1798148148148146
2.3135185185185185
2.2353703703703705
2.3116666666666665
2.1751851851851853
2.4564814814814815
2.2037037037037037
2.1433333333333335
1.9607407407407407
1.9859259259259259
2.127407407407407
2.1212962962962965
1.961111111111111
2.207037037037037
2.299259259259259
2.1683333333333334
2.403703703703704
2.198148148148148
2.120925925925926
2.043888888888889
1.9033333333333333
2.4144444444444444
2.151666666666667
2.109814814814815
2.287962962962963
2.283333333333333
2.2781481481481483
2.135925925925926
2.0985185185185187
1.8431481481481482
2.067222222222222
2.120740740740741
1.8487037037037037
2.1575925925925925
1.9753703703703704
2.0894444444444447
2.06462962962963
2.2446296296296295
2.262037037037037
2.1887037037037036
2.305
2.200925925925926
2.2994444444444446
2.0416666666666665
1.957962962962963
2.0787037037037037
1.9494444444444445
2.3685185185185187
2.1874074074074072
2.2144444444444447
1.9814814814814814
2.11
2.1624074074074073
2.024814814814815
2.0064814814814813
2.0062962962962962
2.0866666666666664
1.961851851851852
1.9194444444444445
1.8140740740740742
2.08462962962963
2.319259259259259
1.877962962962963
2.2172222222222224
1.962037037037037
2.167777777777778
2.0046296296296298
2.5277777777777777
2.0755555555555554
1.968888888888889
2.106851851851852
2.290925925925926
2.0951851851851853
2.1185185185185187
1.9792592592592593
2.1244444444444444
1.9396296296296296
2.0542592592592595
1.9964814814814815
2.352777777777778
1.8896296296296295
2.025185185185185
2.0824074074074073
2.5416666666666665
2.3518518518518516
2.1603703703703703
