-20718.0
-32932.0
-70137.0
-28076.0
-36978.0
-23374.0
-24004.0
-22288.0
-28416.0
-22999.0
-21240.0
-24076.0
-21195.0
-27369.0
-27504.0
-22190.0
-36207.0
-33976.0
-27361.0
-18505.0
-37434.0
-27891.0
-39869.0
-48589.0
-22930.0
-27734.0
-23216.0
-24219.0
-25620.0
-19844.0
-21893.0
-26495.0
-24228.0
-30504.0
-32993.0
-26538.0
-21182.0
-31725.0
-24828.0
-53851.0
-24733.0
-25732.0
-20864.0
-48575.0
-57050.0
-38643.0
-21005.0
-21452.0
-25352.0
-31082.0
-31471.0
-20209.0
-27392.0
-25242.0
-20115.0
-34243.0
-30724.0
-37773.0
-23344.0
-21802.0
-24617.0
-27653.0
-26745.0
-18001.0
-23295.0
-23908.0
-24036.0
-18919.0
-18746.0
-28532.0
-24177.0
-21476.0
-18585.0
-23839.0
-19952.0
-18136.0
-33656.0
-21460.0
-20930.0
-22466.0
-18626.0
-14756.0
-17158.0
-22595.0
-17782.0
-15066.0
-18265.0
-20501.0
-22500.0
-19857.0
-24586.0
-21911.0
-26363.0
-21601.0
-20697.0
-20094.0
-19797.0
-19447.0
-21867.0
-17097.0
-21749.0
-19897.0
-17796.0
-18289.0
-21270.0
-21583.0
-20209.0
-21152.0
-23725.0
-22226.0
-18432.0
-26203.0
-15074.0
-25395.0
-23660.0
-15240.0
-25679.0
-19085.0
-25137.0
-17175.0
-26896.0
-18938.0
-19308.0
-26302.0
-19322.0
-14671.0
-21879.0
-16515.0
-15647.0
-22400.0
-19554.0
-18492.0
-19010.0
-18196.0
-23996.0
-19040.0
-21774.0
-21264.0
-22457.0
-24026.0
-18418.0
-20894.0
-22798.0
-22956.0
-23953.0
-17368.0
-19219.0
-18481.0
-15269.0
-19623.0
-17643.0
-17560.0
-23173.0
-17322.0
-20131.0
-18153.0
-14195.0
-16290.0
-20500.0
-22950.0
-17812.0
-18639.0
-19035.0
-20969.0
-18282.0
-13171.0
-22835.0
-19127.0
-17063.0
-16556.0
-19406.0
-18745.0
-17436.0
-17066.0
-17054.0
-17739.0
-18630.0
-15687.0
-16481.0
-21059.0
-16997.0
-36130.0
-17045.0
-23827.0
-15495.0
-18105.0
-15019.0
-16921.0
-16322.0
-16252.0
-17869.0
-15780.0
-19388.0
-20862.0
-17110.0
-15197.0
-20054.0
-14911.0
-19259.0
-17121.0
-16706.0
-15119.0
-21896.0
-16788.0
-17566.0
-18017.0
-19004.0
-19338.0
-22504.0
-15816.0
-14947.0
-14589.0
-21705.0
-15751.0
-21035.0
-14494.0
-16507.0
-13263.0
-18968.0
-18528.0
-18435.0
-19894.0
-14167.0
-18525.0
-14824.0
-13112.0
-14726.0
-13502.0
-13182.0
-12860.0
-18910.0
-18328.0
-18424.0
-19762.0
-15315.0
-15803.0
-14291.0
-17347.0
-14092.0
-14982.0
-15135.0
-16027.0
-17287.0
-17800.0
-26644.0
-12800.0
-19175.0
-14376.0
-21015.0
-19268.0
-18156.0
-17807.0
-16970.0
-14164.0
-13394.0
-14623.0
-15309.0
-12989.0
-15930.0
-17717.0
-12129.0
-15892.0
-19173.0
-12006.0
-14223.0
-15946.0
-15107.0
-17259.0
-15295.0
-13076.0
-14518.0
-14336.0
-12720.0
-14981.0
-13523.0
-16374.0
-12940.0
-16885.0
-17428.0
-15623.0
-10904.0
-15451.0
-14073.0
-18029.0
-15463.0
-16435.0
-14500.0
-14752.0
-16110.0
-18302.0
-16897.0
-15176.0
-16358.0
-22722.0
-14169.0
-14687.0
-16025.0
-16735.0
-16753.0
-15403.0
-17590.0
-15030.0
-13984.0
-16346.0
-16689.0
-17373.0
-13391.0
-16596.0
-17424.0
-18314.0
-15491.0
-11782.0
-19187.0
-14862.0
-16954.0
-17236.0
-12584.0
-15197.0
-15693.0
-18162.0
-17446.0
-14852.0
-16026.0
-16753.0
-15167.0
-16685.0
-14238.0
-13203.0
-16119.0
-15575.0
-14000.0
-14548.0
-12337.0
-12201.0
-16709.0
-12963.0
-15593.0
-13180.0
-15021.0
-15203.0
-14015.0
-17509.0
-16173.0
-12567.0
-14464.0
-15783.0
-15000.0
-17570.0
-14058.0
-13513.0
-17385.0
-14183.0
-16046.0
-16734.0
-16115.0
-17897.0
-12832.0
-12310.0
-14632.0
-11366.0
-12986.0
-15694.0
-10961.0
-16717.0
-17554.0
-17430.0
-15361.0
-15919.0
-21756.0
-12016.0
-15991.0
-17276.0
-17716.0
-15409.0
-15599.0
-15099.0
-18324.0
-21162.0
-13346.0
-16546.0
-15422.0
-17717.0
-14783.0
-14529.0
-24355.0
-12544.0
-11469.0
-15406.0
-11266.0
-9585.0
-11127.0
-15271.0
-14620.0
-13576.0
-9329.0
-12608.0
-11016.0
-12277.0
-11810.0
-11240.0
-13772.0
-8684.0
-11285.0
-9552.0
-12070.0
-11506.0
-14349.0
-13593.0
-11948.0
-11491.0
-13380.0
-11435.0
-14942.0
-14034.0
-10126.0
-11629.0
-9889.0
-10703.0
-11639.0
-10194.0
-10753.0
-11062.0
-13179.0
-9588.0
-11138.0
-8015.0
-14393.0
-13442.0
-12956.0
-9611.0
-10112.0
-13331.0
-10187.0
-14324.0
-11962.0
-10180.0
-12834.0
-13507.0
-13474.0
-9750.0
-11293.0
-16475.0
-11627.0
-10935.0
-12220.0
-12329.0
-21803.0
-12459.0
-10810.0
-11267.0
-11691.0
-11865.0
-13254.0
-13191.0
-11692.0
-9517.0
-11780.0
-11184.0
-10353.0
-12925.0
-10060.0
-12271.0
-8890.0
-10097.0
-17411.0
-9548.0
-11950.0
-11692.0
-12604.0
-11729.0
-13111.0
-13300.0
-11546.0
-15972.0
-16916.0
-18606.0
-19114.0
-19675.0
-20128.0
-38251.0
-24934.0
-25296.0
-22841.0
-26771.0
-18562.0
-17205.0
-14982.0
-16710.0
-16422.0
-14159.0
-15754.0
-23395.0
-14993.0
-15975.0
-19365.0
-10988.0
-12217.0
-11568.0
-9357.0
-10504.0
-14333.0
-9532.0
-14051.0
-11100.0
-10761.0
-10372.0
-8514.0
-7995.0
-9287.0
-9322.0
-9098.0
-8943.0
-10770.0
-7493.0
-9225.0
-11091.0
-9986.0
-12758.0
-14214.0
-12177.0
-12179.0
-10633.0
-10575.0
-8671.0
-9576.0
-8486.0
-9563.0
-8958.0
-8754.0
-8095.0
-9428.0
-8103.0
-7586.0
-6369.0
-7575.0
-7796.0
-8040.0
-8435.0
-9913.0
-8818.0
-8214.0
-7098.0
-7223.0
-7561.0
-8580.0
-10367.0
-9949.0
-9542.0
-7734.0
-8415.0
-9409.0
-7527.0
-7697.0
-7029.0
-7541.0
-7687.0
-8606.0
-8708.0
-6467.0
-7786.0
-7805.0
-9114.0
-8738.0
-10911.0
-10977.0
-9287.0
-8508.0
-11583.0
-11973.0
-13484.0
-7589.0
-9374.0
-9828.0
-11489.0
-12268.0
-10987.0
-11048.0
-13979.0
-8408.0
-8931.0
-9142.0
-12154.0
-9432.0
-7241.0
-7479.0
-8418.0
-7606.0
-8866.0
-7583.0
-9564.0
-7987.0
-10158.0
-10532.0
-7550.0
-7922.0
-9557.0
-7280.0
-8278.0
-9817.0
-13201.0
-10066.0
-10017.0
-10294.0
-8690.0
-8618.0
-9552.0
-8313.0
-8538.0
-7739.0
-8282.0
-6759.0
-8509.0
-7243.0
-10402.0
-13810.0
-16103.0
-9912.0
-8810.0
-8408.0
-8416.0
-8756.0
-8298.0
-9167.0
-7673.0
-8222.0
-8017.0
-8300.0
-7671.0
-8669.0
-8374.0
-7547.0
-7899.0
-8759.0
-7364.0
-8223.0
-7173.0
-8612.0
-7859.0
-6809.0
-8164.0
-8202.0
-7307.0
-7735.0
-9340.0
-10575.0
-9395.0
-9867.0
-12651.0
-12252.0
-11306.0
-7877.0
-9628.0
-8959.0
-10418.0
-8945.0
-8410.0
-7499.0
-6876.0
-6856.0
-7469.0
-5383.0
-5206.0
-7294.0
-6357.0
-6574.0
-6813.0
-5808.0
-7468.0
-6361.0
-8302.0
-7166.0
-6482.0
-7968.0
-5870.0
-6544.0
-8000.0
-6479.0
-6918.0
-6618.0
-5848.0
-6519.0
-5390.0
-6172.0
-6467.0
-7779.0
-7809.0
-7120.0
-6873.0
-5640.0
-5780.0
-6523.0
-5257.0
-5056.0
-5353.0
-4991.0
-6074.0
-6173.0
-5348.0
-5609.0
-5348.0
-5548.0
-5149.0
-5817.0
-6218.0
-6237.0
-6343.0
-5873.0
-7082.0
-6899.0
-5730.0
-5659.0
-5657.0
-5287.0
-6468.0
-5978.0
-5579.0
-6105.0
-6389.0
-7569.0
-6197.0
-5373.0
-4823.0
-5337.0
-6096.0
-5492.0
-4538.0
-6101.0
-5213.0
-6182.0
-5365.0
-5244.0
-5982.0
-5229.0
-5782.0
-5932.0
-4876.0
-5273.0
-5430.0
-6079.0
-5645.0
-5573.0
-5351.0
-5558.0
-5604.0
-5687.0
-6151.0
-6173.0
-5439.0
-5521.0
-6235.0
-5927.0
-4900.0
-5553.0
-4844.0
-5414.0
-5609.0
-6252.0
-5520.0
-5153.0
-4313.0
-5369.0
-4941.0
-5122.0
-5738.0
-5660.0
-4569.0
-5484.0
-5722.0
-5302.0
-4792.0
-5443.0
-6154.0
-4683.0
-4611.0
-5548.0
-4671.0
-5402.0
-5460.0
-6282.0
-5561.0
-5498.0
-5225.0
-5156.0
-3874.0
-5228.0
-5683.0
-4985.0
-5075.0
-4988.0
-5471.0
-5719.0
-5612.0
-5279.0
-5113.0
-5407.0
-4587.0
-5527.0
-5296.0
-5234.0
-4200.0
-4349.0
-5127.0
-4440.0
-5093.0
-4693.0
-5107.0
-5009.0
-4671.0
-5435.0
-7125.0
-7224.0
-7093.0
-6026.0
-5033.0
-4837.0
-4753.0
-4282.0
-4642.0
-6533.0
-4911.0
-4717.0
-5129.0
-4469.0
-5265.0
-4417.0
-4683.0
-3642.0
-4218.0
-5659.0
-5763.0
-4795.0
-5584.0
-4555.0
-4935.0
-4866.0
-4212.0
-5976.0
-7110.0
-4722.0
-6673.0
-6406.0
-5771.0
-4678.0
-4943.0
-3919.0
-4532.0
-4338.0
-4299.0
-4391.0
-4355.0
-3932.0
-3443.0
-4408.0
-4129.0
-3913.0
-4332.0
-4624.0
-3698.0
-4443.0
-3942.0
-4372.0
-4609.0
-4814.0
-3846.0
-4534.0
-4080.0
-5080.0
-4403.0
-4126.0
-4123.0
-5328.0
-4309.0
-4743.0
-4281.0
-5047.0
-4509.0
-4582.0
-3931.0
-4284.0
-4416.0
-4679.0
-4014.0
-3479.0
-4183.0
-3902.0
-4102.0
-4717.0
-4109.0
-4943.0
-4596.0
-4808.0
-3941.0
-4393.0
-4288.0
-4309.0
-3525.0
-3839.0
-4059.0
-4563.0
-4392.0
-4269.0
-4323.0
-3951.0
-3532.0
-4375.0
-3854.0
-4022.0
-4377.0
-4279.0
-3790.0
-5065.0
-4801.0
-4367.0
-3587.0
-4039.0
-4485.0
-4305.0
-4242.0
-3852.0
-4701.0
-4052.0
-3845.0
-3162.0
-3537.0
-3668.0
-3996.0
-3580.0
-4400.0
-4132.0
-4184.0
-4358.0
-3685.0
-3856.0
-3658.0
-3446.0
-3989.0
-4283.0
-3800.0
-4475.0
-4722.0
-4267.0
-3424.0
-3633.0
-3170.0
-3495.0
-3748.0
-3312.0
-4304.0
-3124.0
-3711.0
-3537.0
-3244.0
-4362.0
-4216.0
-3984.0
-4023.0
-3457.0
-3628.0
-3598.0
-3822.0
-3663.0
-4462.0
-3829.0
-4346.0
-3771.0
-3771.0
-4008.0
-3880.0
-3464.0
-3369.0
-3556.0
-3282.0
-3383.0
-2820.0
-3518.0
-3706.0
-3082.0
-3316.0
-3622.0
-4087.0
-3494.0
-3941.0
-3694.0
-3554.0
-3473.0
-4464.0
-4111.0
-4200.0
-3700.0
-3703.0
-3103.0
-3361.0
-3046.0
-3502.0
-3058.0
-3418.0
-3329.0
-4181.0
-3983.0
-3712.0
