283991
229783
304489
274191
216311
295378
214840
241733
313778
375782
273201
183476
239791
399429
290714
404529
262991
539964
281346
211070
308542
309000
364068
997655
329789
651144
431128
192658
187839
170800
187521
333848
188744
250971
482997
213327
618575
258221
335309
350030
555960
187361
495150
310345
494085
301080
281607
363277
334081
320746
422852
266180
429531
713277
735205
777252
1030714
435279
734627
897896
1405368
694277
280523
306016
677459
414024
438345
1327329
1369151
2000625
982661
930619
330380
415108
998032
669866
1694676
1220325
475173
927858
411895
1687328
565994
732752
884724
2824787
2101700
2741984
2157538
1382234
993307
1943602
1095507
1784604
2172560
1822976
2207317
2150214
2183464
2149346
