-91332219.8
-76248836.1
-99345155.4
-84161868.70000003
-74977372.19999997
-104226934.99999996
-72518207.79999998
-79824658.8
-98503123.90000004
-123816745.00000007
-81647317.39999999
-63507863.800000034
-76280531.49999999
-124752937.59999998
-99043314.70000002
-143067110.2
-88306673.89999999
-172039728.5
-93843073.5
-70339663.69999999
-97106390.39999996
-101786524.80000003
-127389666.09999995
-324710209.20000005
-108442112.8
-209018360.79999995
-144246022.80000004
-66772521.000000015
-63325261.899999976
-60619756.10000002
-60911758.20000001
-104686571.10000001
-64606003.99999997
-78272138.89999998
-144734747.0
-77916767.0
-184721230.3
-85861012.39999998
-104957548.59999995
-123111373.70000005
-147665051.20000002
-62325346.599999994
-142518612.3
-97938480.69999997
-141504551.9
-104857947.3
-91851957.10000001
-128590078.60000001
-102837333.80000001
-105849812.19999996
-138514927.9
-87241523.89999998
-145489218.60000002
-231814348.79999995
-203137687.00000003
-217466435.20000008
-361216229.09999996
-111823595.80000003
-202349860.30000007
-198301494.79999998
-391450646.70000005
-207330467.7
-90807415.5
-101591774.8
-185816999.8
-117921466.5
-144956490.8
-333296017.9
-365928065.8000001
-416203794.40000004
-203453341.00000003
-275521685.8
-98653279.40000002
-111352476.79999995
-262420626.7
-203422358.3
-387041012.90000004
-301394456.8
-145707088.89999995
-209061448.1
-126486157.79999998
-342837855.59999996
-164276442.70000005
-241943361.19999993
-213205378.2
-762611251.7000004
-551937189.5
-653104523.3
-582824674.9999999
-368510480.6999999
-294638277.3000001
-417901164.90000004
-304402574.00000006
-462751798.8
-433668988.5000001
-414484282.79999995
-453849800.5
-427149111.70000005
-500110903.59999996
-421642213.20000005
