52.59092592592592
42.55240740740741
56.38685185185185
50.77611111111111
40.05759259259259
54.69962962962963
39.785185185185185
44.76537037037037
58.10703703703704
69.58925925925926
50.592777777777776
33.977037037037036
44.40574074074074
73.96833333333333
53.83592592592593
74.91277777777778
48.70203703703704
99.99333333333334
52.10111111111111
39.087037037037035
57.13740740740741
57.22222222222222
67.42
184.7509259259259
61.072037037037035
120.58222222222223
79.83851851851851
35.67740740740741
34.785
31.62962962962963
34.72611111111111
61.82370370370371
34.952592592592595
46.47611111111111
89.44388888888889
39.505
114.55092592592592
47.818703703703704
62.09425925925926
64.82037037037037
102.95555555555555
34.696481481481484
91.69444444444444
57.471296296296295
91.49722222222222
55.75555555555555
52.14944444444444
67.27351851851851
61.866851851851855
59.39740740740741
78.30592592592592
49.29259259259259
79.54277777777777
132.08833333333334
136.14907407407406
143.93555555555557
190.87296296296296
80.60722222222222
136.04203703703703
166.27703703703705
260.25333333333333
128.5698148148148
51.94870370370371
56.66962962962963
125.45537037037037
76.67111111111112
81.175
245.80166666666668
253.5464814814815
370.4861111111111
181.97425925925927
172.33685185185186
61.181481481481484
76.87185185185186
184.82074074074075
124.04925925925926
313.8288888888889
225.98611111111111
87.995
171.82555555555555
76.27685185185184
312.46814814814815
104.81370370370371
135.6948148148148
163.83777777777777
523.1087037037037
389.2037037037037
507.7748148148148
399.54407407407405
255.96925925925925
183.94574074074075
359.9262962962963
202.87166666666667
330.4822222222222
402.3259259259259
337.58814814814815
408.7624074074074
398.1877777777778
404.3451851851852
398.027037037037
