276023
287504
289436
270152
281487
282896
287689
277503
278558
271957
269595
266351
275052
270857
295699
277058
292622
261773
286562
279450
293170
273270
273760
281979
273452
276770
277480
284385
266905
279880
283898
292372
292640
279376
290671
285818
288302
286213
285414
281575
277092
274909
275044
276696
287926
276019
272149
277145
292602
283676
285831
273352
273809
276032
280134
273268
285486
277497
294128
279561
294287
278998
292400
278413
269234
283803
277356
269956
273567
288426
297058
278592
283001
277543
287808
281993
286832
291160
280908
282954
281499
276509
269528
270007
267712
280733
277042
278878
288000
271253
272030
284883
265134
277590
276707
272563
285361
288165
282410
279623
