51.11537037037037
53.24148148148148
53.599259259259256
50.02814814814815
52.12722222222222
52.38814814814815
53.275740740740744
51.38944444444444
51.58481481481481
50.36240740740741
49.925
49.32425925925926
50.93555555555555
50.1587037037037
54.75907407407407
51.307037037037034
54.18925925925926
48.47648148148148
53.06703703703704
51.75
54.29074074074074
50.605555555555554
50.696296296296296
52.218333333333334
50.63925925925926
51.25370370370371
51.385185185185186
52.66388888888889
49.42685185185185
51.82962962962963
52.57370370370371
54.14296296296296
54.19259259259259
51.736296296296295
53.827962962962964
52.92925925925926
53.38925925925926
53.00240740740741
52.85444444444445
52.14351851851852
51.31333333333333
50.90907407407408
50.934074074074076
51.24
53.31962962962963
51.11462962962963
50.397962962962964
51.32314814814815
54.18555555555555
52.53259259259259
52.931666666666665
50.62074074074074
50.70537037037037
51.117037037037036
51.876666666666665
50.605185185185185
52.867777777777775
51.388333333333335
54.468148148148146
51.77055555555555
54.49759259259259
51.666296296296295
54.148148148148145
51.55796296296296
49.858148148148146
52.556111111111115
51.36222222222222
49.991851851851855
50.660555555555554
53.41222222222222
55.010740740740744
51.59111111111111
52.40759259259259
51.39685185185185
53.297777777777775
52.220925925925926
53.117037037037036
53.91851851851852
52.02
52.39888888888889
52.129444444444445
51.20537037037037
49.912592592592596
50.001296296296296
49.5762962962963
51.98759259259259
51.30407407407407
51.64407407407408
53.333333333333336
50.23203703703704
50.37592592592593
52.75611111111111
49.09888888888889
51.40555555555556
51.242037037037036
50.47462962962963
52.84462962962963
53.36388888888889
52.29814814814815
51.782037037037036
