-212159.0
-225126.0
-222238.0
-205966.0
-213641.0
-220952.0
-223759.0
-217833.0
-220248.0
-214474.0
-207513.0
-206474.0
-216112.0
-209173.0
-228133.0
-212097.0
-221606.0
-199923.0
-221103.0
-217278.0
-226585.0
-210887.0
-209344.0
-218248.0
-212850.0
-214732.0
-214798.0
-219877.0
-204178.0
-219316.0
-220385.0
-225280.0
-226754.0
-217439.0
-226546.0
-221161.0
-222568.0
-219675.0
-221598.0
-217060.0
-212333.0
-213523.0
-206860.0
-211609.0
-222703.0
-212497.0
-210552.0
-212182.0
-226571.0
-216907.0
-218355.0
-215070.0
-214739.0
-216713.0
-215450.0
-213835.0
-219960.0
-214034.0
-228446.0
-215908.0
-229793.0
-219281.0
-226490.0
-210438.0
-208425.0
-224101.0
-214895.0
-210704.0
-214220.0
-222730.0
-229544.0
-211701.0
-223509.0
-213209.0
-221656.0
-215917.0
-223807.0
-225554.0
-218943.0
-215523.0
-221932.0
-214797.0
-209923.0
-211440.0
-205476.0
-219989.0
-213961.0
-215621.0
-218773.0
-206892.0
-210169.0
-219776.0
-204156.0
-213093.0
-213847.0
-210272.0
-221236.0
-219739.0
-213685.0
-218676.0
