-187675.0
-173927.0
-234486.0
-181782.0
-159521.0
-133029.0
-135173.0
-216309.0
-165105.0
-175565.0
-175007.0
-203830.0
-197884.0
-168564.0
-201894.0
-133456.0
-166860.0
-182798.0
-220187.0
-171846.0
-165692.0
-170800.0
-201975.0
-150424.0
-168410.0
-176537.0
-215198.0
-177915.0
-137988.0
-218374.0
-188774.0
-115988.0
-140432.0
-160447.0
-193175.0
-166313.0
-159708.0
-144920.0
-251627.0
-142378.0
-174702.0
-145672.0
-131799.0
-162438.0
-147282.0
-149411.0
-130249.0
-156030.0
-162562.0
-183136.0
-126681.0
-202917.0
-126482.0
-147409.0
-122429.0
-105797.0
-135578.0
-170658.0
-165249.0
-185080.0
-157240.0
-113473.0
-157943.0
-141179.0
-136282.0
-163912.0
-143977.0
-146599.0
-227580.0
-132389.0
-168328.0
-138584.0
-124058.0
-157766.0
-114718.0
-189697.0
-131175.0
-152294.0
-127198.0
-141418.0
-166592.0
-150725.0
-157621.0
-121719.0
-158652.0
-131539.0
-122006.0
-136208.0
-163688.0
-170146.0
-163111.0
-124051.0
-156467.0
-129895.0
-133092.0
-136140.0
-116553.0
-157927.0
-144814.0
-156778.0
-108394.0
-147490.0
-105416.0
-151519.0
-119914.0
-134516.0
-128425.0
-144940.0
-130120.0
-117835.0
-159819.0
-158704.0
-104345.0
-121575.0
-142335.0
-120718.0
-157678.0
-159809.0
-105914.0
-164520.0
-140858.0
-160799.0
-122857.0
-99791.0
-124151.0
-172324.0
-118909.0
-124158.0
-117992.0
-159211.0
-159376.0
-145574.0
-100331.0
-130005.0
-109886.0
-135689.0
-157840.0
-118258.0
-151011.0
-112139.0
-144887.0
-107075.0
-114705.0
-107663.0
-124517.0
-149849.0
-111216.0
-103048.0
-115582.0
-112852.0
-94511.0
-124826.0
-109326.0
-91269.0
-99402.0
-145142.0
-125012.0
-110919.0
-119205.0
-143390.0
-105675.0
-116234.0
-113898.0
-105825.0
-142646.0
-108060.0
-120886.0
-111122.0
-119683.0
-102963.0
-126138.0
-118277.0
-111875.0
-123295.0
-125424.0
-96570.0
-96114.0
-105900.0
-111243.0
-137988.0
-85812.0
-85585.0
-117364.0
-98751.0
-163210.0
-118947.0
-116319.0
-126508.0
-123789.0
-142963.0
-104180.0
-89313.0
-115618.0
-105111.0
-137429.0
-101209.0
-107616.0
-112058.0
-118787.0
-93046.0
-104773.0
-109544.0
-116839.0
-115594.0
-113401.0
-120340.0
-112973.0
-93794.0
-101127.0
-116290.0
-130538.0
-122105.0
-99222.0
-114111.0
-105532.0
-106788.0
-126114.0
-106507.0
-115692.0
-134090.0
-112224.0
-116138.0
-96574.0
-106086.0
-93563.0
-103022.0
-108023.0
-113488.0
-75131.0
-124019.0
-118303.0
-121253.0
-112491.0
-116896.0
-90531.0
-104508.0
-94303.0
-101055.0
-109105.0
-104836.0
-113033.0
-77163.0
-103702.0
-91339.0
-101350.0
-89540.0
-98436.0
-88403.0
-83027.0
-93659.0
-98007.0
-107171.0
-90277.0
-86244.0
-101652.0
-84025.0
-92791.0
-140859.0
-92018.0
-119936.0
-108560.0
-86093.0
-89809.0
-94563.0
-79224.0
-76387.0
-99670.0
-108305.0
-94436.0
-98357.0
-127226.0
-112317.0
-92619.0
-85619.0
-100698.0
-119941.0
-82421.0
-88254.0
-96602.0
-79672.0
-108535.0
-100816.0
-99148.0
-112362.0
-87859.0
-80575.0
-79316.0
-80123.0
-78374.0
-95128.0
-118029.0
-70091.0
-74712.0
-96284.0
-92013.0
-83609.0
-75718.0
-85170.0
-116000.0
-88824.0
-85564.0
-106899.0
-109121.0
-95771.0
-100393.0
-102776.0
-106282.0
-87790.0
-101024.0
-98995.0
-97717.0
-113978.0
-88671.0
-101663.0
-92645.0
-90230.0
-70277.0
-83204.0
-60700.0
-102244.0
-87019.0
-82590.0
-69812.0
-86190.0
-80336.0
-92987.0
-74329.0
-93415.0
-104602.0
-72880.0
-82119.0
-85189.0
-75333.0
-106479.0
-85718.0
-69097.0
-83407.0
-80357.0
-87624.0
-94282.0
-79831.0
-85787.0
-90430.0
-81766.0
-118797.0
-97322.0
-72294.0
-117354.0
-83265.0
-83254.0
-116561.0
-90939.0
-80544.0
-97128.0
-80381.0
-77281.0
-68908.0
-75717.0
-79964.0
-110094.0
-82887.0
-92813.0
-74989.0
-78399.0
-84717.0
-85316.0
-69295.0
-84744.0
-104338.0
-77142.0
-71976.0
-74237.0
-70972.0
-74883.0
-88492.0
-88909.0
-76683.0
-75831.0
-77719.0
-68357.0
-80478.0
-72697.0
-78954.0
-82012.0
-76614.0
-57220.0
-66536.0
-96889.0
-71901.0
-71442.0
-78069.0
-93963.0
-71333.0
-85936.0
-67330.0
-77070.0
-73651.0
-78607.0
-62568.0
-78041.0
-68499.0
-70190.0
-62577.0
-68514.0
-72830.0
-77483.0
-83981.0
-76142.0
-82788.0
-64336.0
-74772.0
-73849.0
-73450.0
-88343.0
-102243.0
-59160.0
-90304.0
-68611.0
-92511.0
-79217.0
-60225.0
-71481.0
-73534.0
-78214.0
-68612.0
-88201.0
-72641.0
-73951.0
-71257.0
-78442.0
-72861.0
-69561.0
-81994.0
-84676.0
-74939.0
-66806.0
-70372.0
-58186.0
-63973.0
-75071.0
-76582.0
-78344.0
-75868.0
-72163.0
-66310.0
-91441.0
-88118.0
-82385.0
-60756.0
-75730.0
-70662.0
-82146.0
-79336.0
-75770.0
-79523.0
-61195.0
-75629.0
-74101.0
-75356.0
-80483.0
-65692.0
-67066.0
-92152.0
-59537.0
-73394.0
-88664.0
-72156.0
-73133.0
-68859.0
-68516.0
-83475.0
-83888.0
-59086.0
-79903.0
-61366.0
-68236.0
-72580.0
-95387.0
-74393.0
-78500.0
-77354.0
-65380.0
-74664.0
-64019.0
-67754.0
-74000.0
-75266.0
-58151.0
-65323.0
-74373.0
-76245.0
-85688.0
-80778.0
-90359.0
-70103.0
-73428.0
-71946.0
-53084.0
-59607.0
-61366.0
-64010.0
-60995.0
-72934.0
-63901.0
-67587.0
-64964.0
-120856.0
-61953.0
-55808.0
-70486.0
-65871.0
-61795.0
-60566.0
-80211.0
-84170.0
-70501.0
-79335.0
-58688.0
-73053.0
-62715.0
-56128.0
-61576.0
-81082.0
-58768.0
-74479.0
-65274.0
-61679.0
-67924.0
-73003.0
-63720.0
-68933.0
-55037.0
-64982.0
-64119.0
-50739.0
-85682.0
-56637.0
-57721.0
-79423.0
-58068.0
-63346.0
-55303.0
-66508.0
-54841.0
-62795.0
-54623.0
-55412.0
-57513.0
-71363.0
-69716.0
-94472.0
-115946.0
-61257.0
-76500.0
-53344.0
-55929.0
-65960.0
-68254.0
-65773.0
-79440.0
-83432.0
-46367.0
-62685.0
-56791.0
-66023.0
-58936.0
-67166.0
-63374.0
-66145.0
-63901.0
-63639.0
-45963.0
-58902.0
-73657.0
-56441.0
-55435.0
-60040.0
-65759.0
-87840.0
-98690.0
-49733.0
-62333.0
-62771.0
-57204.0
-54727.0
-63731.0
-57949.0
-54005.0
-62346.0
-44736.0
-48805.0
-51023.0
-72882.0
-80459.0
-65974.0
-52835.0
-50813.0
-50571.0
-54164.0
-59278.0
-54486.0
-59768.0
-50513.0
-72282.0
-62110.0
-54520.0
-57352.0
-55731.0
-58600.0
-53439.0
-60145.0
-64621.0
-51511.0
-58458.0
-59113.0
-54360.0
-57844.0
-64652.0
-63833.0
-60349.0
-69710.0
-53646.0
-64913.0
-60785.0
-106625.0
-58571.0
-58282.0
-61000.0
-54786.0
-58798.0
-43234.0
-84923.0
-64446.0
-60951.0
-67092.0
-55912.0
-62557.0
-59252.0
-44055.0
-52750.0
-43944.0
-57517.0
-54892.0
-46567.0
-56602.0
-56645.0
-60818.0
-65544.0
-62439.0
-52559.0
-53078.0
-57967.0
-45563.0
-58267.0
-50536.0
-55837.0
-53687.0
-55018.0
-57215.0
-55475.0
-54737.0
-49362.0
-95871.0
-80940.0
-46024.0
-69892.0
-49873.0
-57896.0
-51654.0
-52003.0
-89574.0
-53579.0
-47708.0
-58909.0
-72421.0
-64345.0
-69200.0
-57683.0
-43047.0
-64140.0
-47697.0
-53582.0
-45078.0
-58926.0
-77841.0
-58716.0
-45437.0
-54164.0
-80014.0
-63659.0
-56051.0
-105544.0
-65192.0
-56237.0
-53205.0
-62801.0
-53488.0
-50710.0
-51866.0
-59199.0
-51331.0
-51414.0
-54864.0
-48916.0
-46617.0
-50699.0
-71277.0
-43855.0
-53652.0
-48162.0
-53234.0
-61179.0
-56257.0
-49846.0
-50698.0
-59830.0
-46691.0
-59190.0
-51163.0
-41987.0
-52774.0
-55590.0
-43307.0
-43313.0
-55179.0
-45260.0
-211275.0
-56001.0
-45726.0
-42684.0
-126389.0
-100431.0
-50489.0
-68617.0
-56030.0
-63248.0
-50763.0
-52089.0
-261037.0
-63844.0
-68113.0
-53214.0
-57763.0
-54815.0
-427441.0
-49568.0
-66225.0
-84501.0
-60844.0
-47212.0
-75081.0
-63476.0
-130960.0
-96636.0
-52190.0
-70420.0
-40609.0
-91982.0
-116954.0
-221831.0
-63174.0
-110274.0
-48499.0
-100004.0
-42492.0
-61776.0
-153394.0
-99078.0
-59564.0
-46497.0
-48566.0
-50897.0
-72984.0
-64328.0
-59309.0
-68804.0
-127334.0
-114157.0
-69953.0
-54830.0
-55094.0
-79517.0
-51797.0
-135509.0
-51421.0
-57535.0
-69846.0
-134507.0
-46804.0
-42526.0
-50393.0
-80185.0
-64141.0
-54959.0
-61779.0
-64237.0
-72752.0
-208701.0
-157895.0
-57767.0
