-376495.0
-406047.0
-442956.0
-357248.0
-310265.0
-292826.0
-274611.0
-439012.0
-357700.0
-371910.0
-359499.0
-391828.0
-403822.0
-366659.0
-427451.0
-280656.0
-319936.0
-391797.0
-399900.0
-336286.0
-333361.0
-339825.0
-428357.0
-319468.0
-362789.0
-354732.0
-410551.0
-347270.0
-307366.0
-445108.0
-377097.0
-230039.0
-306096.0
-323178.0
-443027.0
-343653.0
-326780.0
-307379.0
-481245.0
-297308.0
-400377.0
-354945.0
-285472.0
-312016.0
-307197.0
-320541.0
-252938.0
-298671.0
-339042.0
-374703.0
-262363.0
-398182.0
-251336.0
-305592.0
-257326.0
-215871.0
-275813.0
-326202.0
-325968.0
-333251.0
-311565.0
-244241.0
-346191.0
-266576.0
-292733.0
-308571.0
-303318.0
-303584.0
-439928.0
-262779.0
-342946.0
-279584.0
-281947.0
-333425.0
-245168.0
-352062.0
-289672.0
-344695.0
-274430.0
-277392.0
-341360.0
-301241.0
-338034.0
-256488.0
-301643.0
-248495.0
-252060.0
-270657.0
-309048.0
-321229.0
-327405.0
-239127.0
-344030.0
-250027.0
-274422.0
-284771.0
-236913.0
-294079.0
-298300.0
-290471.0
-231205.0
-276766.0
-218154.0
-308142.0
-253923.0
-296774.0
-249688.0
-306799.0
-278845.0
-240208.0
-291595.0
-292537.0
-220999.0
-245946.0
-295875.0
-231566.0
-302513.0
-299508.0
-224949.0
-360096.0
-303034.0
-319888.0
-264359.0
-209916.0
-264863.0
-348209.0
-273555.0
-248287.0
-252060.0
-309473.0
-284585.0
-292596.0
-223652.0
-260679.0
-226233.0
-259765.0
-288610.0
-248652.0
-283763.0
-229392.0
-306286.0
-216215.0
-217521.0
-220375.0
-245717.0
-300337.0
-245439.0
-237270.0
-237321.0
-249206.0
-193899.0
-288648.0
-206082.0
-191523.0
-202765.0
-272600.0
-256685.0
-226278.0
-231561.0
-258286.0
-215465.0
-229875.0
-261601.0
-213880.0
-346735.0
-226309.0
-218147.0
-224705.0
-242605.0
-201338.0
-258504.0
-257847.0
-231518.0
-250348.0
-247523.0
-193932.0
-218707.0
-206714.0
-227983.0
-269016.0
-176141.0
-183854.0
-241590.0
-206681.0
-306769.0
-226608.0
-247756.0
-256810.0
-258960.0
-287173.0
-216773.0
-187492.0
-227271.0
-222071.0
-269638.0
-206269.0
-226250.0
-217995.0
-244597.0
-174944.0
-209341.0
-235963.0
-230158.0
-227164.0
-230836.0
-234842.0
-234743.0
-186224.0
-192964.0
-231115.0
-255245.0
-235761.0
-203386.0
-234805.0
-207998.0
-212483.0
-241863.0
-232087.0
-225002.0
-308745.0
-219927.0
-215894.0
-192146.0
-223653.0
-185522.0
-204532.0
-234863.0
-220543.0
-155326.0
-257042.0
-242127.0
-215853.0
-231058.0
-235531.0
-182056.0
-221400.0
-194643.0
-187733.0
-209067.0
-226565.0
-214547.0
-163211.0
-211975.0
-185175.0
-196952.0
-195299.0
-206238.0
-172862.0
-169228.0
-193676.0
-210718.0
-220363.0
-198071.0
-187865.0
-257528.0
-169632.0
-183678.0
-285687.0
-195985.0
-233431.0
-220388.0
-189910.0
-177815.0
-179101.0
-180824.0
-157467.0
-208001.0
-193341.0
-183059.0
-188365.0
-250589.0
-227188.0
-194955.0
-183622.0
-204947.0
-226697.0
-162117.0
-182553.0
-181255.0
-172414.0
-210757.0
-200315.0
-213045.0
-223347.0
-183823.0
-164291.0
-160575.0
-158234.0
-160555.0
-188470.0
-213994.0
-145873.0
-143916.0
-178794.0
-181972.0
-166792.0
-161127.0
-164373.0
-257789.0
-181689.0
-180775.0
-218236.0
-234518.0
-184415.0
-193944.0
-216375.0
-204970.0
-170775.0
-210261.0
-190270.0
-201379.0
-218341.0
-183119.0
-214108.0
-181083.0
-183719.0
-141426.0
-183121.0
-135651.0
-199197.0
-181107.0
-165875.0
-135518.0
-168228.0
-167200.0
-191152.0
-152550.0
-195069.0
-214360.0
-142493.0
-175530.0
-165860.0
-162928.0
-216020.0
-167238.0
-140452.0
-157866.0
-164949.0
-167099.0
-186936.0
-163858.0
-165193.0
-166246.0
-165098.0
-217343.0
-196176.0
-161950.0
-204647.0
-168456.0
-169298.0
-225800.0
-178282.0
-160268.0
-198521.0
-169254.0
-155308.0
-141940.0
-166786.0
-159211.0
-235126.0
-164032.0
-174958.0
-219127.0
-161707.0
-180487.0
-163245.0
-134867.0
-161210.0
-199422.0
-151705.0
-150170.0
-150738.0
-146237.0
-154774.0
-190450.0
-198954.0
-163617.0
-158123.0
-165815.0
-135118.0
-166347.0
-144717.0
-171620.0
-169323.0
-148375.0
-122476.0
-157952.0
-181807.0
-140308.0
-141726.0
-165196.0
-174872.0
-145355.0
-167214.0
-132579.0
-158812.0
-143831.0
-159501.0
-131854.0
-156822.0
-152789.0
-143787.0
-136487.0
-136780.0
-144569.0
-159198.0
-168430.0
-150716.0
-162723.0
-144665.0
-148122.0
-147886.0
-148366.0
-174200.0
-181595.0
-131384.0
-179166.0
-143443.0
-178440.0
-150163.0
-123699.0
-156329.0
-144775.0
-153689.0
-135872.0
-171335.0
-148133.0
-149398.0
-144792.0
-152381.0
-136055.0
-139418.0
-165161.0
-172541.0
-145824.0
-128735.0
-151645.0
-118069.0
-130034.0
-150387.0
-157732.0
-168799.0
-146958.0
-144451.0
-125681.0
-171008.0
-164019.0
-152864.0
-117528.0
-143056.0
-141055.0
-165648.0
-168381.0
-143056.0
-161897.0
-132441.0
-145744.0
-162077.0
-146509.0
-166181.0
-132877.0
-135589.0
-179146.0
-126096.0
-145851.0
-164470.0
-139651.0
-143845.0
-141285.0
-138255.0
-161361.0
-170542.0
-115762.0
-158127.0
-118517.0
-134859.0
-153284.0
-181536.0
-154746.0
-154651.0
-156320.0
-145338.0
-160569.0
-134619.0
-140953.0
-152857.0
-144748.0
-117685.0
-130776.0
-151983.0
-155240.0
-162901.0
-164923.0
-175305.0
-141251.0
-139655.0
-135507.0
-106714.0
-120089.0
-118745.0
-126772.0
-128006.0
-144172.0
-127159.0
-126851.0
-133417.0
-345207.0
-131900.0
-126165.0
-158078.0
-136109.0
-127111.0
-124047.0
-153350.0
-157429.0
-147898.0
-158985.0
-121730.0
-142724.0
-124718.0
-108905.0
-120571.0
-159948.0
-114614.0
-145785.0
-134913.0
-120972.0
-148400.0
-146016.0
-128710.0
-151921.0
-115493.0
-126913.0
-126074.0
-104425.0
-165537.0
-116115.0
-117511.0
-145263.0
-115275.0
-126532.0
-105001.0
-136834.0
-117079.0
-128714.0
-113398.0
-112024.0
-119233.0
-143880.0
-143046.0
-178024.0
-213349.0
-126471.0
-143228.0
-110141.0
-118391.0
-123394.0
-129601.0
-127737.0
-162603.0
-162774.0
-101137.0
-128539.0
-110957.0
-136556.0
-120874.0
-127110.0
-133926.0
-122697.0
-130631.0
-126059.0
-94033.0
-104700.0
-154053.0
-120081.0
-114431.0
-123455.0
-140040.0
-206129.0
-291836.0
-107306.0
-132828.0
-123936.0
-114057.0
-106577.0
-110145.0
-125460.0
-110054.0
-116205.0
-94560.0
-105660.0
-104771.0
-138543.0
-205836.0
-130187.0
-122396.0
-101774.0
-110045.0
-110146.0
-119759.0
-107194.0
-135308.0
-101875.0
-130822.0
-117913.0
-104724.0
-111117.0
-152889.0
-121546.0
-103441.0
-120099.0
-133238.0
-106055.0
-111089.0
-119769.0
-106996.0
-114181.0
-130153.0
-125524.0
-111064.0
-135358.0
-110382.0
-124580.0
-119759.0
-238480.0
-120638.0
-117471.0
-129126.0
-114338.0
-117857.0
-92267.0
-170170.0
-124050.0
-130162.0
-144056.0
-113353.0
-123271.0
-121912.0
-83963.0
-112753.0
-92396.0
-116951.0
-107179.0
-90400.0
-114546.0
-116726.0
-119033.0
-139842.0
-123235.0
-102868.0
-109260.0
-120511.0
-94428.0
-118264.0
-95403.0
-113516.0
-112866.0
-101650.0
-126291.0
-110439.0
-113519.0
-100854.0
-235775.0
-178442.0
-101010.0
-165613.0
-97233.0
-114061.0
-108042.0
-101001.0
-166818.0
-107293.0
-104709.0
-115643.0
-142921.0
-122203.0
-121706.0
-110703.0
-90885.0
-119982.0
-102439.0
-102916.0
-95440.0
-124108.0
-149662.0
-121901.0
-93857.0
-112501.0
-142481.0
-116194.0
-131144.0
-171042.0
-136961.0
-127982.0
-108415.0
-123262.0
-107281.0
-101341.0
-102349.0
-126428.0
-98613.0
-97463.0
-110196.0
-99166.0
-96353.0
-101185.0
-136425.0
-94373.0
-103558.0
-94758.0
-111528.0
-123779.0
-106660.0
-95022.0
-102453.0
-119527.0
-100534.0
-131977.0
-110716.0
-90229.0
-96758.0
-117374.0
-85621.0
-86014.0
-107677.0
-85806.0
-294121.0
-105759.0
-96371.0
-83893.0
-373484.0
-178738.0
-110230.0
-150561.0
-111375.0
-111109.0
-125927.0
-105646.0
-860059.0
-141823.0
-171548.0
-122223.0
-212775.0
-160907.0
-1875843.0
-116616.0
-173798.0
-159303.0
-116825.0
-102278.0
-148918.0
-136658.0
-349947.0
-258245.0
-105732.0
-151121.0
-85864.0
-154576.0
-203225.0
-297127.0
-119151.0
-192627.0
-98127.0
-167475.0
-90802.0
-119967.0
-329718.0
-168871.0
-119923.0
-98304.0
-104912.0
-108082.0
-142928.0
-112607.0
-121018.0
-167106.0
-182064.0
-196819.0
-140980.0
-109783.0
-115213.0
-145949.0
-104553.0
-532631.0
-104096.0
-121539.0
-141215.0
-184822.0
-99579.0
-90167.0
-111761.0
-149187.0
-120979.0
-109192.0
-123487.0
-118920.0
-184844.0
-1045248.0
-672496.0
-178993.0
