8.408888888888889
9.779814814814815
9.571111111111112
8.271851851851851
6.748333333333333
7.832962962962963
8.437592592592592
12.71111111111111
9.23
9.738888888888889
8.802777777777777
8.083148148148148
9.133333333333333
8.094814814814814
10.788703703703703
8.297222222222222
7.193518518518519
9.855185185185185
8.344074074074074
6.770185185185185
7.4783333333333335
8.546111111111111
9.82462962962963
8.682222222222222
8.353333333333333
7.6718518518518515
8.137592592592593
8.247777777777777
8.98611111111111
9.766851851851852
8.028888888888888
6.12462962962963
8.947037037037036
8.601851851851851
12.876666666666667
7.377037037037037
7.413703703703704
9.323148148148148
7.472777777777778
7.352222222222222
11.068518518518518
12.520185185185186
8.628333333333334
7.995555555555556
9.780185185185186
8.108703703703704
5.787037037037037
7.80462962962963
7.4601851851851855
7.342777777777778
6.397777777777778
9.280185185185186
5.979629629629629
7.975555555555555
7.355185185185185
7.157777777777778
6.397222222222222
7.345
6.402037037037037
6.988888888888889
6.724444444444444
6.4622222222222225
9.408703703703704
6.526481481481482
7.238148148148148
6.563703703703704
7.098703703703704
7.077037037037037
7.153333333333333
6.676111111111111
7.515370370370371
6.078888888888889
7.609814814814815
8.242407407407407
6.663518518518519
6.735740740740741
7.441851851851852
8.81462962962963
7.1957407407407405
5.952962962962963
7.882962962962963
6.370185185185186
7.701851851851852
6.422777777777778
7.2188888888888885
6.024814814814815
6.77
6.719444444444444
5.729814814814815
6.412592592592593
8.459259259259259
5.59037037037037
8.361666666666666
5.842962962962963
7.099259259259259
6.477592592592592
6.766481481481481
6.398333333333333
6.3838888888888885
5.691111111111111
7.473333333333334
6.308888888888889
6.926296296296297
6.634074074074074
7.032222222222222
7.515
6.267777777777778
7.396111111111111
6.297962962962963
5.754074074074074
5.366481481481482
6.127592592592593
5.679074074074074
5.975555555555555
7.382037037037037
5.764259259259259
5.595370370370371
5.869074074074074
5.814074074074074
8.601296296296296
7.07037037037037
8.341851851851851
6.269444444444445
5.970185185185185
6.754814814814814
7.039444444444444
6.498703703703704
5.359259259259259
6.393888888888889
5.517222222222222
6.143148148148148
6.550185185185185
6.918888888888889
6.16925925925926
6.54037037037037
5.377777777777778
6.2353703703703705
5.823888888888889
6.282962962962963
6.082962962962963
6.143888888888889
5.190555555555555
4.623888888888889
5.0562962962962965
5.897592592592592
6.907777777777778
6.43
6.408888888888889
5.938518518518518
6.5579629629629625
5.369259259259259
8.05888888888889
4.740925925925926
5.117592592592593
5.031666666666666
5.848703703703704
5.815555555555555
4.9564814814814815
5.211111111111111
6.149074074074074
5.6503703703703705
4.961111111111111
7.189074074074074
5.620555555555556
10.037037037037036
5.630185185185185
4.899444444444445
5.321666666666666
5.791666666666667
5.542777777777777
6.3405555555555555
6.759444444444444
5.544814814814814
5.953888888888889
6.006296296296297
4.852777777777778
6.053703703703704
5.246296296296296
5.063518518518518
6.245555555555556
5.388148148148148
5.327407407407407
5.4040740740740745
5.492222222222222
5.283888888888889
4.999074074074074
5.70962962962963
6.413703703703704
5.826481481481482
6.199814814814815
5.407777777777778
5.332407407407407
5.25037037037037
5.79537037037037
5.870555555555556
4.645370370370371
5.498888888888889
4.894814814814815
5.1651851851851855
4.302962962962963
5.639814814814815
5.862592592592593
5.177407407407407
4.713703703703704
5.65537037037037
4.702222222222222
5.511666666666667
5.272222222222222
4.841666666666667
4.9309259259259255
4.997222222222222
5.002037037037037
5.141666666666667
5.0851851851851855
4.478518518518518
4.6940740740740745
4.580555555555556
5.732962962962963
5.271111111111111
8.593703703703703
5.136481481481481
4.585740740740741
4.92462962962963
4.602962962962963
4.471851851851852
4.230555555555555
6.467962962962963
5.437222222222222
4.775
5.2
5.902962962962963
4.207962962962963
5.303518518518518
5.525740740740741
4.274074074074074
4.849814814814815
4.5183333333333335
4.667777777777777
4.119814814814815
5.2787037037037035
4.627962962962963
4.2411111111111115
4.907592592592593
4.408148148148148
4.176111111111111
5.076851851851852
5.060740740740741
4.553888888888889
5.182037037037037
4.886111111111111
5.333148148148148
4.9474074074074075
5.740555555555556
5.79537037037037
7.098518518518518
4.114444444444445
4.4511111111111115
4.728888888888889
4.361481481481482
4.991666666666666
4.95962962962963
5.4151851851851855
4.764259259259259
4.336481481481481
4.611111111111111
4.9003703703703705
5.126481481481481
4.2
4.810370370370371
4.732037037037037
4.713888888888889
5.522777777777778
4.875925925925926
4.830185185185186
5.2283333333333335
3.991296296296296
4.613888888888889
4.828888888888889
4.365555555555556
4.525740740740741
4.200185185185185
4.323333333333333
4.822037037037037
4.935370370370371
4.9040740740740745
4.565740740740741
4.192592592592592
3.8716666666666666
4.4746296296296295
3.8514814814814815
4.25537037037037
4.1194444444444445
4.008518518518518
4.230370370370371
4.114444444444445
3.8777777777777778
4.363888888888889
4.019259259259259
5.962037037037037
4.18
4.734259259259259
4.489074074074074
5.223148148148148
4.165925925925926
4.1846296296296295
6.21
4.173518518518518
4.192962962962963
4.501666666666667
4.754444444444444
4.060370370370371
4.130185185185185
4.0687037037037035
5.197777777777778
4.103148148148148
3.9968518518518517
3.835
4.566111111111111
4.156666666666666
4.774629629629629
4.647222222222222
4.12
4.000925925925926
4.327222222222222
4.278333333333333
4.396296296296296
4.271481481481482
4.437777777777778
4.230555555555555
3.6192592592592594
4.7337037037037035
3.830740740740741
4.525
4.995
3.9816666666666665
3.8161111111111112
3.592962962962963
3.496111111111111
3.95
3.97
4.054444444444444
4.4837037037037035
3.9696296296296296
4.415925925925926
4.122777777777777
3.819259259259259
4.052777777777778
4.091111111111111
4.2774074074074075
3.7705555555555557
4.936296296296296
4.158888888888889
3.9544444444444444
4.841111111111111
4.164259259259259
3.998148148148148
4.017592592592592
4.547407407407407
4.041851851851852
5.020370370370371
3.627222222222222
3.381666666666667
7.882407407407407
4.657037037037037
4.367037037037037
3.8007407407407405
3.420185185185185
4.056851851851852
3.793148148148148
4.681111111111111
3.686851851851852
3.9894444444444446
4.460740740740741
3.9387037037037036
4.295185185185185
4.147592592592592
4.359074074074074
3.917222222222222
3.9303703703703703
3.580185185185185
4.113148148148148
3.491111111111111
3.8016666666666667
3.518148148148148
3.783888888888889
3.902222222222222
4.309259259259259
3.1927777777777777
3.6657407407407407
3.1985185185185183
3.79462962962963
3.5296296296296297
3.47537037037037
3.535
3.6444444444444444
3.8216666666666668
3.6507407407407406
3.7151851851851854
3.760925925925926
3.4844444444444442
4.546111111111111
3.7305555555555556
3.9537037037037037
3.7185185185185183
3.615740740740741
3.8985185185185185
3.740740740740741
3.398888888888889
3.620925925925926
3.915
3.6222222222222222
3.480185185185185
3.612222222222222
3.593888888888889
4.03462962962963
3.8983333333333334
4.295185185185185
3.650185185185185
3.5748148148148147
3.237037037037037
3.4703703703703703
3.916851851851852
3.4592592592592593
3.5862962962962963
3.4203703703703705
3.6772222222222224
3.4716666666666667
3.561111111111111
3.4537037037037037
3.1485185185185185
3.5190740740740742
3.5525925925925925
3.5364814814814816
3.8225925925925925
3.427037037037037
3.2674074074074073
3.908703703703704
3.2133333333333334
3.341296296296296
3.250185185185185
3.725740740740741
4.211296296296296
2.9875925925925926
3.432777777777778
3.2668518518518517
3.649259259259259
3.377407407407407
2.92
3.2507407407407407
3.2635185185185187
3.2311111111111113
3.6822222222222223
3.392962962962963
3.1529629629629627
3.655740740740741
3.671851851851852
3.391111111111111
4.449074074074074
2.9990740740740742
3.715
3.305925925925926
3.368333333333333
3.7816666666666667
3.300925925925926
3.0596296296296295
3.4592592592592593
2.943888888888889
3.0875925925925927
3.7892592592592593
3.3401851851851854
3.76
3.779074074074074
2.887962962962963
3.381851851851852
3.473888888888889
3.162962962962963
3.581111111111111
3.133888888888889
3.8325925925925928
3.289814814814815
3.633888888888889
3.520185185185185
4.021111111111111
3.412777777777778
3.7024074074074074
3.4455555555555555
3.49
2.9627777777777777
3.8533333333333335
2.9972222222222222
3.44
3.2762962962962963
3.9555555555555557
3.0596296296296295
3.594074074074074
2.8464814814814816
2.8216666666666668
3.0185185185185186
3.2285185185185186
2.8333333333333335
3.1855555555555557
3.3766666666666665
3.3627777777777776
3.169074074074074
3.2094444444444443
3.136851851851852
10.139814814814814
3.952777777777778
3.4674074074074075
3.620925925925926
3.4925925925925925
3.3866666666666667
3.113888888888889
3.3470370370370373
2.813888888888889
3.2109259259259257
2.9807407407407407
3.6666666666666665
2.89537037037037
2.8574074074074076
3.0987037037037037
3.230185185185185
3.2175925925925926
3.13
3.0274074074074075
3.0946296296296296
2.7109259259259257
3.635740740740741
3.2862962962962965
3.18
3.632222222222222
2.9809259259259258
3.142962962962963
2.5316666666666667
2.8937037037037037
3.019814814814815
3.070925925925926
2.9535185185185187
3.154074074074074
3.135740740740741
2.977037037037037
2.695925925925926
3.053888888888889
3.3274074074074074
3.3807407407407406
3.2222222222222223
3.0455555555555556
3.3255555555555554
3.0012962962962964
3.269814814814815
3.0216666666666665
3.360925925925926
2.8846296296296297
3.324074074074074
3.19
3.238148148148148
2.7924074074074072
3.093148148148148
3.1592592592592594
3.4592592592592593
3.0435185185185185
2.9937037037037038
3.100925925925926
2.863888888888889
3.111851851851852
3.0742592592592595
3.160925925925926
2.899259259259259
2.912037037037037
2.8425925925925926
3.082222222222222
2.7025925925925924
2.582962962962963
3.3207407407407405
3.0503703703703704
2.9737037037037037
2.8633333333333333
3.6053703703703706
6.599444444444444
11.285555555555556
3.1033333333333335
3.4735185185185187
3.22
2.7712962962962964
2.7516666666666665
2.593148148148148
3.218888888888889
2.7235185185185187
3.083148148148148
2.9274074074074075
3.3762962962962964
2.8835185185185184
3.060925925925926
7.0287037037037035
3.4166666666666665
3.16537037037037
2.575740740740741
3.1237037037037036
2.638148148148148
2.762777777777778
2.7885185185185186
3.509259259259259
2.8994444444444443
2.9264814814814817
2.79
2.7914814814814815
2.5322222222222224
5.316851851851852
3.0135185185185187
2.9257407407407405
2.7401851851851853
2.7711111111111113
2.7309259259259258
2.6838888888888888
2.5894444444444447
2.450740740740741
3.267037037037037
3.2562962962962962
2.6285185185185185
2.868333333333333
2.504074074074074
2.764074074074074
2.794074074074074
3.08462962962963
7.605740740740741
3.3668518518518518
2.615
2.8075925925925924
2.9516666666666667
2.717037037037037
2.772037037037037
3.203148148148148
2.8072222222222223
3.1594444444444445
3.79462962962963
2.9005555555555556
2.9114814814814816
2.8468518518518517
2.7468518518518517
3.240740740740741
2.6396296296296295
2.9903703703703703
2.558148148148148
2.573148148148148
2.6194444444444445
2.578148148148148
2.7998148148148148
3.506851851851852
2.8666666666666667
2.602037037037037
2.531296296296296
3.0524074074074075
2.725185185185185
2.652037037037037
2.7127777777777777
2.7398148148148147
3.1246296296296294
2.446296296296296
3.231851851851852
2.599814814814815
2.7087037037037036
2.706851851851852
7.255740740740741
4.45037037037037
2.972962962962963
4.734814814814815
2.477962962962963
2.472777777777778
2.325
2.7744444444444443
2.645925925925926
2.725740740740741
3.178703703703704
2.8848148148148147
2.8516666666666666
2.763888888888889
2.7924074074074072
2.6675925925925927
2.890185185185185
2.7527777777777778
2.885
2.6105555555555555
2.917222222222222
2.4387037037037036
2.5857407407407407
3.246111111111111
2.627222222222222
2.459814814814815
2.364074074074074
2.5375925925925924
3.9137037037037037
3.1283333333333334
3.4183333333333334
3.578333333333333
2.7175925925925926
2.9285185185185183
2.4264814814814817
2.8066666666666666
2.5455555555555556
3.132222222222222
2.7796296296296297
2.137037037037037
2.5166666666666666
2.4185185185185185
2.828888888888889
2.6394444444444445
2.4325925925925924
2.66
2.4362962962962964
2.580185185185185
2.5462962962962963
2.6531481481481483
2.4942592592592594
2.426296296296296
2.7685185185185186
2.490925925925926
3.1812962962962965
3.2355555555555555
3.254259259259259
3.2974074074074076
2.2574074074074075
2.992962962962963
2.512962962962963
2.7448148148148146
2.555925925925926
2.1198148148148146
2.95962962962963
2.635
2.617037037037037
2.4720370370370373
15.159814814814816
2.709074074074074
3.1435185185185186
3.398888888888889
2.5325925925925925
2.225
4.232222222222222
2.303888888888889
40.32851851851852
3.8144444444444443
4.343333333333334
3.633703703703704
8.055
6.002037037037037
94.25259259259259
3.1355555555555554
5.697962962962963
3.8196296296296297
2.9257407407407405
3.253888888888889
2.9472222222222224
3.5883333333333334
13.190555555555555
9.664444444444445
2.743888888888889
3.489074074074074
3.0927777777777776
3.142777777777778
2.394814814814815
2.3051851851851852
2.292777777777778
2.7244444444444444
2.5544444444444445
2.615
2.4703703703703703
2.4946296296296295
10.433518518518518
2.69
2.3801851851851854
2.900185185185185
2.4685185185185183
3.2924074074074072
2.2316666666666665
2.280925925925926
2.567037037037037
6.201481481481482
3.1392592592592594
2.5277777777777777
3.3314814814814815
2.4627777777777777
2.8157407407407407
2.356851851851852
2.832222222222222
24.962962962962962
2.913148148148148
2.914814814814815
3.9942592592592594
2.4205555555555556
3.189814814814815
2.8272222222222223
2.962037037037037
2.373148148148148
2.6725925925925926
2.629074074074074
2.6364814814814816
2.7094444444444443
6.746296296296296
53.07925925925926
31.005185185185184
7.577222222222222
