7.959444444444444
6.224074074074074
10.632222222222222
8.291851851851852
7.59
5.883703703703704
6.733148148148148
7.531666666666666
6.998518518518519
7.62537037037037
7.3096296296296295
11.228148148148149
10.131851851851852
7.926481481481481
7.681666666666667
7.186296296296296
8.657222222222222
7.375555555555556
10.55574074074074
9.854259259259258
8.02111111111111
9.035370370370371
8.597777777777777
7.278888888888889
6.471481481481481
7.031481481481482
11.191296296296295
8.698888888888888
5.893148148148148
9.675
9.94648148148148
6.555
6.1177777777777775
7.657592592592593
7.673703703703704
6.7246296296296295
7.702962962962963
8.036111111111111
11.281481481481482
6.750925925925926
6.9494444444444445
5.992962962962963
6.5088888888888885
7.974259259259259
7.142592592592592
6.728888888888889
7.555370370370371
7.984074074074074
7.409814814814815
6.949074074074074
6.335
8.820555555555556
6.3748148148148145
7.19537037037037
6.726666666666667
5.423518518518518
6.505925925925926
8.727592592592593
7.458888888888889
8.762222222222222
7.127777777777778
5.630740740740741
7.483518518518519
8.675185185185185
5.904259259259259
7.958148148148148
6.6412962962962965
6.970740740740741
11.526111111111112
6.3153703703703705
6.604259259259259
6.479629629629629
5.008333333333334
7.12962962962963
5.678888888888889
7.339074074074074
5.836481481481481
7.057037037037037
7.0125925925925925
8.729074074074074
7.142222222222222
5.954259259259259
6.350925925925926
5.673518518518518
8.520185185185186
6.883703703703704
5.832777777777777
5.792592592592593
8.318333333333333
8.300185185185185
7.149629629629629
6.0398148148148145
6.32462962962963
6.930370370370371
5.309074074074074
5.83462962962963
6.20962962962963
7.720185185185185
5.805
7.765
5.7498148148148145
7.376111111111111
6.129074074074074
6.227962962962963
5.899259259259259
6.311851851851852
6.41462962962963
5.721666666666667
6.171111111111111
5.522777777777778
6.732222222222222
8.364814814814816
5.153333333333333
6.3368518518518515
5.99
6.410925925925926
5.993333333333333
7.528333333333333
5.522407407407408
7.526851851851852
6.007592592592593
6.912222222222222
4.810370370370371
5.370925925925926
5.534814814814815
7.2101851851851855
5.787037037037037
6.2501851851851855
5.347037037037037
8.01388888888889
8.41148148148148
6.7225925925925925
5.070185185185185
5.671296296296297
5.557222222222222
6.129074074074074
7.504444444444444
5.19
6.311111111111111
5.816481481481482
6.105555555555555
5.386296296296297
5.635
5.653888888888889
5.418333333333333
5.810370370370371
4.910925925925926
4.41962962962963
5.338333333333333
5.223333333333334
5.08037037037037
5.685740740740741
5.5670370370370375
4.6177777777777775
4.798333333333333
6.9094444444444445
5.540925925925926
4.946666666666666
5.5707407407407405
6.085
5.045925925925926
5.642777777777778
4.66962962962963
6.049814814814815
5.718148148148148
5.309259259259259
7.012962962962963
6.449814814814815
5.356296296296296
5.34037037037037
5.528888888888889
4.654444444444445
5.377962962962963
5.25462962962963
6.200185185185185
5.521296296296296
4.756481481481481
5.026296296296296
5.323888888888889
6.593703703703704
4.905555555555556
4.036851851851852
5.421666666666667
5.555185185185185
7.325
5.497037037037037
4.774444444444445
6.094444444444444
5.320185185185185
6.29074074074074
5.65
5.231296296296296
5.642222222222222
4.824814814814815
5.4024074074074075
5.0307407407407405
4.7662962962962965
6.213148148148148
5.117037037037037
5.079074074074074
5.38
4.831851851851852
4.917592592592593
5.616481481481482
5.29037037037037
4.887407407407407
4.876481481481481
5.170925925925926
4.970555555555555
5.907592592592593
6.260555555555555
5.655555555555556
4.528333333333333
5.032222222222222
5.072592592592593
5.269814814814815
5.650925925925926
5.038888888888889
5.317777777777778
4.7118518518518515
5.239259259259259
4.858148148148148
4.644259259259259
4.848148148148148
4.571296296296296
5.1940740740740745
5.077222222222222
5.503703703703704
4.163888888888889
5.13462962962963
4.91074074074074
5.471481481481481
4.565
4.943518518518519
4.445555555555556
4.94962962962963
4.550925925925926
5.470555555555555
4.543888888888889
4.092222222222222
5.453518518518519
3.7764814814814813
4.246666666666667
4.411851851851852
4.682777777777778
3.9075925925925925
4.656296296296296
4.795
4.313148148148148
3.9825925925925927
4.985185185185185
4.696481481481482
4.327962962962963
4.403333333333333
4.209444444444444
3.883703703703704
4.8062962962962965
5.408148148148148
4.441296296296296
5.579444444444444
5.383703703703704
3.9522222222222223
4.823518518518519
4.2411111111111115
4.349259259259259
4.421296296296297
5.173148148148148
5.111111111111111
4.81
4.952222222222222
6.121851851851852
4.636111111111111
4.145185185185185
4.046296296296297
4.3025925925925925
5.408148148148148
4.082592592592593
4.285185185185185
4.9618518518518515
4.253888888888889
4.366666666666666
5.44962962962963
4.294074074074074
4.881851851851851
4.744259259259259
4.0835185185185185
3.8088888888888888
3.970925925925926
4.132407407407407
4.46962962962963
4.959074074074074
3.632037037037037
4.375
4.952592592592593
4.650740740740741
3.7185185185185183
3.7437037037037038
4.4440740740740745
4.734074074074074
4.374074074074074
4.521111111111111
4.217592592592593
4.3025925925925925
4.707037037037037
4.792962962962963
4.08537037037037
4.4816666666666665
4.194629629629629
3.3668518518518518
4.581851851851852
4.542592592592593
5.0707407407407405
3.7003703703703703
4.225370370370371
4.941851851851852
4.313518518518518
4.0670370370370375
3.7564814814814813
3.64537037037037
4.989074074074074
3.795
4.08462962962963
3.7198148148148147
4.289444444444444
3.6911111111111112
3.9824074074074076
3.706851851851852
3.9812962962962963
4.497407407407407
3.791851851851852
3.9466666666666668
3.9425925925925926
3.5374074074074073
4.198703703703703
4.149444444444445
3.4337037037037037
3.823703703703704
4.301666666666667
4.354444444444445
4.13
3.801296296296296
4.508703703703704
5.036296296296296
4.482222222222222
4.597407407407408
3.7218518518518517
3.555740740740741
5.327962962962963
4.160185185185185
3.6612962962962965
4.885
3.9785185185185186
4.0942592592592595
4.020740740740741
3.612962962962963
3.525
3.732037037037037
3.756851851851852
4.003148148148148
3.5770370370370372
3.704074074074074
3.974074074074074
3.5007407407407407
4.0290740740740745
3.4646296296296297
4.71962962962963
3.6951851851851854
4.045740740740741
4.113888888888889
4.012777777777778
3.651666666666667
3.7757407407407406
3.531851851851852
3.8924074074074073
4.094814814814815
3.362037037037037
3.3555555555555556
3.743333333333333
3.6816666666666666
3.9514814814814816
4.102037037037037
4.065185185185185
3.4875925925925926
3.638148148148148
3.732222222222222
3.164814814814815
3.3757407407407407
3.9146296296296295
4.135740740740741
3.6985185185185183
3.7779629629629627
4.07037037037037
3.799074074074074
3.950925925925926
3.448703703703704
3.270185185185185
3.555925925925926
4.3587037037037035
3.36
3.7977777777777777
3.272222222222222
3.3216666666666668
3.1535185185185184
3.432777777777778
3.8157407407407407
3.6124074074074075
4.159074074074074
3.330925925925926
3.9525925925925924
3.0901851851851854
3.6057407407407407
3.6237037037037036
3.3607407407407406
4.881666666666667
5.290555555555556
3.0098148148148147
3.9146296296296295
3.385925925925926
3.7557407407407406
3.280925925925926
3.127962962962963
2.9735185185185187
3.7105555555555556
3.375
3.547222222222222
3.779259259259259
3.2977777777777777
3.017037037037037
3.3275925925925924
3.5635185185185185
3.5696296296296297
4.0311111111111115
3.451111111111111
3.7675925925925924
3.4433333333333334
3.465
3.735
3.3757407407407407
3.556111111111111
3.294814814814815
3.326296296296296
3.7935185185185185
3.750185185185185
3.491296296296296
3.688148148148148
3.781296296296296
3.9035185185185184
3.108888888888889
3.141111111111111
3.781851851851852
3.5787037037037037
3.602037037037037
3.097962962962963
3.395925925925926
3.6038888888888887
3.0375925925925924
3.6233333333333335
3.160185185185185
3.41
3.4364814814814815
3.467037037037037
3.5122222222222224
3.7527777777777778
2.8787037037037035
3.3575925925925927
3.918888888888889
3.330185185185185
3.2642592592592594
3.1909259259259257
3.552962962962963
3.5405555555555557
3.071296296296296
2.9324074074074074
3.2594444444444446
3.152222222222222
3.3072222222222223
3.2144444444444447
3.877962962962963
3.3125925925925928
3.6729629629629628
3.4337037037037037
3.0866666666666664
3.1846296296296295
2.860925925925926
3.185925925925926
3.2527777777777778
3.212222222222222
3.151851851851852
3.0696296296296297
3.073703703703704
3.3714814814814815
3.380925925925926
3.06037037037037
3.4444444444444446
3.212962962962963
3.0835185185185185
3.4812962962962963
3.636111111111111
3.109074074074074
3.1746296296296297
3.0616666666666665
2.8246296296296296
3.2324074074074076
3.0864814814814814
3.028703703703704
3.2696296296296294
3.177962962962963
3.004074074074074
2.660185185185185
3.7785185185185184
3.017777777777778
3.0542592592592595
3.241296296296296
3.5212962962962964
3.533703703703704
2.9133333333333336
3.0414814814814815
3.1174074074074074
2.8875925925925925
3.389074074074074
2.975185185185185
2.908703703703704
3.727592592592593
3.207962962962963
3.067037037037037
3.1153703703703703
2.8783333333333334
3.551111111111111
3.1646296296296295
2.813148148148148
3.0907407407407406
2.7905555555555557
3.1255555555555556
2.8722222222222222
2.7396296296296296
3.222777777777778
2.9603703703703705
2.776666666666667
3.8796296296296298
3.112037037037037
3.0824074074074073
2.9807407407407407
2.877222222222222
2.881666666666667
3.1172222222222223
2.9675925925925926
3.0353703703703703
3.120740740740741
2.7624074074074074
3.4824074074074076
3.786111111111111
4.877777777777778
2.9275925925925925
3.262037037037037
2.4505555555555554
3.1798148148148146
3.0972222222222223
3.064814814814815
2.9664814814814813
3.151851851851852
3.2937037037037036
2.525185185185185
3.1494444444444443
2.9451851851851854
2.8214814814814817
3.0368518518518517
3.149074074074074
3.025
3.414814814814815
2.762037037037037
2.874814814814815
2.6946296296296297
3.084814814814815
2.8555555555555556
2.7925925925925927
2.635740740740741
2.8827777777777777
2.5792592592592594
2.7046296296296295
2.920185185185185
2.8394444444444447
2.8183333333333334
3.0514814814814817
2.8137037037037036
2.9542592592592594
3.4835185185185185
2.984814814814815
2.549074074074074
3.6487037037037036
2.7564814814814813
2.615925925925926
2.7955555555555556
2.9653703703703704
3.6905555555555556
3.532962962962963
2.6235185185185186
3.2914814814814815
2.545
2.4677777777777776
2.9075925925925925
2.926851851851852
2.5081481481481482
2.7775925925925926
3.3814814814814813
2.9635185185185184
2.700925925925926
2.8357407407407407
2.6777777777777776
2.7437037037037038
3.051296296296296
2.6655555555555557
2.671111111111111
2.8366666666666664
2.8777777777777778
2.5125925925925925
2.726111111111111
2.968148148148148
2.6503703703703705
2.88
3.0325925925925925
2.5877777777777777
2.5255555555555556
2.580740740740741
2.8357407407407407
3.0433333333333334
2.9448148148148148
2.7655555555555558
2.662777777777778
2.6644444444444444
2.9301851851851852
2.3201851851851854
2.6905555555555556
3.015740740740741
2.6805555555555554
2.8885185185185187
2.7044444444444444
2.8142592592592592
2.5168518518518517
2.4514814814814816
2.2483333333333335
2.4705555555555554
2.7603703703703704
2.912777777777778
2.5262962962962963
2.8885185185185187
2.545925925925926
2.6666666666666665
3.3046296296296296
2.705740740740741
3.397777777777778
2.5664814814814814
2.7957407407407406
2.255
2.7262962962962964
2.8105555555555557
2.515740740740741
2.7624074074074074
2.87
2.707962962962963
2.7755555555555556
2.6074074074074076
2.8627777777777776
2.674074074074074
2.8396296296296297
2.513148148148148
3.1246296296296294
2.4048148148148147
2.382037037037037
2.647222222222222
2.6575925925925925
4.740925925925926
3.1418518518518517
2.651851851851852
2.6414814814814815
2.796666666666667
2.8470370370370373
3.657037037037037
2.9705555555555554
2.2925925925925927
2.8405555555555555
2.4431481481481483
2.5877777777777777
2.661111111111111
2.4812962962962963
2.9229629629629628
2.772222222222222
2.6255555555555556
2.667962962962963
4.214074074074074
2.727777777777778
2.206111111111111
5.924074074074074
3.127962962962963
2.6612962962962965
2.517037037037037
2.682962962962963
2.35
2.4435185185185184
2.587222222222222
2.687222222222222
2.803703703703704
3.207777777777778
2.430740740740741
2.4294444444444445
2.383888888888889
2.6135185185185184
2.9827777777777778
2.198888888888889
2.720925925925926
2.7218518518518517
2.3938888888888887
2.9225925925925926
2.445
2.5933333333333333
2.568888888888889
2.548888888888889
2.8133333333333335
3.0235185185185185
2.4253703703703704
2.313888888888889
2.4274074074074075
2.5055555555555555
2.5166666666666666
2.113703703703704
2.4137037037037037
2.237037037037037
12.401111111111112
2.2824074074074074
2.221296296296296
2.2962962962962963
2.5837037037037036
5.556666666666667
2.4996296296296294
3.118148148148148
2.5835185185185185
2.807777777777778
2.70537037037037
2.1764814814814817
2.4903703703703703
2.6235185185185186
2.3538888888888887
2.370740740740741
2.4714814814814816
2.8898148148148146
2.8422222222222224
2.520185185185185
2.252962962962963
3.3807407407407406
3.5064814814814813
2.245925925925926
2.910740740740741
2.535185185185185
3.6174074074074074
2.8575925925925927
2.4024074074074075
3.9555555555555557
2.832037037037037
4.71425925925926
6.833333333333333
14.622777777777777
3.415185185185185
6.247592592592593
2.4616666666666664
4.376296296296296
2.207777777777778
2.5303703703703704
6.874259259259259
5.475
2.3672222222222223
2.392037037037037
2.4809259259259258
2.073888888888889
2.5425925925925927
3.4272222222222224
2.6705555555555556
3.95962962962963
7.785
5.679074074074074
3.7405555555555554
3.0842592592592593
2.381111111111111
3.367777777777778
2.2872222222222223
2.8805555555555555
2.611111111111111
2.512037037037037
4.209444444444444
7.198333333333333
2.4024074074074075
2.348148148148148
2.2646296296296295
4.237777777777778
3.0855555555555556
2.5348148148148146
2.5316666666666667
3.6994444444444445
2.157037037037037
1.9859259259259259
2.376851851851852
2.545925925925926
