45408
52811
51684
44668
36441
42298
45563
68640
49842
52590
47535
43649
49320
43712
58259
44805
38845
53218
45058
36559
40383
46149
53053
46884
45108
41428
43943
44538
48525
52741
43356
33073
48314
46450
69534
39836
40034
50345
40353
39702
59770
67609
46593
43176
52813
43787
31250
42145
40285
39651
34548
50113
32290
43068
39718
38652
34545
39663
34571
37740
36312
34896
50807
35243
39086
35444
38333
38216
38628
36051
40583
32826
41093
44509
35983
36373
40186
47599
38857
32146
42568
34399
41590
34683
38982
32534
36558
36285
30941
34628
45680
30188
45153
31552
38336
34979
36539
34551
34473
30732
40356
34068
37402
35824
37974
40581
33846
39939
34009
31072
28979
33089
30667
32268
39863
31127
30215
31693
31396
46447
38180
45046
33855
32239
36476
38013
35093
28940
34527
29793
33173
35371
37362
33314
35318
29040
33671
31449
33928
32848
33177
28029
24969
27304
31847
37302
34722
34608
32068
35413
28994
43518
25601
27635
27171
31583
31404
26765
28140
33205
30512
26790
38821
30351
54200
30403
26457
28737
31275
29931
34239
36501
29942
32151
32434
26205
32690
28330
27343
33726
29096
28768
29182
29658
28533
26995
30832
34634
31463
33479
29202
28795
28352
31295
31701
25085
29694
26432
27892
23236
30455
31658
27958
25454
30539
25392
29763
28470
26145
26627
26985
27011
27765
27460
24184
25348
24735
30958
28464
46406
27737
24763
26593
24856
24148
22845
34927
29361
25785
28080
31876
22723
28639
29839
23080
26189
24399
25206
22247
28505
24991
22902
26501
23804
22551
27415
27328
24591
27983
26385
28799
26716
30999
31295
38332
22218
24036
25536
23552
26955
26782
29242
25727
23417
24900
26462
27683
22680
25976
25553
25455
29823
26330
26083
28233
21553
24915
26076
23574
24439
22681
23346
26039
26651
26482
24655
22640
20907
24163
20798
22979
22245
21646
22844
22218
20940
23565
21704
32195
22572
25565
24241
28205
22496
22597
33534
22537
22642
24309
25674
21926
22303
21971
28068
22157
21583
20709
24657
22446
25783
25095
22248
21605
23367
23103
23740
23066
23964
22845
19544
25562
20686
24435
26973
21501
20607
19402
18879
21330
21438
21894
24212
21436
23846
22263
20624
21885
22092
23098
20361
26656
22458
21354
26142
22487
21590
21695
24556
21826
27110
19587
18261
42565
25148
23582
20524
18469
21907
20483
25278
19909
21543
24088
21269
23194
22397
23539
21153
21224
19333
22211
18852
20529
18998
20433
21072
23270
17241
19795
17272
20491
19060
18767
19089
19680
20637
19714
20062
20309
18816
24549
20145
21350
20080
19525
21052
20200
18354
19553
21141
19560
18793
19506
19407
21787
21051
23194
19711
19304
17480
18740
21151
18680
19366
18470
19857
18747
19230
18650
17002
19003
19184
19097
20642
18506
17644
21107
17352
18043
17551
20119
22741
16133
18537
17641
19706
18238
15768
17554
17623
17448
19884
18322
17026
19741
19828
18312
24025
16195
20061
17852
18189
20421
17825
16522
18680
15897
16673
20462
18037
20304
20407
15595
18262
18759
17080
19338
16923
20696
17765
19623
19009
21714
18429
19993
18606
18846
15999
20808
16185
18576
17692
21360
16522
19408
15371
15237
16300
17434
15300
17202
18234
18159
17113
17331
16939
54755
21345
18724
19553
18860
18288
16815
18074
15195
17339
16096
19800
15635
15430
16733
17443
17375
16902
16348
16711
14639
19633
17746
17172
19614
16097
16972
13671
15626
16307
16583
15949
17032
16933
16076
14558
16491
17968
18256
17400
16446
17958
16207
17657
16317
18149
15577
17950
17226
17486
15079
16703
17060
18680
16435
16166
16745
15465
16804
16601
17069
15656
15725
15350
16644
14594
13948
17932
16472
16058
15462
19469
35637
60942
16758
18757
17388
14965
14859
14003
17382
14707
16649
15808
18232
15571
16529
37955
18450
17093
13909
16868
14246
14919
15058
18950
15657
15803
15066
15074
13674
28711
16273
15799
14797
14964
14747
14493
13983
13234
17642
17584
14194
15489
13522
14926
15088
16657
41071
18181
14121
15161
15939
14672
14969
17297
15159
17061
20491
15663
15722
15373
14833
17500
14254
16148
13814
13895
14145
13922
15119
18937
15480
14051
13669
16483
14716
14321
14649
14795
16873
13210
17452
14039
14627
14617
39181
24032
16054
25568
13381
13353
12555
14982
14288
14719
17165
15578
15399
14925
15079
14405
15607
14865
15579
14097
15753
13169
13963
17529
14187
13283
12766
13703
21134
16893
18459
19323
14675
15814
13103
15156
13746
16914
15010
11540
13590
13060
15276
14253
13136
14364
13156
13933
13750
14327
13469
13102
14950
13451
17179
17472
17573
17806
12190
16162
13570
14822
13802
11447
15982
14229
14132
13349
81863
14629
16975
18354
13676
12015
22854
12441
217774
20598
23454
19622
43497
32411
508964
16932
30769
20626
15799
17571
15915
19377
71229
52188
14817
18841
16701
16971
12932
12448
12381
14712
13794
14121
13340
13471
56341
14526
12853
15661
13330
17779
12051
12317
13862
33488
16952
13650
17990
13299
15205
12727
15294
134800
15731
15740
21569
13071
17225
15267
15995
12815
14432
14197
14237
14631
36430
286628
167428
40917
