16.368333333333332
16.003888888888888
20.203333333333333
16.563703703703705
14.338333333333333
13.716666666666667
15.17074074074074
20.24277777777778
16.22851851851852
17.36425925925926
16.112407407407407
19.311296296296295
19.265185185185185
16.021296296296295
18.47037037037037
15.483518518518519
15.85074074074074
17.230740740740742
18.899814814814814
16.624444444444446
15.499444444444444
17.581481481481482
18.42240740740741
15.96111111111111
14.824814814814815
14.703333333333333
19.32888888888889
16.946666666666665
14.879259259259259
19.44185185185185
17.97537037037037
12.67962962962963
15.064814814814815
16.259444444444444
20.55037037037037
14.101666666666667
15.116666666666667
17.35925925925926
18.75425925925926
14.103148148148149
18.01796296296296
18.513148148148147
15.137222222222222
15.969814814814814
16.922777777777778
14.837592592592593
13.342407407407407
15.788703703703703
14.87
14.291851851851852
12.732777777777779
18.10074074074074
12.354444444444445
15.170925925925927
14.081851851851852
12.581296296296296
12.903148148148148
16.072592592592592
13.860925925925926
15.751111111111111
13.852222222222222
12.092962962962963
16.892222222222223
15.201666666666666
13.142407407407408
14.521851851851851
13.74
14.047777777777778
18.679444444444446
12.99148148148148
14.11962962962963
12.558518518518518
12.618148148148148
15.372037037037037
12.342407407407407
14.074814814814815
13.278333333333334
15.871666666666666
14.208333333333334
14.682037037037038
15.025185185185185
12.324444444444444
14.052777777777777
12.096296296296297
15.739074074074074
12.908518518518518
12.602777777777778
12.512037037037038
14.048148148148147
14.712777777777777
15.608888888888888
11.630185185185185
14.686296296296296
12.773333333333333
12.408333333333333
12.312222222222223
12.976111111111111
14.118518518518519
12.188888888888888
13.456111111111111
13.223148148148148
13.685
13.05537037037037
12.862037037037037
12.931481481481482
13.826851851851853
12.682407407407407
13.117777777777778
12.469074074074074
11.276851851851852
12.098703703703704
14.492407407407407
10.832407407407407
12.312407407407408
13.372037037037037
12.175185185185185
11.588703703703704
13.397407407407407
11.336481481481481
16.12814814814815
13.077962962962962
15.254074074074074
11.079814814814815
11.341111111111111
12.28962962962963
14.249629629629629
12.28574074074074
11.609444444444444
11.740925925925925
13.53111111111111
14.55462962962963
13.272777777777778
11.989074074074074
11.840555555555556
12.097592592592592
11.506851851851852
13.739814814814816
11.01388888888889
12.594074074074074
11.899444444444445
12.249444444444444
10.576851851851853
10.258888888888889
10.710185185185185
11.315925925925926
12.718148148148147
11.340925925925927
10.828518518518518
11.276851851851852
11.781296296296297
10.44962962962963
13.74462962962963
10.307962962962963
9.73537037037037
9.83
12.758148148148148
11.356481481481481
9.903148148148148
10.781851851851853
12.234074074074075
10.696296296296296
10.60388888888889
11.858703703703704
11.670370370370371
15.755185185185185
10.939444444444444
11.912407407407407
11.771481481481482
11.147962962962962
10.883148148148148
11.869444444444444
11.41388888888889
10.922777777777778
11.208518518518519
12.20648148148148
10.374074074074073
10.810185185185185
10.272592592592593
10.387407407407407
12.83925925925926
10.293703703703704
9.36425925925926
10.825740740740741
11.047407407407407
12.608888888888888
10.49611111111111
10.484074074074075
12.508148148148148
11.146666666666667
12.490555555555556
11.057777777777778
10.563703703703704
10.892592592592592
10.620185185185186
11.272962962962962
9.676111111111112
10.265185185185185
11.107962962962963
10.282222222222222
9.382037037037037
11.019814814814815
10.694444444444445
10.095
10.330185185185185
10.94574074074074
9.589629629629629
10.388148148148149
10.443148148148149
9.812222222222223
10.83851851851852
11.257777777777777
10.657592592592593
9.67
10.117407407407407
9.551111111111112
9.963888888888889
10.231481481481481
10.771851851851851
10.588888888888889
13.305555555555555
10.37574074074074
9.443888888888889
9.568888888888889
9.45111111111111
9.043148148148148
9.42462962962963
11.545185185185185
10.940925925925926
8.938888888888888
10.33462962962963
10.813703703703704
9.679444444444444
9.868518518518519
10.469259259259259
8.71962962962963
9.799444444444445
9.06925925925926
10.138333333333334
8.663703703703703
9.370925925925926
10.08148148148148
8.017592592592592
9.154259259259259
8.82
8.858888888888888
8.984444444444444
9.717037037037038
9.348888888888888
9.495185185185186
8.868703703703703
10.318333333333333
9.643888888888888
10.068518518518518
10.198703703703703
11.307962962962963
7.9981481481481485
9.257407407407408
10.137037037037038
8.802777777777777
10.571111111111112
10.343333333333334
9.367407407407407
9.587777777777777
8.577592592592593
8.96037037037037
9.321666666666667
10.29962962962963
9.311111111111112
9.62037037037037
9.684259259259258
10.835740740740741
10.158888888888889
9.02111111111111
8.876481481481482
9.530925925925926
9.399444444444445
8.69648148148148
9.114074074074074
9.327407407407408
8.77962962962963
8.566851851851851
9.772962962962962
9.116111111111111
9.817222222222222
9.648333333333333
8.64925925925926
8.001481481481482
7.842592592592593
8.607037037037037
8.321111111111112
9.214444444444444
7.751481481481481
8.38351851851852
9.182962962962963
8.765185185185185
7.5962962962962965
8.107592592592592
8.463333333333333
10.696111111111112
8.554074074074075
9.25537037037037
8.706666666666667
9.52574074074074
8.872962962962964
8.977592592592593
10.295370370370371
8.655185185185186
8.387592592592593
7.868518518518519
9.336296296296297
8.602962962962962
9.200925925925926
7.769074074074074
9.423148148148147
9.045
8.31037037037037
7.902037037037037
8.322592592592592
7.802037037037037
9.763703703703703
8.442222222222222
8.204629629629629
7.720740740740741
8.616666666666667
7.969444444444444
8.378703703703703
7.9783333333333335
8.419074074074073
8.727962962962962
7.411111111111111
8.68037037037037
7.773333333333333
8.062407407407408
9.193703703703704
8.13111111111111
7.2498148148148145
7.416666666666667
7.797777777777778
8.304444444444444
8.1
7.855740740740741
8.992407407407407
9.005925925925926
8.898148148148149
8.720185185185185
7.541111111111111
7.608518518518519
9.419074074074073
8.437592592592592
7.431851851851852
9.821296296296296
8.137407407407407
8.048703703703703
8.861851851851851
7.777222222222222
7.523148148148148
7.74962962962963
8.30425925925926
8.045
8.597407407407408
7.331296296296296
7.355740740740741
11.383148148148148
8.686111111111112
7.831666666666667
8.52037037037037
7.11537037037037
8.102592592592593
7.907037037037037
8.693888888888889
7.338518518518518
7.765185185185185
7.992592592592593
7.831111111111111
8.39
7.50962962962963
7.71462962962963
7.660555555555556
7.612037037037037
7.531666666666666
8.215185185185184
7.5562962962962965
7.289259259259259
7.156296296296296
7.516111111111111
7.0670370370370375
7.685
7.107407407407408
7.801481481481481
6.897037037037037
7.572592592592593
7.6
7.274444444444445
7.485925925925926
7.093148148148148
7.091851851851852
7.206666666666667
8.073888888888888
7.120925925925926
7.282222222222222
7.818333333333333
7.052222222222222
7.107222222222222
7.151296296296296
7.431481481481481
7.510925925925926
7.899814814814815
6.729814814814815
7.573518518518519
7.005185185185185
7.227962962962963
7.103888888888889
6.972962962962963
8.475555555555555
9.325185185185186
6.908148148148148
8.209814814814814
7.036111111111111
7.330555555555556
6.517962962962963
6.598333333333334
6.890370370370371
7.169814814814814
6.961296296296296
6.967592592592593
7.4564814814814815
6.769444444444445
6.5781481481481485
6.781296296296296
6.712037037037037
7.088703703703704
7.583703703703704
6.987592592592593
7.590185185185185
6.87037037037037
6.732407407407408
7.643703703703704
6.589074074074074
6.897407407407408
6.545
7.052037037037037
8.004814814814814
6.737777777777778
6.924074074074074
6.955
7.430555555555555
7.280925925925926
6.028888888888889
6.391851851851852
7.04537037037037
6.809814814814815
7.284259259259259
6.490925925925926
6.5488888888888885
7.25962962962963
6.709444444444444
7.014444444444444
7.609259259259259
6.409074074074074
7.151481481481482
6.772962962962963
6.8805555555555555
7.5344444444444445
6.17962962962963
6.417222222222223
7.378148148148148
6.274074074074074
6.351851851851852
6.980185185185185
6.893148148148148
7.3005555555555555
6.850370370370371
5.82037037037037
6.6412962962962965
6.626111111111111
6.470185185185185
6.795555555555556
7.011851851851852
7.145185185185185
6.962777777777778
7.067592592592592
6.606851851851852
7.20574074074074
6.273703703703704
6.888333333333334
6.698333333333333
6.702222222222222
6.114629629629629
6.922962962962963
6.070925925925926
6.811481481481482
6.657222222222222
7.015925925925926
6.504074074074074
6.807037037037037
5.93
6.302962962962963
6.654629629629629
6.337592592592593
6.007962962962963
6.247222222222222
6.201296296296296
6.595185185185185
6.2555555555555555
6.238148148148148
6.406481481481482
13.317777777777778
6.956851851851852
6.127592592592593
7.399444444444445
6.510370370370371
6.440925925925926
6.355185185185185
6.868333333333333
6.3475925925925925
6.124259259259259
6.022222222222222
6.784074074074074
5.782962962962963
6.2464814814814815
6.073888888888889
6.138888888888889
6.945185185185185
6.337962962962963
6.094444444444444
6.21
5.58925925925926
7.186851851851852
6.450925925925926
5.993148148148149
6.722962962962963
5.771481481481482
6.268518518518518
5.403888888888889
5.633333333333334
6.242592592592593
6.031296296296296
5.730185185185185
7.033703703703703
6.247777777777777
6.059444444444445
5.676666666666667
5.931111111111111
6.209074074074074
6.497962962962963
6.189814814814815
6.080925925925926
6.446296296296296
5.763703703703704
6.752222222222223
6.807777777777778
8.238703703703704
5.812222222222222
6.586111111111111
5.640555555555555
6.417962962962963
5.8896296296296295
6.157962962962963
6.125740740740741
6.611111111111111
6.3372222222222225
5.518888888888889
6.25037037037037
5.809074074074074
5.933333333333334
6.111111111111111
6.31
5.92425925925926
6.326851851851852
5.604629629629629
5.957037037037037
5.397222222222222
5.667777777777777
6.176296296296297
5.842962962962963
5.609444444444445
5.746111111111111
6.1846296296296295
9.304074074074075
14.20574074074074
5.942777777777778
6.291851851851852
6.271481481481482
5.585
5.705925925925926
6.076666666666667
6.203703703703703
5.272592592592592
6.731851851851852
5.683888888888889
5.992222222222222
5.679074074074074
6.026296296296296
10.719259259259259
6.94962962962963
5.788888888888889
5.867222222222222
5.668703703703704
5.105925925925926
5.67037037037037
5.71537037037037
6.017407407407408
5.677037037037037
6.3079629629629625
5.7535185185185185
5.492407407407407
5.367962962962963
7.99462962962963
5.7572222222222225
5.977037037037037
5.4057407407407405
5.442222222222222
5.567592592592592
5.5616666666666665
5.102037037037037
5.176851851851852
6.235185185185185
5.906666666666666
5.508518518518518
5.900925925925926
5.091851851851852
5.28962962962963
5.3748148148148145
5.92037037037037
10.649074074074074
6.3116666666666665
5.3805555555555555
5.470370370370371
5.6161111111111115
5.647222222222222
5.092222222222222
5.893703703703704
5.822962962962963
5.84
6.683148148148148
5.605
5.725740740740741
5.363703703703703
5.198333333333333
5.489074074074074
5.110185185185185
5.750740740740741
5.4709259259259255
5.099444444444444
5.507962962962963
5.124074074074074
5.466481481481481
6.811481481481482
5.5724074074074075
5.9998148148148145
5.097777777777778
5.848148148148148
4.980185185185185
5.378333333333333
5.523333333333333
5.2555555555555555
5.887037037037037
5.316296296296296
5.939814814814815
5.37537037037037
5.316111111111111
5.569629629629629
9.929814814814815
7.29
5.486111111111111
7.859444444444445
4.882777777777778
4.854814814814815
4.972222222222222
5.432037037037037
7.386851851851852
5.867592592592593
5.830555555555556
5.526296296296296
5.648333333333333
5.610925925925926
6.4494444444444445
5.638148148148148
5.182777777777778
5.593333333333334
5.3281481481481485
5.198333333333333
5.578333333333333
4.92
5.508703703703704
6.0183333333333335
5.252777777777778
5.127777777777778
6.5781481481481485
5.265370370370371
6.119814814814815
9.052407407407408
6.546296296296297
6.239629629629629
5.234629629629629
5.611481481481482
4.776481481481482
5.2501851851851855
5.132777777777778
5.819444444444445
5.583333333333333
5.344814814814815
4.9474074074074075
4.847962962962963
5.212777777777778
5.252962962962963
5.41537037037037
4.858888888888889
5.157222222222222
5.302037037037037
4.940185185185185
5.57574074074074
4.939259259259259
5.019629629629629
5.337407407407407
5.0398148148148145
5.99462962962963
6.259074074074074
5.67962962962963
5.611296296296296
4.684814814814815
5.498518518518519
5.029629629629629
4.858518518518519
4.96962962962963
4.356851851851852
15.360740740740741
4.917407407407407
4.838333333333333
4.7683333333333335
17.743518518518517
8.26574074074074
5.643148148148148
6.517037037037037
5.1161111111111115
5.032777777777778
6.937592592592592
4.480370370370371
42.818888888888885
6.437962962962963
6.697222222222222
6.004444444444444
10.52648148148148
8.891851851851852
97.09481481481481
5.6557407407407405
7.950925925925926
7.20037037037037
6.432222222222222
5.4998148148148145
5.857962962962963
6.123518518518519
16.807962962962964
12.522037037037038
5.146296296296296
7.444629629629629
5.924814814814815
7.857037037037037
9.228148148148149
16.92796296296296
5.707962962962963
8.972037037037037
5.016111111111111
6.991296296296296
4.678148148148148
5.025
17.307777777777776
8.165
4.747407407407407
5.292222222222223
4.9494444444444445
5.366296296296296
4.774259259259259
5.708148148148148
5.237592592592593
10.161111111111111
10.924259259259259
8.206851851851852
7.072037037037037
5.547037037037037
5.196851851851852
5.7246296296296295
5.1194444444444445
27.84351851851852
5.524259259259259
5.426851851851852
8.203703703703704
9.61888888888889
5.592222222222222
5.17537037037037
5.226666666666667
6.610925925925926
5.758148148148148
5.163888888888889
5.168148148148148
6.408888888888889
8.903333333333334
55.065185185185186
33.38203703703704
10.123148148148148
