-188820.0
-232120.0
-208470.0
-175466.0
-150744.0
-159797.0
-139438.0
-222703.0
-192595.0
-196345.0
-184492.0
-187998.0
-205938.0
-198095.0
-225557.0
-147200.0
-153076.0
-208999.0
-179713.0
-164440.0
-167669.0
-169025.0
-226382.0
-169044.0
-194379.0
-178195.0
-195353.0
-169355.0
-169378.0
-226734.0
-188323.0
-114051.0
-165664.0
-162731.0
-249852.0
-177340.0
-167072.0
-162459.0
-229618.0
-154930.0
-225675.0
-209273.0
-153673.0
-149578.0
-159915.0
-171130.0
-122689.0
-142641.0
-176480.0
-191567.0
-135682.0
-195265.0
-124854.0
-158183.0
-134897.0
-110074.0
-140235.0
-155544.0
-160719.0
-148171.0
-154325.0
-130768.0
-188248.0
-125397.0
-156451.0
-144659.0
-159341.0
-156985.0
-212348.0
-130390.0
-174618.0
-141000.0
-157889.0
-175659.0
-130450.0
-162365.0
-158497.0
-192401.0
-147232.0
-135974.0
-174768.0
-150516.0
-180413.0
-134769.0
-142991.0
-116956.0
-130054.0
-134449.0
-145360.0
-151083.0
-164294.0
-115076.0
-187563.0
-120132.0
-141330.0
-148631.0
-120360.0
-136152.0
-153486.0
-133693.0
-122811.0
-129276.0
-112738.0
-156623.0
-134009.0
-162258.0
-121263.0
-161859.0
-148725.0
-122373.0
-131776.0
-133833.0
-116654.0
-124371.0
-153540.0
-110848.0
-144835.0
-139699.0
-119035.0
-195576.0
-162176.0
-159089.0
-141502.0
-110125.0
-140712.0
-175885.0
-154646.0
-124129.0
-134068.0
-150262.0
-125209.0
-147022.0
-123321.0
-130674.0
-116347.0
-124076.0
-130770.0
-130394.0
-132752.0
-117253.0
-161399.0
-109140.0
-102816.0
-112712.0
-121200.0
-150488.0
-134223.0
-134222.0
-121739.0
-136354.0
-99388.0
-163822.0
-96756.0
-100254.0
-103363.0
-127458.0
-131673.0
-115359.0
-112356.0
-114896.0
-109790.0
-113641.0
-147703.0
-108055.0
-204089.0
-118249.0
-97261.0
-113583.0
-122922.0
-98375.0
-132366.0
-139570.0
-119643.0
-127053.0
-122099.0
-97362.0
-122593.0
-100814.0
-116740.0
-131028.0
-90329.0
-98269.0
-124226.0
-107930.0
-143559.0
-107661.0
-131437.0
-130302.0
-135171.0
-144210.0
-112593.0
-98179.0
-111653.0
-116960.0
-132209.0
-105060.0
-118634.0
-105937.0
-125810.0
-81898.0
-104568.0
-126419.0
-113319.0
-111570.0
-117435.0
-114502.0
-121770.0
-92430.0
-91837.0
-114825.0
-124707.0
-113656.0
-104164.0
-120694.0
-102466.0
-105695.0
-115749.0
-125580.0
-109310.0
-174655.0
-107703.0
-99756.0
-95572.0
-117567.0
-91959.0
-101510.0
-126840.0
-107055.0
-80195.0
-133023.0
-123824.0
-94600.0
-118567.0
-118635.0
-91525.0
-116892.0
-100340.0
-86678.0
-99962.0
-121729.0
-101514.0
-86048.0
-108273.0
-93836.0
-95602.0
-105759.0
-107802.0
-84459.0
-86201.0
-100017.0
-112711.0
-113192.0
-107794.0
-101621.0
-155876.0
-85607.0
-90887.0
-144828.0
-103967.0
-113495.0
-111828.0
-103817.0
-88006.0
-84538.0
-101600.0
-81080.0
-108331.0
-85036.0
-88623.0
-90008.0
-123363.0
-114871.0
-102336.0
-98003.0
-104249.0
-106756.0
-79696.0
-94299.0
-84653.0
-92742.0
-102222.0
-99499.0
-113897.0
-110985.0
-95964.0
-83716.0
-81259.0
-78111.0
-82181.0
-93342.0
-95965.0
-75782.0
-69204.0
-82510.0
-89959.0
-83183.0
-85409.0
-79203.0
-141789.0
-92865.0
-95211.0
-111337.0
-125397.0
-88644.0
-93551.0
-113599.0
-98688.0
-82985.0
-109237.0
-91275.0
-103662.0
-104363.0
-94448.0
-112445.0
-88438.0
-93489.0
-71149.0
-99917.0
-74951.0
-96953.0
-94088.0
-83285.0
-65706.0
-82038.0
-86864.0
-98165.0
-78221.0
-101654.0
-109758.0
-69613.0
-93411.0
-80671.0
-87595.0
-109541.0
-81520.0
-71355.0
-74459.0
-84592.0
-79475.0
-92654.0
-84027.0
-79406.0
-75816.0
-83332.0
-98546.0
-98854.0
-89656.0
-87293.0
-85191.0
-86044.0
-109239.0
-87343.0
-79724.0
-101393.0
-88873.0
-78027.0
-73032.0
-91069.0
-79247.0
-125032.0
-81145.0
-82145.0
-144138.0
-83308.0
-95770.0
-77929.0
-65572.0
-76466.0
-95084.0
-74563.0
-78194.0
-76501.0
-75265.0
-79891.0
-101958.0
-110045.0
-86934.0
-82292.0
-88096.0
-66761.0
-85869.0
-72020.0
-92666.0
-87311.0
-71761.0
-65256.0
-91416.0
-84918.0
-68407.0
-70284.0
-87127.0
-80909.0
-74022.0
-81278.0
-65249.0
-81742.0
-70180.0
-80894.0
-69286.0
-78781.0
-84290.0
-73597.0
-73910.0
-68266.0
-71739.0
-81715.0
-84449.0
-74574.0
-79935.0
-80329.0
-73350.0
-74037.0
-74916.0
-85857.0
-79352.0
-72224.0
-88862.0
-74832.0
-85929.0
-70946.0
-63474.0
-84848.0
-71241.0
-75475.0
-67260.0
-83134.0
-75492.0
-75447.0
-73535.0
-73939.0
-63194.0
-69857.0
-83167.0
-87865.0
-70885.0
-61929.0
-81273.0
-59883.0
-66061.0
-75316.0
-81150.0
-90455.0
-71090.0
-72288.0
-59371.0
-79567.0
-75901.0
-70479.0
-56772.0
-67326.0
-70393.0
-83502.0
-89045.0
-67286.0
-82374.0
-71246.0
-70115.0
-87976.0
-71153.0
-85698.0
-67185.0
-68523.0
-86994.0
-66559.0
-72457.0
-75806.0
-67495.0
-70712.0
-72426.0
-69739.0
-77886.0
-86654.0
-56676.0
-78224.0
-57151.0
-66623.0
-80704.0
-86149.0
-80353.0
-76151.0
-78966.0
-79958.0
-85905.0
-70600.0
-73199.0
-78857.0
-69482.0
-59534.0
-65453.0
-77610.0
-78995.0
-77213.0
-84145.0
-84946.0
-71148.0
-66227.0
-63561.0
-53630.0
-60482.0
-57379.0
-62762.0
-67011.0
-71238.0
-63258.0
-59264.0
-68453.0
-224351.0
-69947.0
-70357.0
-87592.0
-70238.0
-65316.0
-63481.0
-73139.0
-73259.0
-77397.0
-79650.0
-63042.0
-69671.0
-62003.0
-52777.0
-58995.0
-78866.0
-55846.0
-71306.0
-69639.0
-59293.0
-80476.0
-73013.0
-64990.0
-82988.0
-60456.0
-61931.0
-61955.0
-53686.0
-79855.0
-59478.0
-59790.0
-65840.0
-57207.0
-63186.0
-49698.0
-70326.0
-62238.0
-65919.0
-58775.0
-56612.0
-61720.0
-72517.0
-73330.0
-83552.0
-97403.0
-65214.0
-66728.0
-56797.0
-62462.0
-57434.0
-61347.0
-61964.0
-83163.0
-79342.0
-54770.0
-65854.0
-54166.0
-70533.0
-61938.0
-59944.0
-70552.0
-56552.0
-66730.0
-62420.0
-48070.0
-45798.0
-80396.0
-63640.0
-58996.0
-63415.0
-74281.0
-118289.0
-193146.0
-57573.0
-70495.0
-61165.0
-56853.0
-51850.0
-46414.0
-67511.0
-56049.0
-53859.0
-49824.0
-56855.0
-53748.0
-65661.0
-125377.0
-64213.0
-69561.0
-50961.0
-59474.0
-55982.0
-60481.0
-52708.0
-75540.0
-51362.0
-58540.0
-55803.0
-50204.0
-53765.0
-97158.0
-62946.0
-50002.0
-59954.0
-68617.0
-54544.0
-52631.0
-60656.0
-52636.0
-56337.0
-65501.0
-61691.0
-50715.0
-65648.0
-56736.0
-59667.0
-58974.0
-131855.0
-62067.0
-59189.0
-68126.0
-59552.0
-59059.0
-49033.0
-85247.0
-59604.0
-69211.0
-76964.0
-57441.0
-60714.0
-62660.0
-39908.0
-60003.0
-48452.0
-59434.0
-52287.0
-43833.0
-57944.0
-60081.0
-58215.0
-74298.0
-60796.0
-50309.0
-56182.0
-62544.0
-48865.0
-59997.0
-44867.0
-57679.0
-59179.0
-46632.0
-69076.0
-54964.0
-58782.0
-51492.0
-139904.0
-97502.0
-54986.0
-95721.0
-47360.0
-56165.0
-56388.0
-48998.0
-77244.0
-53714.0
-57001.0
-56734.0
-70500.0
-57858.0
-52506.0
-53020.0
-47838.0
-55842.0
-54742.0
-49334.0
-50362.0
-65182.0
-71821.0
-63185.0
-48420.0
-58337.0
-62467.0
-52535.0
-75093.0
-65498.0
-71769.0
-71745.0
-55210.0
-60461.0
-53793.0
-50631.0
-50483.0
-67229.0
-47282.0
-46049.0
-55332.0
-50250.0
-49736.0
-50486.0
-65148.0
-50518.0
-49906.0
-46596.0
-58294.0
-62600.0
-50403.0
-45176.0
-51755.0
-59697.0
-53843.0
-72787.0
-59553.0
-48242.0
-43984.0
-61784.0
-42314.0
-42701.0
-52498.0
-40546.0
-82846.0
-49758.0
-50645.0
-41209.0
-247095.0
-78307.0
-59741.0
-81944.0
-55345.0
-47861.0
-75164.0
-53557.0
-599022.0
-77979.0
-103435.0
-69009.0
-155012.0
-106092.0
-1448402.0
-67048.0
-107573.0
-74802.0
-55981.0
-55066.0
-73837.0
-73182.0
-218987.0
-161609.0
-53542.0
-80701.0
-45255.0
-62594.0
-86271.0
-75296.0
-55977.0
-82353.0
-49628.0
-67471.0
-48310.0
-58191.0
-176324.0
-69793.0
-60359.0
-51807.0
-56346.0
-57185.0
-69944.0
-48279.0
-61709.0
-98302.0
-54730.0
-82662.0
-71027.0
-54953.0
-60119.0
-66432.0
-52756.0
-397122.0
-52675.0
-64004.0
-71369.0
-50315.0
-52775.0
-47641.0
-61368.0
-69002.0
-56838.0
-54233.0
-61708.0
-54683.0
-112092.0
-836547.0
-514601.0
-121226.0
