42981
33610
57414
44776
40986
31772
36359
40671
37792
41177
39472
60632
54712
42803
41481
38806
46749
39828
57001
53213
43314
48791
46428
39306
34946
37970
60433
46974
31823
52245
53711
35397
33036
41351
41438
36313
41596
43395
60920
36455
37527
32362
35148
43061
38570
36336
40799
43114
40013
37525
34209
47631
34424
38855
36324
29287
35132
47129
40278
47316
38490
30406
40411
46846
31883
42974
35863
37642
62241
34103
35663
34990
27045
38500
30666
39631
31517
38108
37868
47137
38568
32153
34295
30637
46009
37172
31497
31280
44919
44821
38608
32615
34153
37424
28669
31507
33532
41689
31347
41931
31049
39831
33097
33631
31856
34084
34639
30897
33324
29823
36354
45170
27828
34219
32346
34619
32364
40653
29821
40645
32441
37326
25976
29003
29888
38935
31250
33751
28874
43275
45422
36302
27379
30625
30009
33097
40524
28026
34080
31409
32970
29086
30429
30531
29259
31376
26519
23866
28827
28206
27434
30703
30062
24936
25911
37311
29921
26712
30082
32859
27248
30471
25216
32669
30878
28670
37870
34829
28924
28838
29856
25134
29041
28375
33481
29815
25685
27142
28749
35606
26490
21799
29277
29998
39555
29684
25782
32910
28729
33970
30510
28249
30468
26054
29173
27166
25738
33551
27632
27427
29052
26092
26555
30329
28568
26392
26333
27923
26841
31901
33807
30540
24453
27174
27392
28457
30515
27210
28716
25444
28292
26234
25079
26180
24685
28048
27417
29720
22485
27727
26518
29546
24651
26695
24006
26728
24575
29541
24537
22098
29449
20393
22932
23824
25287
21101
25144
25893
23291
21506
26920
25361
23371
23778
22731
20972
25954
29204
23983
30129
29072
21342
26047
22902
23486
23875
27935
27600
25974
26742
33058
25035
22384
21850
23234
29204
22046
23140
26794
22971
23580
29428
23188
26362
25619
22051
20568
21443
22315
24136
26779
19613
23625
26744
25114
20080
20216
23998
25564
23620
24414
22775
23234
25418
25882
22061
24201
22651
18181
24742
24530
27382
19982
22817
26686
23293
21962
20285
19685
26941
20493
22057
20087
23163
19932
21505
20017
21499
24286
20476
21312
21290
19102
22673
22407
18542
20648
23229
23514
22302
20527
24347
27196
24204
24826
20098
19201
28771
22465
19771
26379
21484
22109
21712
19510
19035
20153
20287
21617
19316
20002
21460
18904
21757
18709
25486
19954
21847
22215
21669
19719
20389
19072
21019
22112
18155
18120
20214
19881
21338
22151
21952
18833
19646
20154
17090
18229
21139
22333
19972
20401
21980
20515
21335
18623
17659
19202
23537
18144
20508
17670
17937
17029
18537
20605
19507
22459
17987
21344
16687
19471
19568
18148
26361
28569
16253
21139
18284
20281
17717
16891
16057
20037
18225
19155
20408
17808
16292
17969
19243
19276
21768
18636
20345
18594
18711
20169
18229
19203
17792
17962
20485
20251
18853
19916
20419
21079
16788
16962
20422
19325
19451
16729
18338
19461
16403
19566
17065
18414
18557
18722
18966
20265
15545
18131
21162
17983
17627
17231
19186
19119
16585
15835
17601
17022
17859
17358
20941
17888
19834
18542
16668
17197
15449
17204
17565
17346
17020
16576
16598
18206
18257
16526
18600
17350
16651
18799
19635
16789
17143
16533
15253
17455
16667
16355
17656
17161
16222
14365
20404
16296
16493
17503
19015
19082
15732
16424
16834
15593
18301
16066
15707
20129
17323
16562
16823
15543
19176
17089
15191
16690
15069
16878
15510
14794
17403
15986
14994
20950
16805
16645
16096
15537
15561
16833
16025
16391
16852
14917
18805
20445
26340
15809
17615
13233
17171
16725
16550
16019
17020
17786
13636
17007
15904
15236
16399
17005
16335
18440
14915
15524
14551
16658
15420
15080
14233
15567
13928
14605
15769
15333
15219
16478
15194
15953
18811
16118
13765
19703
14885
14126
15096
16013
19929
19078
14167
17774
13743
13326
15701
15805
13544
14999
18260
16003
14585
15313
14460
14816
16477
14394
14424
15318
15540
13568
14721
16028
14312
15552
16376
13974
13638
13936
15313
16434
15902
14934
14379
14388
15823
12529
14529
16285
14475
15598
14604
15197
13591
13238
12141
13341
14906
15729
13642
15598
13748
14400
17845
14611
18348
13859
15097
12177
14722
15177
13585
14917
15498
14623
14988
14080
15459
14440
15334
13571
16873
12986
12863
14295
14351
25601
16966
14320
14264
15102
15374
19748
16041
12380
15339
13193
13974
14370
13399
15784
14970
14178
14407
22756
14730
11913
31990
16891
14371
13592
14488
12690
13195
13971
14511
15140
17322
13126
13119
12873
14113
16107
11874
14693
14698
12927
15782
13203
14004
13872
13764
15192
16327
13097
12495
13108
13530
13590
11414
13034
12080
66966
12325
11995
12400
13952
30006
13498
16838
13951
15162
14609
11753
13448
14167
12711
12802
13346
15605
15348
13609
12166
18256
18935
12128
15718
13690
19534
15431
12973
21360
15293
25457
36900
78963
18442
33737
13293
23632
11922
13664
37121
29565
12783
12917
13397
11199
13730
18507
14421
21382
42039
30667
20199
16655
12858
18186
12351
15555
14100
13565
22731
38871
12973
12680
12229
22884
16662
13688
13671
19977
11648
10724
12835
13748
