-24418.0
-31412.0
-21004.0
-23936.0
-25815.0
-24551.0
-25304.0
-34219.0
-30529.0
-27651.0
-27373.0
-30905.0
-25631.0
-19822.0
-38974.0
-21746.0
-27903.0
-25836.0
-23861.0
-31222.0
-22167.0
-24473.0
-20479.0
-36497.0
-32843.0
-24998.0
-23526.0
-29742.0
-17653.0
-27737.0
-24297.0
-24861.0
-19782.0
-27359.0
-26877.0
-20675.0
-40304.0
-22522.0
-25359.0
-19554.0
-24175.0
-25968.0
-21138.0
-26754.0
-25802.0
-24820.0
-35419.0
-18743.0
-21795.0
-18644.0
-24014.0
-16372.0
-25622.0
-19125.0
-23175.0
-18446.0
-19943.0
-19831.0
-17696.0
-19012.0
-22707.0
-29551.0
-15456.0
-17276.0
-36631.0
-21781.0
-21183.0
-25423.0
-16007.0
-18819.0
-24482.0
-22368.0
-17308.0
-19729.0
-22421.0
-19777.0
-21823.0
-13827.0
-22709.0
-24120.0
-19113.0
-17855.0
-22236.0
-22584.0
-18525.0
-18084.0
-21704.0
-14169.0
-19936.0
-13623.0
-25784.0
-14811.0
-18665.0
-22172.0
-22428.0
-20678.0
-18886.0
-20428.0
-18276.0
-21523.0
-18911.0
-17973.0
-15093.0
-21151.0
-14490.0
-72504.0
-19864.0
-14549.0
-15920.0
-14246.0
-11566.0
-17253.0
-16255.0
-15335.0
-18326.0
-18144.0
-20254.0
-13954.0
-16665.0
-15012.0
-12605.0
-15204.0
-12550.0
-13502.0
-15005.0
-14709.0
-12984.0
-12330.0
-11807.0
-14557.0
-13909.0
-16120.0
-15385.0
-8906.0
-15554.0
-12902.0
-15113.0
-12051.0
-50677.0
-16367.0
-24577.0
-14968.0
-12437.0
-13780.0
-13596.0
-11976.0
-86810.0
-13103.0
-13953.0
-18262.0
-14081.0
-10607.0
-14350.0
-15024.0
-14808.0
-18423.0
-19807.0
-22724.0
-10782.0
-15269.0
-12160.0
-14170.0
-12680.0
-15309.0
-15415.0
-15779.0
-15315.0
-11970.0
-11877.0
-16222.0
-12804.0
-12337.0
-15232.0
-10738.0
-12414.0
-10939.0
-10964.0
-16901.0
-12624.0
-10272.0
-11288.0
-15538.0
-12338.0
-9001.0
-11124.0
-11894.0
-11749.0
-10621.0
-16547.0
-12479.0
-14837.0
-38575.0
-23966.0
-15075.0
-10345.0
-16561.0
-11198.0
-57968.0
-18602.0
-15157.0
-10615.0
-14799.0
-10869.0
-13314.0
-9992.0
-14621.0
-10025.0
-11546.0
-12302.0
-13964.0
-15882.0
-15266.0
-18451.0
-19204.0
-12953.0
-11202.0
-13141.0
-16933.0
-12958.0
-10134.0
-9457.0
-12693.0
-17419.0
-19857.0
-14342.0
-9901.0
-8049.0
-9530.0
-8488.0
-8596.0
-14208.0
-12226.0
-178273.0
-14028.0
-22984.0
-12882.0
-27182.0
-23667.0
-20083.0
-31125.0
-13417.0
-16028.0
-11637.0
-18628.0
-14825.0
-11920.0
-17203.0
-16082.0
-16175.0
-9146.0
-9666.0
-18978.0
-23629.0
-25412.0
-11592.0
-26655.0
-23472.0
-21363.0
-10297.0
-16198.0
-8860.0
-8147.0
-8896.0
-9206.0
-8409.0
-16838.0
-13648.0
-14908.0
-20932.0
-16502.0
-10187.0
-23194.0
-16139.0
-10851.0
-7579.0
-11406.0
-7440.0
-12611.0
-7285.0
-27294.0
-11779.0
-16570.0
-9583.0
-28074.0
-130282.0
-8731.0
-10658.0
-11840.0
-10678.0
-9023.0
-8352.0
-25895.0
-13455.0
-6989.0
-14805.0
-10172.0
-8269.0
-5479.0
-8849.0
-6940.0
-7753.0
-6019.0
-7916.0
-6308.0
-6172.0
-5824.0
-5730.0
-14141.0
-8164.0
-8430.0
-8214.0
-8412.0
-7209.0
-9463.0
-8588.0
-11017.0
-12766.0
-20932.0
-15498.0
-9317.0
-8368.0
-9945.0
-12831.0
-17599.0
-23496.0
-10512.0
-13859.0
-9742.0
-10469.0
-12418.0
-12643.0
-18498.0
-17015.0
-12912.0
-11485.0
-19531.0
-13261.0
-10393.0
-13172.0
-33127.0
-20413.0
-25752.0
-10272.0
-581847.0
-707435.0
-12323.0
-73026.0
-180641.0
-43013.0
-349204.0
-29306.0
-22920.0
-133359.0
-51657.0
-32309.0
-60095.0
-83450.0
-1040709.0
-683547.0
-453291.0
-187848.0
-13413.0
-93596.0
-48748.0
-27033.0
-53946.0
-121586.0
-99570.0
-41006.0
-267588.0
-131448.0
-53691.0
-65550.0
-98284.0
-41135.0
-25811.0
-31656.0
-335227.0
-57814.0
-184801.0
-57999.0
-305630.0
-1204917.0
-54403.0
-33669.0
-92234.0
-81612.0
-69388.0
-67525.0
-86115.0
-669836.0
-102258.0
-90027.0
-263939.0
-61767.0
-157379.0
-40762.0
-84119.0
-23447.0
-29697.0
