6.985925925925926
8.31
6.190740740740741
7.0088888888888885
7.061481481481482
6.635740740740741
7.12
8.942222222222222
8.042222222222222
7.505925925925926
7.595370370370371
8.134629629629629
6.807222222222222
5.642962962962963
10.394814814814815
6.403888888888889
7.404259259259259
6.973518518518518
6.846666666666667
8.153703703703703
6.4148148148148145
6.968148148148148
6.457037037037037
9.799444444444445
8.656851851851853
6.756481481481481
6.664259259259259
7.866666666666666
5.327962962962963
7.5616666666666665
6.70037037037037
7.023703703703704
5.8731481481481485
7.321481481481482
7.3785185185185185
6.4024074074074075
10.608333333333333
6.236296296296296
6.967037037037037
6.091111111111111
6.830185185185186
7.01
6.162037037037037
7.343333333333334
7.076296296296296
7.078888888888889
9.201851851851853
5.575
6.203518518518519
5.522222222222222
6.842222222222222
5.07537037037037
6.982407407407408
5.708148148148148
7.333148148148148
5.404629629629629
6.433333333333334
5.886111111111111
5.259444444444444
5.717962962962963
7.516851851851852
8.254074074074074
4.752592592592593
5.0905555555555555
9.680555555555555
6.162962962962963
6.139259259259259
6.9275925925925925
4.788703703703704
5.502777777777778
6.858333333333333
6.192222222222222
5.248888888888889
5.925185185185185
6.102037037037037
5.775
6.270740740740741
4.3768518518518515
6.240555555555556
6.950185185185185
6.136296296296297
5.236296296296296
6.174444444444444
6.216481481481481
5.5398148148148145
5.904444444444445
6.852592592592592
4.613518518518519
5.823703703703703
4.469814814814815
7.399814814814815
4.702407407407407
5.5579629629629625
6.733333333333333
6.03037037037037
5.824074074074074
5.625
5.993888888888889
6.124074074074074
6.2374074074074075
5.642962962962963
5.909259259259259
4.672777777777778
6.314814814814815
4.722962962962963
18.577962962962964
6.129814814814814
4.872222222222222
4.844074074074074
4.955
3.8755555555555556
5.34
4.921111111111111
4.8277777777777775
5.801666666666667
5.4816666666666665
5.850555555555555
4.386851851851852
5.013148148148148
4.797777777777778
4.006851851851851
4.73
4.375740740740741
4.336296296296296
4.748703703703704
4.747407407407407
4.315925925925926
4.1994444444444445
4.506481481481481
4.649629629629629
4.558148148148148
5.56
4.803148148148148
3.405
4.761111111111111
4.294444444444444
4.85
4.20925925925926
12.530925925925926
5.08962962962963
7.286111111111111
4.852962962962963
4.094074074074074
4.5092592592592595
4.514444444444444
4.110925925925926
20.40851851851852
4.263703703703704
4.520740740740741
5.341111111111111
4.341481481481481
3.742777777777778
4.614259259259259
4.739444444444445
4.570185185185185
5.330925925925926
5.967407407407407
6.404259259259259
3.7242592592592594
4.70537037037037
4.333148148148148
4.537222222222222
4.277777777777778
4.8059259259259255
4.78462962962963
4.925925925925926
4.833888888888889
3.973333333333333
4.182592592592592
5.042592592592593
4.354629629629629
4.135
4.8566666666666665
4.169074074074074
4.284259259259259
3.9322222222222223
3.9807407407407407
5.481481481481482
4.434074074074074
3.65
4.111296296296296
5.231851851851852
4.033888888888889
3.681111111111111
3.6887037037037036
4.142037037037037
3.9635185185185184
3.8085185185185186
4.890740740740741
4.0562962962962965
4.740925925925926
9.47537037037037
6.747222222222222
4.685185185185185
3.75
5.167037037037037
3.9807407407407407
14.21425925925926
5.519074074074074
4.7501851851851855
3.6605555555555553
4.619259259259259
3.95537037037037
4.248888888888889
3.8222222222222224
4.657592592592593
3.97
4.057777777777778
4.21037037037037
4.549814814814815
5.0616666666666665
4.816851851851852
5.522037037037037
5.748703703703704
4.395370370370371
4.095370370370371
4.546296296296297
5.061851851851852
4.188518518518518
3.6846296296296295
3.5596296296296295
4.098518518518518
5.169814814814814
5.832777777777777
4.892962962962963
3.5966666666666667
3.4403703703703705
3.510740740740741
3.1644444444444444
3.347962962962963
4.426851851851852
4.173333333333333
38.860925925925926
4.427037037037037
6.411851851851852
4.256111111111111
7.650740740740741
6.444814814814815
5.714444444444444
8.265
4.238703703703703
5.004444444444444
3.8651851851851853
5.4292592592592595
4.781296296296296
4.21037037037037
5.178518518518518
5.008333333333334
4.926481481481481
3.3268518518518517
3.5553703703703703
5.707222222222223
6.2353703703703705
7.181111111111111
3.885
7.265370370370371
7.258518518518518
6.286111111111111
3.757962962962963
5.167222222222223
3.3312962962962964
3.4053703703703704
3.343888888888889
3.2933333333333334
3.1846296296296295
5.0344444444444445
4.332222222222223
4.532222222222222
5.928148148148148
4.975185185185185
3.47
6.49574074074074
4.7122222222222225
3.421851851851852
2.8814814814814813
3.7977777777777777
3.236851851851852
4.067962962962963
2.9564814814814815
7.551481481481481
4.223518518518518
5.214814814814815
3.212222222222222
7.502037037037037
29.173703703703705
3.2535185185185185
3.7594444444444446
4.066296296296296
3.7798148148148147
3.258888888888889
3.1912962962962963
7.9148148148148145
4.322037037037037
2.870740740740741
4.818518518518519
3.6414814814814815
3.135925925925926
2.464259259259259
3.3216666666666668
2.998148148148148
3.053703703703704
2.6957407407407405
3.1466666666666665
2.727777777777778
2.721296296296296
2.8427777777777776
2.907962962962963
4.7031481481481485
3.1675925925925927
3.227962962962963
3.2351851851851854
3.031296296296296
3.18
3.4005555555555556
3.1783333333333332
4.229259259259259
4.443148148148148
5.986851851851852
4.720185185185185
3.3205555555555555
3.0253703703703705
3.4994444444444444
4.032407407407407
5.223888888888889
6.3624074074074075
3.6664814814814815
4.598518518518518
3.3427777777777776
3.6075925925925927
3.7794444444444446
4.305370370370371
5.684074074074074
5.08925925925926
4.011481481481481
3.6637037037037037
5.185370370370371
4.020925925925926
3.417037037037037
4.091111111111111
8.020925925925926
5.939444444444445
7.412592592592593
3.7022222222222223
125.92851851851852
160.56296296296296
4.256296296296297
16.174444444444443
38.90222222222222
10.875370370370371
80.08888888888889
7.535925925925926
6.607222222222222
29.072407407407407
12.08925925925926
9.03037037037037
14.580185185185185
19.87148148148148
210.25703703703704
147.4225925925926
92.32240740740741
43.456296296296294
4.216851851851852
21.701296296296295
13.037037037037036
7.700925925925926
14.423148148148147
26.91722222222222
25.31277777777778
11.648518518518518
65.42314814814814
31.734814814814815
12.531851851851853
15.953518518518518
22.28148148148148
10.364814814814816
7.2898148148148145
8.045185185185185
70.06296296296296
13.65611111111111
38.49462962962963
14.539074074074074
61.77425925925926
242.35018518518518
13.025
9.63111111111111
22.21
19.649074074074075
16.50611111111111
16.627407407407407
20.96
135.06814814814814
21.955555555555556
19.09
58.46962962962963
14.803333333333333
35.75611111111111
9.941481481481482
19.66425925925926
6.520555555555555
7.541851851851852
