37724
44874
33430
37848
38132
35833
38448
48288
43428
40532
41015
43927
36759
30472
56132
34581
39983
37657
36972
44030
34640
37628
34868
52917
46747
36485
35987
42480
28771
40833
36182
37928
31715
39536
39844
34573
57285
33676
37622
32892
36883
37854
33275
39654
38212
38226
49690
30105
33499
29820
36948
27407
37705
30824
39599
29185
34740
31785
28401
30877
40591
44572
25664
27489
52275
33280
33152
37409
25859
29715
37035
33438
28344
31996
32951
31185
33862
23635
33699
37531
33136
28276
33342
33569
29915
31884
37004
24913
31448
24137
39959
25393
30013
36360
32564
31450
30375
32367
33070
33682
30472
31910
25233
34100
25504
100321
33101
26310
26158
26757
20928
28836
26574
26070
31329
29601
31593
23689
27071
25908
21637
25542
23629
23416
25643
25636
23306
22677
24335
25108
24614
30024
25937
18387
25710
23190
26190
22730
67667
27484
39345
26206
22108
24350
24378
22199
110206
23024
24412
28842
23444
20211
24917
25593
24679
28787
32224
34583
20111
25409
23399
24501
23100
25952
25837
26600
26103
21456
22586
27230
23515
22329
26226
22513
23135
21234
21496
29600
23944
19710
22201
28252
21783
19878
19919
22367
21403
20566
26410
21904
25601
51167
36435
25300
20250
27902
21496
76757
29803
25651
19767
24944
21359
22944
20640
25151
21438
21912
22736
24569
27333
26011
29819
31043
23735
22115
24550
27334
22618
19897
19222
22132
27917
31497
26422
19422
18578
18958
17088
18079
23905
22536
209849
23906
34624
22983
41314
34802
30858
44631
22889
27024
20872
29318
25819
22736
27964
27045
26603
17965
19199
30819
33671
38778
20979
39233
39196
33945
20293
27903
17989
18389
18057
17784
17197
27186
23394
24474
32012
26866
18738
35077
25446
18478
15560
20508
17479
21967
15965
40778
22807
28160
17346
40511
157538
17569
20301
21958
20411
17598
17233
42740
23339
15502
26020
19664
16934
13307
17937
16190
16490
14557
16992
14730
14695
15351
15703
25397
17105
17431
17470
16369
17172
18363
17163
22838
23993
32329
25489
17931
16337
18897
21775
28209
34357
19799
24832
18051
19481
20409
23249
30694
27482
21662
19784
28001
21713
18452
22092
43313
32073
40028
19992
680014
867040
22984
87342
210072
58727
432480
40694
35679
156991
65282
48764
78733
107306
1135388
796082
498541
234664
22771
117187
70400
41585
77885
145353
136689
62902
353285
171368
67672
86149
120320
55970
39365
43444
378340
73743
207871
78511
333581
1308691
70335
52008
119934
106105
89133
89788
113184
729368
118560
103086
315736
79938
193083
53684
106187
35211
40726
