51284
41430
43528
36745
49126
41983
41064
37646
32559
33886
58163
37565
30655
45792
39480
49394
29589
32058
43443
33660
50407
35872
36441
33125
38309
34467
42090
33860
44723
34364
42475
34993
33552
35758
48787
32019
36268
33037
35990
34259
34278
37791
33246
34082
46388
32494
37551
37583
28890
30473
30523
33798
30320
38720
40781
39063
38875
32613
40443
32164
29797
24019
31047
31461
24943
33704
24386
44520
28429
32046
32503
42036
31129
37712
40417
41125
26181
28276
29240
30696
35586
27963
30844
28315
23517
26830
30639
30573
24457
25783
28581
36491
30128
38889
33081
31079
28888
29706
27135
35699
37098
32345
32872
32517
30969
29457
33777
30729
31729
28695
31035
24245
28002
27441
32599
26811
27963
31763
32758
24825
22310
24807
25588
31202
33866
25295
26655
38143
34530
37305
39216
34284
28805
27916
31119
29976
28142
26390
31293
30078
30688
28122
31550
37107
33389
23172
29281
24505
21748
28327
22429
25570
32375
38011
34566
29142
26260
23948
35610
31078
23753
27140
26366
25533
24915
23810
23763
24652
31258
32486
23881
23195
23140
23760
25836
28032
26025
26953
30940
25150
23108
22997
22584
25048
23491
26949
27860
28362
27408
27017
22004
26741
25627
25655
26960
28124
26073
28811
21682
19932
29341
21619
22684
27287
22696
26912
25043
20665
18939
19311
20942
21534
21990
23471
23599
19329
21953
19615
21383
18036
21089
17170
23932
19656
18792
20778
18525
19682
19692
22556
18825
17412
18771
18811
18545
20694
20690
17551
18148
19492
17424
18630
20008
20648
16961
20350
20996
17415
18418
16113
18051
17718
17687
17329
18260
16090
17260
16721
17580
17988
18339
14474
17348
16179
18054
16513
17093
17693
18651
17823
18588
18718
17560
18734
15533
18435
20766
15736
18685
15914
18154
17132
16669
14647
17327
15266
16839
16471
18089
16801
16578
13964
15364
17708
17460
16632
15075
15375
15612
13732
18040
18868
16497
16346
17442
15380
15986
14917
15512
16971
16431
15227
14374
15750
16238
16573
14747
14895
16709
16580
14421
12415
14262
14841
15430
18114
16150
13812
14594
15158
14959
13524
14473
14535
12516
14680
14844
15053
14183
15214
17715
15311
18071
16354
14841
13770
13494
15205
15444
15225
13322
14733
14801
15019
14070
12763
12340
14316
14739
16195
12768
13977
15237
15106
14164
14510
14799
13614
14725
15713
14336
14170
15118
13430
14311
12022
13628
12857
11881
13875
13193
14040
14474
11245
13016
13151
13135
12533
12647
12989
13465
14111
12315
13597
14432
12161
12776
12576
12990
12027
13628
12526
11878
12465
11531
12470
12674
12468
12845
13576
13068
13702
14168
12646
12310
13235
11640
11518
13472
11609
11550
12205
12693
12223
12845
11858
11875
11586
13427
11594
12547
11933
11510
12319
13791
12310
12119
11040
12051
10825
12116
11233
12639
11738
11247
12516
11460
12180
10782
12081
12416
12178
10697
11585
11403
10765
11956
12883
11780
11514
10977
12473
11795
12206
10425
12434
11568
10711
11436
11069
11901
10843
10261
10716
10173
10688
11393
10514
12165
11456
11170
10981
11361
10359
11884
10992
10039
10570
9858
10877
10168
10003
10512
11185
9400
11266
10956
9652
10069
11306
