-37605.0
-28807.0
-29852.0
-25042.0
-36136.0
-26420.0
-27174.0
-25104.0
-21205.0
-22817.0
-41995.0
-25700.0
-20387.0
-32796.0
-26292.0
-36057.0
-18774.0
-20697.0
-29775.0
-22228.0
-36618.0
-23711.0
-24999.0
-22432.0
-26061.0
-23066.0
-30285.0
-22872.0
-30989.0
-23906.0
-27503.0
-22804.0
-22160.0
-24171.0
-34847.0
-20975.0
-23977.0
-21771.0
-23388.0
-22009.0
-22400.0
-25775.0
-20501.0
-21916.0
-33462.0
-20407.0
-25528.0
-24567.0
-17745.0
-19514.0
-19143.0
-22829.0
-20388.0
-26357.0
-28173.0
-25736.0
-26164.0
-21613.0
-28629.0
-20829.0
-18706.0
-14354.0
-20812.0
-20038.0
-14710.0
-22294.0
-14294.0
-32440.0
-17665.0
-20780.0
-20921.0
-28052.0
-20034.0
-25338.0
-28856.0
-27664.0
-15857.0
-18007.0
-17644.0
-19638.0
-24505.0
-17464.0
-18412.0
-17575.0
-13551.0
-16094.0
-19702.0
-18889.0
-14018.0
-16100.0
-18268.0
-23843.0
-19351.0
-27717.0
-20909.0
-20271.0
-18423.0
-17758.0
-16592.0
-24506.0
-25054.0
-21053.0
-21218.0
-20656.0
-20342.0
-18887.0
-21374.0
-19221.0
-19774.0
-18542.0
-20513.0
-13804.0
-16756.0
-16817.0
-20316.0
-15969.0
-16850.0
-20709.0
-21175.0
-14595.0
-12811.0
-14028.0
-15673.0
-18955.0
-22215.0
-14968.0
-16362.0
-25894.0
-23195.0
-25835.0
-25873.0
-23920.0
-17868.0
-16322.0
-19768.0
-18677.0
-16514.0
-16604.0
-19450.0
-19138.0
-19433.0
-17296.0
-20233.0
-25189.0
-20818.0
-12975.0
-18916.0
-14076.0
-12928.0
-17132.0
-13528.0
-15182.0
-20644.0
-25203.0
-23586.0
-18995.0
-16222.0
-13983.0
-23371.0
-19518.0
-14373.0
-15937.0
-15291.0
-15597.0
-15061.0
-13948.0
-14106.0
-13937.0
-20080.0
-21291.0
-14708.0
-13838.0
-13056.0
-13668.0
-15184.0
-16583.0
-15078.0
-16308.0
-19060.0
-14217.0
-13016.0
-13273.0
-12903.0
-14338.0
-13279.0
-16157.0
-17036.0
-16820.0
-16394.0
-16054.0
-11781.0
-15307.0
-14771.0
-14727.0
-15758.0
-17512.0
-15662.0
-18479.0
-11271.0
-10786.0
-16733.0
-11696.0
-12193.0
-15678.0
-12593.0
-16936.0
-14180.0
-10170.0
-9055.0
-10416.0
-10858.0
-11400.0
-12643.0
-12951.0
-13255.0
-10060.0
-11625.0
-10217.0
-11209.0
-8520.0
-11430.0
-8232.0
-14384.0
-11112.0
-10153.0
-10756.0
-9048.0
-10282.0
-10704.0
-11347.0
-10006.0
-8616.0
-9518.0
-9923.0
-9145.0
-10867.0
-10779.0
-8541.0
-9231.0
-10245.0
-8718.0
-10255.0
-10907.0
-11412.0
-7665.0
-10423.0
-11386.0
-8871.0
-9500.0
-7238.0
-9099.0
-8535.0
-8434.0
-8418.0
-9989.0
-7301.0
-8427.0
-7785.0
-8841.0
-9284.0
-8400.0
-6104.0
-8243.0
-7845.0
-9034.0
-8239.0
-7656.0
-8572.0
-9248.0
-8625.0
-9143.0
-9969.0
-7276.0
-8522.0
-6435.0
-9533.0
-10873.0
-7077.0
-9220.0
-7463.0
-8982.0
-8464.0
-7902.0
-6431.0
-8180.0
-7670.0
-7583.0
-7635.0
-8531.0
-8153.0
-7901.0
-6148.0
-6456.0
-9091.0
-8477.0
-7367.0
-6399.0
-6523.0
-7193.0
-5880.0
-8604.0
-9780.0
-7015.0
-7043.0
-7599.0
-7011.0
-6935.0
-6264.0
-6880.0
-7701.0
-7828.0
-7194.0
-6146.0
-6781.0
-7525.0
-7276.0
-6730.0
-6763.0
-7679.0
-8211.0
-6540.0
-5092.0
-5855.0
-6342.0
-6865.0
-9322.0
-7501.0
-5733.0
-6193.0
-6322.0
-6912.0
-5845.0
-6032.0
-6183.0
-5174.0
-6175.0
-6689.0
-6700.0
-6262.0
-6519.0
-7602.0
-7849.0
-8653.0
-7984.0
-5850.0
-5507.0
-5318.0
-6441.0
-6876.0
-5728.0
-5225.0
-6869.0
-5949.0
-6304.0
-6087.0
-4914.0
-4767.0
-6141.0
-6240.0
-6924.0
-4245.0
-6157.0
-6604.0
-6556.0
-5468.0
-5019.0
-6775.0
-6109.0
-6561.0
-7128.0
-6038.0
-6001.0
-6562.0
-5128.0
-5378.0
-4769.0
-5896.0
-5429.0
-4209.0
-5373.0
-5093.0
-5390.0
-6561.0
-3847.0
-5081.0
-4868.0
-5291.0
-5018.0
-5290.0
-5359.0
-4995.0
-5595.0
-4510.0
-5588.0
-5723.0
-4903.0
-4654.0
-4389.0
-5059.0
-4307.0
-5060.0
-5064.0
-4002.0
-4947.0
-3898.0
-4797.0
-4910.0
-5011.0
-4479.0
-5009.0
-4970.0
-5209.0
-5370.0
-4752.0
-4315.0
-5182.0
-4111.0
-3955.0
-5561.0
-4149.0
-4517.0
-4328.0
-5325.0
-4658.0
-5371.0
-4282.0
-4690.0
-4242.0
-5276.0
-3615.0
-4981.0
-4324.0
-4077.0
-4661.0
-5595.0
-4376.0
-4548.0
-3651.0
-4505.0
-3587.0
-4596.0
-3914.0
-4916.0
-4216.0
-3825.0
-4516.0
-4089.0
-4435.0
-3410.0
-4049.0
-4106.0
-4447.0
-3468.0
-3894.0
-4100.0
-3773.0
-4454.0
-5251.0
-3852.0
-4433.0
-3875.0
-4146.0
-4083.0
-4382.0
-3200.0
-4482.0
-4455.0
-4104.0
-3763.0
-3393.0
-4078.0
-3675.0
-3369.0
-3398.0
-3433.0
-3775.0
-3722.0
-3520.0
-3417.0
-3649.0
-3475.0
-3528.0
-3604.0
-3108.0
-3401.0
-3401.0
-3104.0
-3662.0
-3297.0
-3424.0
-3213.0
-3136.0
-3432.0
-3416.0
-2987.0
-3776.0
-3840.0
-3486.0
-3131.0
-3836.0
