9.497037037037037
7.6722222222222225
8.06074074074074
6.80462962962963
9.097407407407408
7.774629629629629
7.604444444444445
6.971481481481481
6.029444444444445
6.275185185185185
10.770925925925926
6.9564814814814815
5.676851851851852
8.48
7.311111111111111
9.147037037037038
5.479444444444445
5.9366666666666665
8.045
6.233333333333333
9.33462962962963
6.642962962962963
6.748333333333333
6.1342592592592595
7.0942592592592595
6.382777777777778
7.794444444444444
6.270370370370371
8.282037037037037
6.363703703703703
7.8657407407407405
6.480185185185185
6.213333333333333
6.621851851851852
9.03462962962963
5.929444444444444
6.716296296296297
6.117962962962963
6.6648148148148145
6.3442592592592595
6.347777777777778
6.998333333333333
6.156666666666666
6.311481481481482
8.59037037037037
6.017407407407408
6.953888888888889
6.9598148148148145
5.35
5.643148148148148
5.6524074074074075
6.2588888888888885
5.614814814814815
7.17037037037037
7.552037037037037
7.233888888888889
7.199074074074074
6.039444444444444
7.489444444444445
5.956296296296296
5.517962962962963
4.447962962962963
5.749444444444444
5.8261111111111115
4.619074074074074
6.241481481481482
4.515925925925926
8.244444444444444
5.2646296296296295
5.934444444444445
6.019074074074074
7.7844444444444445
5.7646296296296295
6.9837037037037035
7.484629629629629
7.6157407407407405
4.848333333333334
5.236296296296296
5.4148148148148145
5.684444444444445
6.59
5.178333333333334
5.7118518518518515
5.243518518518519
4.355
4.968518518518518
5.6738888888888885
5.661666666666667
4.5290740740740745
4.774629629629629
5.292777777777777
6.757592592592593
5.579259259259259
7.201666666666667
6.126111111111111
5.75537037037037
5.3496296296296295
5.501111111111111
5.025
6.610925925925926
6.87
5.989814814814815
6.087407407407407
6.0216666666666665
5.735
5.455
6.255
5.690555555555555
5.875740740740741
5.313888888888889
5.747222222222222
4.489814814814815
5.185555555555555
5.081666666666667
6.036851851851852
4.965
5.178333333333334
5.882037037037037
6.066296296296296
4.597222222222222
4.131481481481481
4.5938888888888885
4.738518518518519
5.778148148148148
6.271481481481482
4.684259259259259
4.936111111111111
7.063518518518518
6.394444444444445
6.908333333333333
7.262222222222222
6.348888888888889
5.33425925925926
5.16962962962963
5.762777777777778
5.551111111111111
5.211481481481481
4.887037037037037
5.795
5.57
5.6829629629629625
5.207777777777777
5.842592592592593
6.871666666666667
6.183148148148148
4.291111111111111
5.422407407407407
4.537962962962963
4.0274074074074075
5.24574074074074
4.153518518518519
4.735185185185185
5.99537037037037
7.039074074074074
6.401111111111111
5.3966666666666665
4.862962962962963
4.434814814814815
6.594444444444444
5.755185185185185
4.398703703703704
5.025925925925926
4.882592592592593
4.7283333333333335
4.613888888888889
4.409259259259259
4.400555555555556
4.565185185185185
5.788518518518519
6.015925925925926
4.422407407407407
4.29537037037037
4.285185185185185
4.4
4.7844444444444445
5.191111111111111
4.819444444444445
4.991296296296296
5.729629629629629
4.657407407407407
4.279259259259259
4.258703703703704
4.182222222222222
4.638518518518518
4.350185185185185
4.990555555555556
5.159259259259259
5.252222222222223
5.075555555555556
5.003148148148148
4.074814814814815
4.952037037037037
4.74574074074074
4.750925925925926
4.992592592592593
5.208148148148148
4.828333333333333
5.33537037037037
4.015185185185185
3.6911111111111112
5.433518518518518
4.0035185185185185
4.20074074074074
5.053148148148148
4.202962962962963
4.9837037037037035
4.6375925925925925
3.8268518518518517
3.507222222222222
3.576111111111111
3.8781481481481483
3.9877777777777776
4.072222222222222
4.346481481481481
4.370185185185186
3.5794444444444444
4.0653703703703705
3.6324074074074075
3.959814814814815
3.34
3.9053703703703704
3.1796296296296296
4.431851851851852
3.64
3.48
3.847777777777778
3.4305555555555554
3.644814814814815
3.6466666666666665
4.177037037037037
3.486111111111111
3.2244444444444444
3.476111111111111
3.4835185185185185
3.4342592592592593
3.832222222222222
3.8314814814814815
3.250185185185185
3.3607407407407406
3.6096296296296297
3.2266666666666666
3.45
3.705185185185185
3.823703703703704
3.140925925925926
3.7685185185185186
3.888148148148148
3.225
3.410740740740741
2.983888888888889
3.3427777777777776
3.281111111111111
3.2753703703703705
3.209074074074074
3.3814814814814813
2.97962962962963
3.196296296296296
3.0964814814814816
3.2555555555555555
3.331111111111111
3.3961111111111113
2.6803703703703703
3.2125925925925927
2.996111111111111
3.3433333333333333
3.057962962962963
3.16537037037037
3.2764814814814813
3.453888888888889
3.3005555555555555
3.442222222222222
3.466296296296296
3.251851851851852
3.469259259259259
2.8764814814814814
3.4138888888888888
3.8455555555555554
2.9140740740740743
3.460185185185185
2.947037037037037
3.361851851851852
3.1725925925925926
3.086851851851852
2.7124074074074076
3.2087037037037036
2.8270370370370372
3.118333333333333
3.0501851851851853
3.349814814814815
3.1112962962962962
3.07
2.5859259259259257
2.8451851851851853
3.279259259259259
3.2333333333333334
3.08
2.7916666666666665
2.8472222222222223
2.891111111111111
2.542962962962963
3.3407407407407406
3.494074074074074
3.055
3.027037037037037
3.23
2.848148148148148
2.9603703703703705
2.7624074074074074
2.872592592592593
3.142777777777778
3.042777777777778
2.8198148148148148
2.6618518518518517
2.9166666666666665
3.007037037037037
3.069074074074074
2.7309259259259258
2.7583333333333333
3.094259259259259
3.0703703703703704
2.6705555555555556
2.299074074074074
2.641111111111111
2.7483333333333335
2.8574074074074076
3.3544444444444443
2.990740740740741
2.557777777777778
2.7025925925925924
2.807037037037037
2.770185185185185
2.5044444444444443
2.6801851851851852
2.691666666666667
2.3177777777777777
2.7185185185185183
2.7488888888888887
2.7875925925925924
2.6264814814814814
2.8174074074074076
3.2805555555555554
2.8353703703703705
3.3464814814814816
3.0285185185185184
2.7483333333333335
2.55
2.4988888888888887
2.8157407407407407
2.86
2.8194444444444446
2.467037037037037
2.7283333333333335
2.740925925925926
2.781296296296296
2.6055555555555556
2.3635185185185184
2.285185185185185
2.651111111111111
2.7294444444444443
2.9990740740740742
2.3644444444444446
2.5883333333333334
2.8216666666666668
2.7974074074074076
2.622962962962963
2.687037037037037
2.7405555555555554
2.5211111111111113
2.7268518518518516
2.9098148148148146
2.6548148148148147
2.6240740740740742
2.7996296296296297
2.487037037037037
2.650185185185185
2.2262962962962964
2.5237037037037036
2.380925925925926
2.2001851851851852
2.5694444444444446
2.4431481481481483
2.6
2.6803703703703703
2.0824074074074073
2.4103703703703703
2.43537037037037
2.4324074074074074
2.320925925925926
2.342037037037037
2.4053703703703704
2.4935185185185187
2.613148148148148
2.2805555555555554
2.517962962962963
2.6725925925925926
2.252037037037037
2.365925925925926
2.328888888888889
2.4055555555555554
2.227222222222222
2.5237037037037036
2.3196296296296297
2.1996296296296296
2.308333333333333
2.1353703703703704
2.3092592592592593
2.3470370370370373
2.3088888888888888
2.3787037037037035
2.514074074074074
2.42
2.5374074074074073
2.6237037037037036
2.341851851851852
2.2796296296296297
2.450925925925926
2.1555555555555554
2.132962962962963
2.4948148148148146
2.149814814814815
2.138888888888889
2.2601851851851853
2.3505555555555557
2.2635185185185187
2.3787037037037035
2.195925925925926
2.199074074074074
2.1455555555555557
2.4864814814814813
2.147037037037037
2.3235185185185183
2.209814814814815
2.1314814814814813
2.281296296296296
2.553888888888889
2.2796296296296297
2.2442592592592594
2.0444444444444443
2.2316666666666665
2.0046296296296298
2.2437037037037038
2.080185185185185
2.3405555555555555
2.173703703703704
2.082777777777778
2.3177777777777777
2.1222222222222222
2.2555555555555555
1.9966666666666666
2.237222222222222
2.299259259259259
2.2551851851851854
1.980925925925926
2.14537037037037
2.111666666666667
1.9935185185185185
2.214074074074074
2.385740740740741
2.1814814814814816
2.132222222222222
2.0327777777777776
2.309814814814815
2.1842592592592593
2.2603703703703704
1.9305555555555556
2.3025925925925925
2.1422222222222222
1.9835185185185185
2.117777777777778
2.0498148148148148
2.203888888888889
2.007962962962963
1.9001851851851852
1.9844444444444445
1.883888888888889
1.9792592592592593
2.109814814814815
1.9470370370370371
2.2527777777777778
2.1214814814814815
2.0685185185185184
2.0335185185185187
2.1038888888888887
1.9183333333333332
2.200740740740741
2.0355555555555553
1.859074074074074
1.9574074074074075
1.8255555555555556
2.0142592592592594
1.882962962962963
1.8524074074074075
1.9466666666666668
2.071296296296296
1.7407407407407407
2.0862962962962963
2.028888888888889
1.7874074074074073
1.8646296296296296
2.093703703703704
