45525
47347
43090
33766
34260
33491
35328
35542
36536
56183
58154
37031
43907
33368
41188
37957
38494
36680
37588
30081
31360
41825
31209
29845
33786
31817
37501
32302
44021
31702
34507
26629
42130
27889
35749
33048
34137
40878
36263
29866
44235
34066
30719
29837
45277
34199
39817
26207
31286
31560
32100
39375
29871
22479
25990
31470
31526
27245
28631
27169
27388
31836
25655
31641
26235
34419
32592
35624
23637
28518
32760
24551
32362
41778
24123
25091
27172
30077
27233
29768
22926
27434
26807
28364
28465
30976
26457
30481
24597
36441
28688
25341
25753
24320
33709
26607
26683
24387
24954
26276
24449
26333
30495
23567
21494
23234
26439
25240
30492
30288
26975
24432
25779
29486
25851
24696
21537
25137
25220
29830
22921
25957
24033
23978
27100
22578
21530
23738
20004
19133
21960
21847
21431
26172
24428
22856
21717
21857
26777
33164
25429
23428
19792
19107
23617
24260
22376
19789
21660
26010
24998
21681
20916
21119
22766
24367
25867
21293
26060
22410
17886
23096
20495
22803
22783
19805
23918
21158
18873
21185
22255
19118
22646
21235
21279
18350
24126
21410
17937
20464
22895
24446
22112
21544
18833
19821
18612
19117
21720
19838
19788
21152
19973
21096
18159
20305
17846
18347
15974
18374
20025
21140
19792
21046
17305
18741
18587
20058
19115
16472
21750
17938
17987
16558
17900
20157
19688
16272
16942
19108
19147
18876
16940
19094
18068
17039
17311
18949
18092
17933
17410
17217
18353
18569
18037
18970
17611
18436
29585
24729
18437
27724
18278
17392
17350
18519
18101
16911
19727
20869
16016
16759
17937
17365
21084
14256
16982
22083
15804
17199
19391
17895
17514
19082
15182
15453
17594
17046
15382
14928
16028
13220
17355
15619
15316
15232
16021
16175
16318
14968
15558
17077
16675
15777
14289
13801
15166
17044
15505
17280
14111
15708
15075
15661
16155
13991
15246
15133
15400
14384
15512
14593
14872
15349
16237
17012
14294
13144
15720
13852
14324
13530
14301
14159
16799
15016
13975
12576
14049
13501
14076
12935
13873
14292
14186
15813
14612
13215
13287
13549
13573
15660
14881
12752
16052
14029
13980
11998
13995
14551
14771
13909
14420
11747
15228
13844
14915
14498
13839
13650
12592
15314
14453
14371
13468
14710
13121
13025
13877
13884
13219
12572
12627
14817
14484
14924
14377
12394
13810
13001
12506
13751
15952
12451
15290
13414
12199
14701
12291
14760
13964
12650
12177
10929
13830
12564
13162
11258
13206
12771
12778
12339
12539
13770
12197
12503
13590
12700
11977
11773
11980
12717
12373
11988
12536
12858
12908
11470
11614
12093
12348
13298
12941
14238
12044
12642
11788
13235
11730
11436
12659
11949
12221
11462
12240
13003
12456
11855
12619
11201
11332
11109
11663
11775
10671
10640
10983
12973
12486
10370
10251
11347
9785
11674
10663
12906
11438
11242
12413
14456
12562
10324
12377
13096
12378
11094
10932
12330
11566
10353
10323
12477
13630
10552
10677
11282
11364
11480
10650
10157
12032
12511
10545
11274
10232
9941
11190
10033
12766
10471
9337
11604
10837
10136
10498
9731
11273
10209
9480
12048
11741
12109
12110
10971
10194
12427
16133
9628
10659
11293
