8.430555555555555
8.767962962962963
7.979629629629629
6.252962962962963
6.344444444444444
6.202037037037037
6.542222222222223
6.581851851851852
6.765925925925926
10.404259259259259
10.76925925925926
6.857592592592592
8.130925925925926
6.1792592592592595
7.627407407407407
7.0290740740740745
7.1285185185185185
6.792592592592593
6.960740740740741
5.570555555555556
5.807407407407408
7.74537037037037
5.779444444444445
5.526851851851852
6.256666666666667
5.892037037037037
6.944629629629629
5.981851851851852
8.152037037037037
5.87074074074074
6.390185185185185
4.9312962962962965
7.801851851851852
5.16462962962963
6.620185185185186
6.12
6.321666666666666
7.57
6.71537037037037
5.5307407407407405
8.191666666666666
6.308518518518518
5.688703703703704
5.5253703703703705
8.384629629629629
6.333148148148148
7.373518518518519
4.853148148148148
5.793703703703704
5.844444444444444
5.944444444444445
7.291666666666667
5.531666666666666
4.1627777777777775
4.812962962962963
5.8277777777777775
5.838148148148148
5.04537037037037
5.302037037037037
5.031296296296296
5.071851851851852
5.895555555555555
4.750925925925926
5.859444444444445
4.858333333333333
6.373888888888889
6.035555555555556
6.597037037037037
4.377222222222223
5.2811111111111115
6.066666666666666
4.546481481481481
5.992962962962963
7.736666666666666
4.467222222222222
4.646481481481482
5.031851851851852
5.569814814814815
5.043148148148148
5.5125925925925925
4.245555555555556
5.08037037037037
4.96425925925926
5.252592592592593
5.271296296296296
5.736296296296296
4.899444444444445
5.644629629629629
4.555
6.748333333333333
5.312592592592592
4.692777777777778
4.769074074074074
4.503703703703704
6.242407407407407
4.927222222222222
4.941296296296296
4.516111111111111
4.621111111111111
4.865925925925926
4.527592592592592
4.876481481481481
5.647222222222222
4.364259259259259
3.9803703703703706
4.3025925925925925
4.896111111111111
4.674074074074074
5.6466666666666665
5.608888888888889
4.99537037037037
4.524444444444445
4.773888888888889
5.46037037037037
4.787222222222222
4.573333333333333
3.9883333333333333
4.655
4.67037037037037
5.524074074074074
4.24462962962963
4.806851851851852
4.450555555555556
4.4403703703703705
5.018518518518518
4.181111111111111
3.987037037037037
4.395925925925926
3.7044444444444444
3.543148148148148
4.066666666666666
4.045740740740741
3.968703703703704
4.846666666666667
4.523703703703704
4.232592592592592
4.0216666666666665
4.047592592592593
4.958703703703704
6.141481481481481
4.709074074074074
4.338518518518518
3.665185185185185
3.5383333333333336
4.373518518518519
4.492592592592593
4.143703703703704
3.6646296296296295
4.011111111111111
4.816666666666666
4.62925925925926
4.015
3.8733333333333335
3.910925925925926
4.215925925925926
4.512407407407407
4.7901851851851855
3.9431481481481483
4.825925925925926
4.15
3.312222222222222
4.277037037037037
3.7953703703703705
4.222777777777778
4.219074074074074
3.6675925925925927
4.4292592592592595
3.918148148148148
3.495
3.9231481481481483
4.121296296296296
3.54037037037037
4.1937037037037035
3.9324074074074074
3.9405555555555556
3.3981481481481484
4.467777777777778
3.964814814814815
3.3216666666666668
3.7896296296296295
4.239814814814815
4.527037037037037
4.094814814814815
3.9896296296296296
3.4875925925925926
3.6705555555555556
3.4466666666666668
3.540185185185185
4.022222222222222
3.673703703703704
3.6644444444444444
3.917037037037037
3.698703703703704
3.9066666666666667
3.3627777777777776
3.7601851851851853
3.3048148148148146
3.3975925925925927
2.958148148148148
3.4025925925925926
3.7083333333333335
3.914814814814815
3.665185185185185
3.897407407407407
3.2046296296296295
3.4705555555555554
3.442037037037037
3.7144444444444447
3.539814814814815
3.0503703703703704
4.027777777777778
3.321851851851852
3.330925925925926
3.0662962962962963
3.314814814814815
3.7327777777777778
3.645925925925926
3.013333333333333
3.1374074074074074
3.5385185185185186
3.5457407407407406
3.4955555555555557
3.137037037037037
3.535925925925926
3.345925925925926
3.1553703703703704
3.205740740740741
3.509074074074074
3.35037037037037
3.320925925925926
3.224074074074074
3.1883333333333335
3.3987037037037036
3.4387037037037036
3.3401851851851854
3.512962962962963
3.261296296296296
3.4140740740740743
5.478703703703704
4.579444444444444
3.4142592592592593
5.134074074074074
3.3848148148148147
3.220740740740741
3.212962962962963
3.4294444444444445
3.352037037037037
3.131666666666667
3.6531481481481483
3.8646296296296296
2.965925925925926
3.1035185185185186
3.3216666666666668
3.2157407407407406
3.9044444444444446
2.64
3.144814814814815
4.089444444444444
2.9266666666666667
3.185
3.590925925925926
3.313888888888889
3.243333333333333
3.533703703703704
2.8114814814814815
2.861666666666667
3.2581481481481482
3.1566666666666667
2.8485185185185187
2.7644444444444445
2.968148148148148
2.448148148148148
3.213888888888889
2.8924074074074073
2.8362962962962963
2.8207407407407405
2.966851851851852
2.9953703703703702
3.021851851851852
2.771851851851852
2.881111111111111
3.1624074074074073
3.087962962962963
2.921666666666667
2.6461111111111113
2.555740740740741
2.8085185185185186
3.156296296296296
2.8712962962962965
3.2
2.613148148148148
2.908888888888889
2.7916666666666665
2.900185185185185
2.9916666666666667
2.590925925925926
2.8233333333333333
2.8024074074074075
2.8518518518518516
2.6637037037037037
2.872592592592593
2.7024074074074074
2.754074074074074
2.8424074074074075
3.006851851851852
3.1503703703703705
2.647037037037037
2.4340740740740743
2.911111111111111
2.565185185185185
2.6525925925925926
2.5055555555555555
2.6483333333333334
2.622037037037037
3.110925925925926
2.780740740740741
2.587962962962963
2.328888888888889
2.6016666666666666
2.500185185185185
2.6066666666666665
2.39537037037037
2.569074074074074
2.6466666666666665
2.627037037037037
2.9283333333333332
2.705925925925926
2.4472222222222224
2.4605555555555556
2.509074074074074
2.5135185185185187
2.9
2.7557407407407406
2.3614814814814813
2.9725925925925925
2.597962962962963
2.588888888888889
2.2218518518518517
2.591666666666667
2.6946296296296297
2.7353703703703705
2.575740740740741
2.6703703703703705
2.1753703703703704
2.82
2.5637037037037036
2.762037037037037
2.684814814814815
2.562777777777778
2.5277777777777777
2.331851851851852
2.8359259259259257
2.6764814814814817
2.6612962962962965
2.494074074074074
2.724074074074074
2.4298148148148146
2.412037037037037
2.5698148148148148
2.571111111111111
2.447962962962963
2.328148148148148
2.3383333333333334
2.743888888888889
2.6822222222222223
2.7637037037037038
2.6624074074074073
2.295185185185185
2.5574074074074074
2.4075925925925925
2.3159259259259257
2.5464814814814813
2.954074074074074
2.305740740740741
2.8314814814814815
2.484074074074074
2.259074074074074
2.7224074074074074
2.276111111111111
2.7333333333333334
2.5859259259259257
2.3425925925925926
2.255
2.023888888888889
2.561111111111111
2.3266666666666667
2.4374074074074072
2.084814814814815
2.4455555555555555
2.365
2.366296296296296
2.285
2.322037037037037
2.55
2.258703703703704
2.3153703703703705
2.5166666666666666
2.3518518518518516
2.217962962962963
2.1801851851851852
2.2185185185185183
2.355
2.2912962962962964
2.22
2.3214814814814817
2.381111111111111
2.3903703703703703
2.1240740740740742
2.1507407407407406
2.2394444444444446
2.2866666666666666
2.4625925925925927
2.3964814814814814
2.6366666666666667
2.2303703703703706
2.341111111111111
2.182962962962963
2.450925925925926
2.172222222222222
2.117777777777778
2.344259259259259
2.2127777777777777
2.263148148148148
2.122592592592593
2.2666666666666666
2.407962962962963
2.3066666666666666
2.1953703703703704
2.336851851851852
2.0742592592592595
2.0985185185185187
2.0572222222222223
2.1598148148148146
2.1805555555555554
1.9761111111111112
1.9703703703703703
2.033888888888889
2.4024074074074075
2.312222222222222
1.9203703703703703
1.8983333333333334
2.1012962962962964
1.8120370370370371
2.1618518518518517
1.9746296296296297
2.39
2.118148148148148
2.081851851851852
2.298703703703704
2.677037037037037
2.326296296296296
1.911851851851852
2.292037037037037
2.4251851851851853
2.292222222222222
2.0544444444444445
2.0244444444444443
2.283333333333333
2.1418518518518517
1.9172222222222222
1.9116666666666666
2.3105555555555557
2.524074074074074
1.954074074074074
1.9772222222222222
2.089259259259259
2.1044444444444443
2.1259259259259258
1.9722222222222223
1.880925925925926
2.228148148148148
2.316851851851852
1.9527777777777777
2.0877777777777777
1.8948148148148147
1.8409259259259259
2.0722222222222224
1.857962962962963
2.364074074074074
1.9390740740740742
1.729074074074074
2.148888888888889
2.006851851851852
1.877037037037037
1.944074074074074
1.802037037037037
2.0875925925925927
1.8905555555555555
1.7555555555555555
2.2311111111111113
2.174259259259259
2.2424074074074074
2.2425925925925925
2.0316666666666667
1.8877777777777778
2.301296296296296
2.9875925925925926
1.7829629629629629
1.9738888888888888
2.091296296296296
