-3572
-3786
-3412
-2673
-2705
-2673
-2800
-2836
-2945
-4456
-4583
-2989
-3493
-2608
-3283
-2971
-3031
-2930
-3011
-2456
-2464
-3313
-2490
-2407
-2711
-2566
-2957
-2578
-3493
-2526
-2757
-2160
-3363
-2220
-2809
-2582
-2696
-3160
-2916
-2442
-3513
-2749
-2501
-2373
-3601
-2682
-3121
-2064
-2512
-2523
-2531
-3157
-2405
-1836
-2094
-2486
-2491
-2224
-2305
-2203
-2185
-2537
-2069
-2537
-2117
-2720
-2634
-2850
-1908
-2284
-2541
-1984
-2575
-3270
-1958
-2000
-2186
-2411
-2162
-2429
-1836
-2196
-2147
-2256
-2295
-2502
-2090
-2425
-1957
-2844
-2329
-1988
-2074
-1938
-2686
-2102
-2126
-1972
-2012
-2089
-1954
-2120
-2430
-1896
-1746
-1853
-2154
-2044
-2414
-2425
-2167
-1952
-2060
-2358
-2055
-1986
-1742
-2009
-2033
-2341
-1846
-2090
-1914
-1923
-2188
-1843
-1756
-1924
-1632
-1535
-1775
-1771
-1734
-2123
-1963
-1862
-1728
-1737
-2133
-2604
-1985
-1849
-1592
-1539
-1869
-1913
-1825
-1606
-1751
-2066
-1980
-1760
-1674
-1722
-1863
-1954
-2070
-1693
-2145
-1803
-1463
-1835
-1620
-1843
-1816
-1582
-1912
-1694
-1519
-1680
-1808
-1539
-1814
-1704
-1710
-1469
-1914
-1717
-1450
-1645
-1839
-1957
-1741
-1711
-1506
-1627
-1511
-1533
-1752
-1628
-1609
-1673
-1614
-1664
-1460
-1644
-1447
-1479
-1320
-1474
-1583
-1680
-1602
-1699
-1410
-1490
-1489
-1580
-1542
-1340
-1743
-1463
-1445
-1359
-1429
-1622
-1603
-1307
-1380
-1522
-1536
-1494
-1355
-1545
-1452
-1365
-1391
-1523
-1461
-1434
-1410
-1399
-1462
-1491
-1461
-1514
-1421
-1484
-2439
-2035
-1503
-2311
-1497
-1394
-1416
-1493
-1480
-1358
-1592
-1680
-1294
-1344
-1419
-1426
-1644
-1185
-1396
-1771
-1276
-1405
-1552
-1447
-1394
-1543
-1230
-1239
-1409
-1359
-1253
-1209
-1282
-1089
-1392
-1256
-1224
-1245
-1288
-1290
-1298
-1205
-1278
-1395
-1328
-1317
-1142
-1114
-1237
-1364
-1247
-1385
-1145
-1294
-1219
-1252
-1292
-1143
-1228
-1236
-1254
-1150
-1256
-1189
-1185
-1232
-1305
-1360
-1174
-1061
-1273
-1114
-1169
-1101
-1142
-1151
-1382
-1214
-1120
-1029
-1117
-1095
-1144
-1052
-1122
-1146
-1139
-1290
-1156
-1082
-1078
-1094
-1090
-1258
-1215
-1022
-1274
-1112
-1136
-959
-1134
-1182
-1179
-1133
-1154
-944
-1223
-1120
-1203
-1158
-1119
-1082
-1029
-1246
-1156
-1141
-1097
-1192
-1058
-1045
-1136
-1089
-1075
-1019
-1027
-1183
-1153
-1180
-1153
-1000
-1113
-1051
-988
-1115
-1273
-1024
-1240
-1093
-983
-1179
-999
-1177
-1113
-1013
-978
-877
-1127
-1011
-1041
-920
-1057
-1018
-1025
-992
-1009
-1113
-980
-1009
-1096
-1030
-964
-965
-972
-1024
-994
-972
-1011
-1032
-1019
-911
-934
-960
-993
-1059
-1053
-1147
-969
-1018
-949
-1057
-947
-927
-1024
-962
-983
-933
-989
-1030
-1027
-954
-1000
-897
-922
-892
-937
-968
-873
-878
-893
-1044
-1014
-846
-823
-913
-806
-933
-858
-1035
-917
-906
-985
-1131
-999
-834
-998
-1058
-983
-896
-890
-986
-921
-831
-849
-992
-1085
-863
-869
-902
-913
-911
-851
-817
-966
-1014
-849
-918
-810
-799
-883
-817
-1019
-839
-757
-940
-881
-798
-841
-787
-913
-823
-776
-957
-924
-977
-973
-874
-808
-1005
-1279
-781
-856
-913
