-175208.0
-192702.0
-176595.0
-213850.0
-397514.0
-247949.0
-228501.0
-193598.0
-325996.0
-188972.0
-199888.0
-152388.0
-184114.0
-219167.0
-243222.0
-266032.0
-190721.0
-217241.0
-160997.0
-208699.0
-220768.0
-168522.0
-181563.0
-166403.0
-170294.0
-182250.0
-201359.0
-184436.0
-199726.0
-214305.0
-225651.0
-214091.0
-209567.0
-225603.0
-216882.0
-218377.0
-197205.0
-227465.0
-219192.0
-250458.0
-196640.0
-205392.0
-168722.0
-230672.0
-211291.0
-217381.0
-213456.0
-251599.0
-166113.0
-208474.0
