4.486851851851852
3.919259259259259
4.788703703703704
5.002037037037037
10.443703703703704
5.132592592592593
5.180740740740741
4.24962962962963
9.560185185185185
4.717037037037037
3.6283333333333334
4.281851851851852
4.667592592592593
5.456296296296296
4.71962962962963
4.818518518518519
5.216111111111111
5.157037037037037
4.307592592592592
4.366296296296296
5.0690740740740745
3.8944444444444444
4.010925925925926
4.037407407407407
4.028888888888889
4.247777777777777
5.4564814814814815
4.932592592592592
4.492407407407407
4.104259259259259
5.818888888888889
4.45574074074074
5.333148148148148
5.356111111111111
4.683888888888889
5.323333333333333
4.730555555555555
5.467592592592593
5.675740740740741
4.269259259259259
4.820925925925926
4.491851851851852
4.483148148148148
4.477777777777778
4.50962962962963
4.854074074074074
4.895925925925926
4.993333333333333
4.272037037037037
4.081111111111111
