4.21537037037037
4.666666666666667
4.533148148148148
5.07537037037037
5.0344444444444445
4.902037037037037
5.209444444444444
4.748703703703704
5.678333333333334
4.523518518518519
5.595370370370371
3.4633333333333334
4.342222222222222
4.73
6.475740740740741
6.139074074074074
4.385
4.625
3.77462962962963
5.018703703703704
4.887407407407407
4.690555555555555
4.7192592592592595
4.237222222222222
3.936111111111111
3.906851851851852
4.7427777777777775
4.818148148148148
5.0868518518518515
4.826851851851852
4.684814814814815
5.459444444444444
4.838333333333333
4.555
3.8364814814814814
4.508148148148148
4.259074074074074
4.517037037037037
4.6846296296296295
6.970555555555555
4.841666666666667
4.427962962962963
4.308518518518518
5.4366666666666665
4.672037037037037
5.696851851851852
5.4151851851851855
4.095
4.5435185185185185
4.183888888888889
