8.702222222222222
8.585925925925926
9.321851851851852
10.077407407407408
15.478148148148149
10.03462962962963
10.390185185185185
8.998333333333333
15.238518518518518
9.240555555555556
9.223703703703704
7.745185185185186
9.009814814814815
10.186296296296296
11.19537037037037
10.957592592592592
9.601111111111111
9.782037037037037
8.082222222222223
9.385
9.95648148148148
8.585
8.730185185185185
8.27462962962963
7.965
8.15462962962963
10.199259259259259
9.75074074074074
9.57925925925926
8.931111111111111
10.503703703703703
9.915185185185186
10.171481481481482
9.911111111111111
8.52037037037037
9.83148148148148
8.98962962962963
9.98462962962963
10.36037037037037
11.239814814814816
9.662592592592592
8.919814814814815
8.791666666666666
9.914444444444445
9.181666666666667
10.550925925925926
10.311111111111112
9.088333333333333
8.815555555555555
8.265
