64.50648148148149
79.69685185185185
102.36814814814815
43.772222222222226
65.05388888888889
64.00611111111111
72.71185185185185
58.050925925925924
57.712037037037035
32.806481481481484
56.955925925925925
60.13148148148148
147.41425925925927
37.5787037037037
53.909814814814816
68.45722222222223
52.227777777777774
37.62
34.27722222222222
69.58092592592592
40.96259259259259
40.92537037037037
52.672777777777775
101.81592592592592
120.28092592592593
56.38462962962963
44.92537037037037
33.97018518518519
67.01222222222222
55.72796296296296
39.98962962962963
58.843333333333334
53.685
55.595555555555556
59.37185185185185
48.877037037037034
82.2238888888889
114.25259259259259
120.21351851851851
153.4512962962963
51.62185185185185
61.59166666666667
60.291666666666664
47.150740740740744
107.82111111111111
71.70981481481482
59.69796296296296
142.39944444444444
43.33722222222222
89.22481481481482
69.76055555555556
64.8638888888889
67.93833333333333
143.87777777777777
64.64537037037037
86.83351851851852
41.51814814814815
125.21925925925926
144.52277777777778
53.33759259259259
277.67518518518517
177.95944444444444
100.12518518518519
130.0712962962963
55.20444444444445
160.35833333333332
297.8475925925926
215.15833333333333
98.40685185185185
99.35907407407407
230.95962962962963
400.62425925925925
105.22722222222222
114.1061111111111
200.12777777777777
86.70388888888888
142.92981481481482
253.20666666666668
98.11981481481482
292.51907407407407
384.44925925925924
247.53592592592594
90.18888888888888
227.91222222222223
269.45685185185187
126.42
199.4574074074074
282.65092592592595
346.9624074074074
654.7003703703704
541.0846296296296
389.94314814814817
446.3524074074074
327.3662962962963
384.5037037037037
399.6318518518519
243.2462962962963
413.9188888888889
448.6224074074074
381.91962962962964
