348335
430363
552788
236370
351291
345633
392644
313475
311645
177155
307562
324710
796037
202925
291113
369669
282030
203148
185097
375737
221198
220997
284433
549806
649517
304477
242597
183439
361866
300931
215944
317754
289899
300216
320608
263936
444009
616964
649153
828637
278758
332595
325575
254614
582234
387233
322369
768957
234021
481814
376707
350265
366867
776940
349085
468901
224198
676184
780423
288023
1499446
960981
540676
702385
298104
865935
1608377
1161855
531397
536539
1247182
2163371
568227
616173
1080690
468201
771821
1367316
529847
1579603
2076026
1336694
487020
1230726
1455067
682668
1077070
1526315
1873597
3535382
2921857
2105693
2410303
1767778
2076320
2158012
1313530
2235162
2422561
2062366
