-100354098.79999995
-150143578.5
-186288822.9
-76821564.50000003
-116617124.9
-98551387.80000004
-129537788.3
-102151663.80000001
-108924397.50000003
-57816828.50000001
-99828648.00000001
-101040170.60000002
-207400381.7
-67541501.59999998
-80105917.09999998
-122417756.89999995
-95570955.70000002
-70141995.0
-63205795.40000001
-113772880.30000004
-73577784.0
-71114922.3
-100923528.9
-154345247.0
-207335210.5
-107378396.1
-82800430.9
-61686171.300000004
-116777511.69999996
-93777110.60000001
-74593021.5
-99197369.70000002
-90685165.09999996
-95000233.4
-108984792.10000002
-94289146.79999997
-148526451.49999997
-187039161.60000005
-199989594.8
-274961884.3000001
-95383030.6
-102156000.7
-100401286.89999999
-81597244.4
-138625121.4
-123446050.19999994
-97851908.29999998
-242910213.60000002
-70014691.1
-132733986.9
-129794302.60000001
-111653562.89999993
-110245960.1
-202549309.00000003
-121090202.09999998
-112135230.99999997
-83171495.1
-222342652.6
-222809358.4
-96258829.60000001
-368850177.8999999
-294120191.29999995
-168541231.70000008
-137222894.1
-98088048.89999998
-237090511.2
-378612723.6
-314072055.8000001
-162543895.1
-160852118.6
-314141924.5
-437572022.6
-160626610.7
-168275618.4
-265545821.29999992
-132591666.90000002
-243648717.6
-341523423.69999987
-166028068.0
-380362509.5
-619656090.4
-327684931.5
-115007194.0
-321443351.7
-345625063.7
-208666041.00000003
-287451558.39999986
-354535820.50000006
-408446859.8
-723738297.3000001
-635236539.2
-447806584.00000006
-580443783.6
-384482190.6
-434886084.7
-444846718.4
-263735877.1
-444169911.3
-516890685.1999998
-411826146.7
