6.583148148148148
6.716296296296297
5.929074074074074
9.734814814814815
10.745555555555555
7.586296296296296
6.902592592592592
9.157592592592593
6.531666666666666
8.64462962962963
7.357037037037037
8.625185185185185
9.668333333333333
7.819259259259259
7.756481481481481
8.602222222222222
6.787407407407407
8.31037037037037
8.900555555555556
6.935370370370371
9.255740740740741
10.641666666666667
7.976851851851852
8.132037037037037
7.582777777777777
8.095740740740741
10.415
7.402592592592592
6.867037037037037
8.646851851851851
6.798333333333333
6.902777777777778
9.103703703703705
6.3368518518518515
7.617407407407407
9.295185185185185
7.831851851851852
9.228333333333333
7.151851851851852
8.729074074074074
6.650555555555556
6.414259259259259
5.658333333333333
6.387777777777778
6.737592592592593
7.969444444444444
10.449814814814815
8.209814814814814
6.550185185185185
6.157777777777778
6.80462962962963
7.635185185185185
8.735185185185186
8.023518518518518
6.565185185185185
8.646666666666667
7.661666666666667
7.716296296296297
6.806111111111111
13.78111111111111
7.899629629629629
6.963518518518518
9.052407407407408
8.87425925925926
6.473888888888889
7.53962962962963
8.439814814814815
9.460555555555555
5.382962962962963
6.36
6.0851851851851855
10.721666666666666
6.763518518518518
7.438148148148148
6.891481481481481
7.255
10.772592592592593
6.541666666666667
7.024814814814815
6.4094444444444445
15.544814814814815
9.389074074074074
7.392407407407408
7.456666666666667
5.8224074074074075
7.625925925925926
8.253148148148147
8.382407407407408
7.069259259259259
9.296111111111111
7.067777777777778
7.293148148148148
6.704814814814815
7.514814814814815
5.19962962962963
6.894444444444445
6.1412962962962965
7.316851851851852
6.022777777777778
5.999259259259259
6.412037037037037
6.0996296296296295
6.741851851851852
6.019074074074074
7.273888888888889
6.152222222222222
5.611666666666666
6.6124074074074075
12.1
6.010925925925926
6.142962962962963
5.057777777777778
5.4185185185185185
5.61537037037037
6.071111111111111
10.982777777777779
7.2316666666666665
6.390185185185185
6.0670370370370375
8.500370370370371
6.788518518518519
5.778518518518519
5.274074074074074
6.756111111111111
6.0414814814814815
5.673703703703704
7.021296296296296
6.192592592592592
6.176111111111111
6.262037037037037
6.772222222222222
6.133148148148148
7.1214814814814815
6.1903703703703705
6.546666666666667
6.357037037037037
5.338888888888889
5.738333333333333
5.980185185185185
6.421481481481481
6.286296296296296
5.582777777777777
6.359629629629629
6.071666666666666
5.095740740740741
6.999259259259259
4.818888888888889
5.605925925925926
5.761851851851852
5.889074074074074
5.2118518518518515
6.496851851851852
5.338333333333333
5.649259259259259
6.250555555555556
4.442222222222222
6.379444444444444
5.016851851851852
5.5596296296296295
5.122037037037037
5.649259259259259
4.691851851851852
6.3042592592592595
6.360185185185185
4.475740740740741
5.606111111111111
6.6974074074074075
5.409259259259259
5.165925925925926
5.398333333333333
6.246111111111111
6.391111111111111
6.051481481481481
6.805185185185185
5.377407407407407
5.441111111111111
6.030925925925926
5.756296296296297
5.399814814814815
4.342592592592593
5.7555555555555555
4.645
5.058888888888889
5.631851851851851
5.698518518518519
6.410925925925926
5.547037037037037
6.4437037037037035
5.807592592592592
4.789444444444444
5.305185185185185
6.843703703703704
5.912962962962963
5.46425925925926
5.437777777777778
4.538888888888889
5.778333333333333
5.335925925925926
4.902037037037037
5.311111111111111
5.729074074074074
4.892592592592592
6.488333333333333
5.989814814814815
6.122777777777777
4.307407407407408
4.942962962962963
5.768703703703704
5.377777777777778
5.7881481481481485
4.942962962962963
5.843703703703704
5.427037037037037
5.496666666666667
4.727407407407408
5.555185185185185
5.543148148148148
5.303333333333334
5.639074074074074
4.677962962962963
5.018888888888889
6.055
13.53574074074074
5.923703703703704
5.541111111111111
4.210740740740741
5.41074074074074
4.582037037037037
4.70574074074074
5.267407407407408
5.357962962962963
4.655925925925926
4.822037037037037
4.952592592592593
4.708703703703704
5.045925925925926
4.574074074074074
6.1937037037037035
5.345
5.194629629629629
5.203333333333333
4.670740740740741
5.016111111111111
4.6866666666666665
4.895555555555555
4.99
4.6251851851851855
4.882777777777778
5.015185185185185
5.490185185185185
4.95574074074074
6.013333333333334
4.545185185185185
4.896111111111111
4.799814814814815
4.936481481481482
5.396111111111111
12.229814814814814
4.901111111111111
4.746296296296296
5.223888888888889
4.882037037037037
5.651666666666666
4.598703703703704
5.8224074074074075
4.564074074074074
4.467222222222222
5.032222222222222
4.135185185185185
6.386851851851852
6.263518518518518
5.812037037037037
4.487592592592593
5.336666666666667
4.6466666666666665
4.750740740740741
4.159259259259259
7.998888888888889
4.452407407407407
4.4874074074074075
4.8372222222222225
5.058148148148148
4.669444444444444
5.176481481481481
4.605555555555555
4.758518518518518
4.114629629629629
4.279259259259259
4.49462962962963
4.447592592592593
4.870555555555556
5.1231481481481485
6.3442592592592595
4.951481481481482
5.738888888888889
6.545185185185185
4.528888888888889
3.861111111111111
4.929814814814815
4.292407407407407
4.445555555555556
4.5216666666666665
4.46
3.9114814814814816
4.5848148148148145
5.04037037037037
5.0777777777777775
4.065740740740741
5.16925925925926
5.460925925925926
4.822037037037037
4.207592592592593
4.15962962962963
4.530185185185185
5.628888888888889
5.1396296296296295
3.707222222222222
5.075925925925926
3.955185185185185
4.1631481481481485
3.8233333333333333
4.78037037037037
4.550185185185185
3.7346296296296297
4.4511111111111115
4.198148148148148
4.542777777777777
4.107222222222222
4.399814814814815
5.351481481481481
4.353148148148148
3.6744444444444446
4.099444444444444
4.3462962962962965
4.782592592592593
4.014444444444444
3.8185185185185184
3.591296296296296
4.036111111111111
4.396111111111111
4.005925925925926
3.6866666666666665
4.058888888888889
3.9392592592592592
3.8225925925925925
6.019074074074074
4.44
4.244814814814815
3.869074074074074
3.9664814814814813
4.3207407407407405
4.442962962962963
4.908703703703703
3.8833333333333333
3.76
4.180185185185185
4.105185185185185
4.716666666666667
3.6805555555555554
5.033518518518519
6.567777777777778
6.633148148148148
4.215185185185185
3.7353703703703705
5.472407407407408
3.678148148148148
4.176481481481481
3.6055555555555556
5.206851851851852
4.112037037037037
3.6335185185185184
3.919814814814815
4.195925925925926
5.819814814814815
4.099074074074074
3.7425925925925925
3.5748148148148147
3.9625925925925927
3.510925925925926
4.042777777777777
4.654259259259259
3.670925925925926
3.2283333333333335
4.296111111111111
4.315185185185185
4.665555555555556
3.702962962962963
3.786111111111111
4.265
3.970925925925926
3.6838888888888888
3.866296296296296
3.517777777777778
3.609814814814815
4.113333333333333
3.6392592592592594
4.557777777777778
3.5861111111111112
3.5277777777777777
3.986111111111111
4.0942592592592595
4.226666666666667
4.845555555555555
3.2114814814814814
4.572962962962963
4.025740740740741
3.5387037037037037
4.7588888888888885
3.497037037037037
4.884074074074074
4.033888888888889
4.385740740740741
3.722962962962963
4.596481481481481
4.545185185185185
3.5064814814814813
3.591296296296296
3.2674074074074073
4.680740740740741
3.310925925925926
3.6346296296296297
3.562962962962963
3.637037037037037
4.767037037037037
4.195185185185185
3.4
3.783333333333333
3.08462962962963
3.657962962962963
3.483888888888889
4.29037037037037
3.5675925925925926
3.620185185185185
2.922222222222222
3.1694444444444443
3.703333333333333
4.069444444444445
3.1948148148148148
3.3614814814814813
3.491296296296296
4.056481481481481
4.222222222222222
3.35
5.3748148148148145
4.02
3.5281481481481483
6.255
3.1061111111111113
3.7885185185185186
3.3051851851851852
3.8475925925925925
4.1537037037037035
3.530925925925926
6.601481481481481
3.464259259259259
3.5727777777777776
4.204259259259259
3.025185185185185
4.46962962962963
3.5564814814814816
3.609259259259259
4.556481481481481
4.28037037037037
4.12037037037037
3.43962962962963
4.210925925925926
3.884074074074074
3.5507407407407405
3.377222222222222
3.975185185185185
4.56
4.009074074074074
3.1024074074074073
3.2816666666666667
3.0055555555555555
3.3235185185185183
2.955925925925926
5.8496296296296295
3.6035185185185186
3.9375925925925928
3.3612962962962962
3.994074074074074
3.8646296296296296
3.0796296296296295
3.250185185185185
3.109814814814815
4.0035185185185185
7.047407407407407
3.078888888888889
3.7781481481481483
7.157592592592593
3.533333333333333
3.458148148148148
2.9562962962962964
3.68537037037037
3.063148148148148
4.323888888888889
3.592962962962963
2.800925925925926
3.5175925925925924
3.6933333333333334
2.9231481481481483
3.243333333333333
3.33
3.7733333333333334
4.305
2.707777777777778
2.8766666666666665
3.1366666666666667
3.757037037037037
3.446296296296296
3.555
4.707037037037037
3.2535185185185185
3.5105555555555554
2.954814814814815
3.1392592592592594
3.23
4.257777777777778
3.463888888888889
2.9783333333333335
3.115
3.0587037037037037
3.436111111111111
3.3305555555555557
4.891111111111111
3.070925925925926
4.773148148148148
3.446111111111111
3.2153703703703704
3.4498148148148147
5.0596296296296295
3.4362962962962964
3.8653703703703703
3.350740740740741
3.4685185185185183
3.476111111111111
3.216666666666667
3.1564814814814817
2.888148148148148
3.2574074074074075
8.521851851851851
2.999814814814815
2.8581481481481483
3.7764814814814813
3.7111111111111112
3.026851851851852
3.4603703703703705
3.9366666666666665
4.153888888888889
3.1155555555555554
3.3381481481481483
3.1505555555555556
3.8394444444444447
3.5588888888888888
2.9716666666666667
3.2924074074074072
4.595740740740741
8.42074074074074
4.116851851851852
3.270185185185185
2.935185185185185
3.6703703703703705
3.1674074074074072
3.77462962962963
2.8781481481481483
2.7822222222222224
3.3272222222222223
2.9518518518518517
3.684814814814815
3.3466666666666667
3.743148148148148
2.735
3.3614814814814813
5.859629629629629
5.482777777777778
2.9603703703703705
7.187407407407408
4.815185185185185
3.897962962962963
4.2881481481481485
3.482037037037037
3.0853703703703705
2.99
4.902962962962963
3.6777777777777776
2.8414814814814813
2.8183333333333334
7.516666666666667
3.0144444444444445
2.607037037037037
3.0925925925925926
3.1242592592592593
8.86037037037037
3.1616666666666666
5.180370370370371
2.897222222222222
2.717962962962963
3.172222222222222
3.127962962962963
3.4603703703703705
2.787962962962963
2.419814814814815
3.0775925925925924
3.0588888888888888
3.146851851851852
2.6855555555555557
2.8812962962962962
2.8207407407407405
2.882222222222222
2.436851851851852
3.3338888888888887
3.085
3.589259259259259
2.6414814814814815
3.032962962962963
3.4162962962962964
2.957962962962963
4.018703703703704
3.385740740740741
2.815185185185185
3.2112962962962963
2.668148148148148
2.63
2.660740740740741
3.2983333333333333
2.857222222222222
6.548333333333333
2.8559259259259258
4.088703703703704
2.6803703703703703
6.1342592592592595
3.219259259259259
2.7557407407407406
2.796666666666667
2.926296296296296
2.7222222222222223
3.0864814814814814
2.8587037037037035
3.118888888888889
2.8253703703703703
2.877037037037037
17.875
3.9214814814814813
4.239629629629629
3.65
2.8914814814814815
10.507407407407408
2.772407407407407
3.7514814814814814
2.7527777777777778
2.9403703703703705
10.308333333333334
7.0835185185185185
2.907037037037037
3.1374074074074074
3.225925925925926
2.835185185185185
3.085185185185185
3.026666666666667
2.862037037037037
3.5485185185185184
2.8285185185185187
3.3872222222222224
12.278888888888888
3.81462962962963
2.955185185185185
3.254814814814815
3.2755555555555556
4.335555555555556
2.765740740740741
3.0475925925925926
2.712037037037037
4.736296296296296
3.642037037037037
3.112037037037037
9.981111111111112
8.819444444444445
2.6355555555555554
3.4724074074074074
32.68314814814815
2.593888888888889
3.368888888888889
9.655
3.0948148148148147
4.610555555555556
2.656111111111111
3.094259259259259
10.60925925925926
32.27814814814815
4.646481481481482
3.1605555555555553
4.434444444444445
2.9535185185185187
4.8005555555555555
13.654259259259259
3.6912962962962963
2.9048148148148147
2.447037037037037
3.7907407407407407
2.819074074074074
4.5724074074074075
4.303888888888889
3.3492592592592594
14.684444444444445
3.4074074074074074
3.32
14.037407407407407
12.995
5.323703703703703
64.09388888888888
4.167592592592593
18.515
10.349814814814815
11.360555555555555
4.088888888888889
57.86055555555556
2.7616666666666667
17.244444444444444
28.860185185185184
14.39
13.776296296296296
30.91
11.345925925925926
28.256666666666668
19.849444444444444
2.8446296296296296
3.153703703703704
31.428148148148146
3.255925925925926
22.20685185185185
38.553518518518516
18.442037037037036
42.99444444444445
23.260925925925925
28.195555555555554
30.054074074074073
44.127037037037034
129.53
32.00037037037037
2.966111111111111
25.34611111111111
17.937962962962963
4.712592592592593
4.531666666666666
10.61648148148148
7.3079629629629625
65.14611111111111
20.088148148148147
9.727222222222222
29.656111111111112
31.223518518518517
16.495925925925928
20.477037037037036
47.54148148148148
21.10537037037037
32.71092592592593
16.056851851851853
15.896481481481482
5.712407407407407
24.50425925925926
79.19055555555556
14.505
11.10925925925926
13.35388888888889
10.752962962962963
13.01074074074074
22.96203703703704
10.130185185185185
32.60074074074074
13.652407407407408
11.029074074074074
22.827407407407406
30.834074074074074
20.447777777777777
31.54259259259259
71.29148148148148
36.62592592592593
36.833888888888886
9.669444444444444
57.89981481481482
43.37129629629629
22.125740740740742
63.02148148148148
18.695740740740742
87.70148148148148
61.525925925925925
84.57907407407407
76.82277777777777
75.95537037037037
30.11888888888889
33.88851851851852
41.104814814814816
76.18611111111112
33.17703703703704
30.097407407407406
37.708703703703705
31.805185185185184
76.97518518518518
31.972962962962963
