-149222.80000000066
-151310.90000000046
-126556.09999999999
-186004.30000000042
-218336.9000000004
-156150.10000000018
-147265.50000000032
-157411.19999999995
-178693.69999999943
-194485.40000000034
-238521.00000000047
-162552.60000000012
-158331.70000000007
-192615.49999999965
-234709.2000000003
-181650.49999999948
-180981.99999999988
-214778.2999999996
-187362.5999999999
-166113.00000000026
-174213.99999999983
-195878.80000000037
-137812.8999999995
-147115.1
-157393.69999999955
-167586.90000000063
-225922.7999999997
-177017.89999999918
-200633.19999999998
-163570.1000000002
-152595.69999999955
-175918.4
-196926.89999999962
-166603.4000000003
-166062.80000000016
-159947.50000000073
-184665.60000000137
-179228.9999999998
-154487.99999999985
-211955.30000000025
-194292.29999999984
-181225.70000000062
-175195.40000000017
-145328.20000000033
-182816.99999999886
-149112.40000000026
-168837.79999999984
-168047.80000000022
-182144.40000000043
-162116.19999999995
-182034.0000000008
-126793.49999999993
-202737.8999999997
-148163.3000000004
-151822.40000000026
-160147.90000000029
-181588.20000000042
-194266.19999999978
-179149.7000000001
-200653.500000001
-145153.69999999978
-131314.50000000012
-166790.5999999996
-142660.50000000026
-149067.90000000002
-157635.99999999965
-163073.40000000005
-193890.90000000037
-112838.2
-177597.30000000072
-141520.70000000016
-161434.29999999978
-151934.1000000003
-131560.2000000003
-269428.80000000005
-152052.10000000015
-191502.50000000003
-145456.39999999938
-174723.29999999917
-153642.1999999996
-229129.6999999998
-156043.30000000063
-154472.69999999958
-195392.30000000025
-152707.3000000006
-166375.99999999916
-158036.49999999997
-194655.49999999974
-127102.20000000027
-146960.3
-147549.80000000022
-165937.59999999948
-192387.0999999991
-154273.20000000004
-160394.99999999968
-218485.2000000005
-156112.19999999925
-203400.49999999985
-161438.4000000006
-131229.70000000013
-131024.10000000033
-168111.30000000013
-164219.7999999999
-151808.8
-142029.20000000054
-116732.50000000004
-148612.49999999977
-146877.9
-299787.6999999997
-126998.39999999994
-109234.49999999996
-148542.69999999937
-167473.80000000054
-162376.4999999992
-137483.8
-203126.29999999978
-238901.50000000026
-170683.2999999993
-189193.0999999995
-175119.89999999947
-149797.19999999955
-131249.6000000004
-136936.79999999996
-120755.29999999987
-155115.8999999997
-116005.8000000001
-160324.1999999993
-142052.09999999971
-130275.49999999952
-124208.80000000026
-128053.39999999998
-137181.69999999998
-142594.1999999999
-158432.39999999973
-150321.39999999953
-148033.2999999995
-127177.0
-130381.3999999999
-124446.80000000009
-144837.59999999966
-124665.49999999981
-118760.30000000034
-180490.9999999997
-152385.20000000007
-115778.40000000014
-127006.10000000024
-111834.20000000011
-153080.8999999998
-136957.8
-154825.59999999995
-146258.7999999999
-111802.59999999985
-113376.30000000009
-120781.90000000018
-121709.10000000043
-97180.19999999975
-133292.00000000026
-101122.30000000002
-115297.39999999983
-115496.00000000023
-116468.4
-127911.9000000003
-134091.50000000038
-115216.9000000003
-93862.70000000033
-129821.10000000033
-122732.09999999998
-118700.10000000046
-96387.79999999999
-110612.20000000008
-117680.2000000002
-102186.80000000024
-117197.49999999975
-140820.9999999998
-135679.9999999997
-84962.1000000001
-130329.29999999925
-122174.89999999973
-119518.49999999993
-104961.19999999965
-111708.19999999965
-92947.50000000016
-136289.69999999995
-136009.79999999987
-178033.5
-110275.40000000014
-94393.79999999973
-159009.3999999997
-110683.40000000039
-141114.7000000006
-225069.19999999908
-146662.50000000017
-118666.99999999962
-109790.39999999992
-118630.8999999998
-116092.50000000003
-133120.0999999999
-105789.99999999988
-113523.3000000002
-102061.90000000042
-117681.6999999995
-117845.09999999992
-153018.20000000016
-116051.99999999981
-93690.39999999951
-126456.79999999986
-102688.40000000027
-115264.60000000033
-136819.00000000035
-138268.59999999913
-111490.90000000001
-162839.99999999956
-131558.2999999997
-110131.69999999992
-93594.59999999966
-114084.79999999983
-102970.19999999958
-139402.5999999996
-110286.69999999994
-102208.90000000008
-100316.19999999975
-104155.89999999964
-174258.90000000017
-127790.69999999992
-107673.2999999996
-79285.30000000003
-121978.99999999974
-137286.4999999997
-102416.80000000005
-103629.80000000024
-108979.69999999947
-90588.10000000022
-101897.8999999996
-118721.20000000022
-94111.09999999985
-123622.90000000002
-98493.99999999997
-109975.09999999976
-114295.99999999988
-96884.79999999987
-107702.5999999999
-100562.0000000002
-117259.49999999991
-91846.19999999988
-92536.2
-120516.70000000022
-121112.40000000049
-95102.40000000015
-124661.20000000022
-112874.29999999994
-114562.70000000003
-193288.99999999974
-108290.10000000003
-91426.80000000038
-114628.30000000005
-98685.2999999999
-94383.09999999976
-206929.2999999995
-108599.9000000002
-103156.69999999994
-131635.29999999978
-106825.29999999986
-106086.60000000021
-121865.69999999982
-111941.3000000004
-102375.4000000001
-98064.20000000013
-116158.30000000015
-92583.99999999985
-138768.60000000036
-122405.30000000002
-129264.1999999998
-110191.4999999998
-97758.99999999988
-97913.80000000003
-115685.30000000006
-95575.09999999967
-168458.80000000028
-118325.39999999994
-106183.4999999994
-94692.09999999958
-93972.79999999984
-109976.1000000003
-95478.20000000001
-111891.59999999973
-114540.60000000014
-99396.80000000003
-85701.40000000018
-104339.90000000072
-93417.8000000002
-88297.50000000012
-113089.00000000036
-113218.60000000017
-88835.59999999992
-124169.19999999992
-129408.8999999996
-82153.39999999989
-92762.30000000041
-98477.90000000018
-89408.60000000011
-86882.59999999979
-151192.00000000038
-115714.40000000001
-90288.59999999967
-96981.89999999982
-113480.00000000025
-95500.79999999996
-95636.40000000015
-103375.50000000035
-88662.90000000033
-95321.80000000013
-89207.29999999993
-109105.2999999999
-94975.39999999989
-100427.80000000037
-94297.99999999971
-80785.9999999998
-90609.39999999992
-91490.29999999965
-90298.2000000003
-91324.50000000022
-82551.79999999984
-86983.4000000001
-77596.50000000003
-99369.00000000019
-87420.29999999976
-102126.30000000057
-79501.79999999989
-112330.0999999998
-110176.0000000005
-88476.3999999999
-90632.00000000013
-98583.60000000021
-85941.9000000002
-90556.69999999969
-115879.30000000005
-84901.1
-79113.89999999995
-72528.39999999982
-85177.99999999985
-78165.10000000018
-97642.10000000027
-81017.20000000024
-104422.70000000011
-119385.40000000007
-168738.9000000005
-112967.69999999966
-107722.39999999966
-78864.30000000009
-86012.7999999999
-98200.79999999951
-90959.20000000023
-97946.30000000002
-81602.69999999995
-108947.59999999989
-88135.10000000006
-88683.70000000004
-108755.8999999995
-103600.5999999999
-114565.29999999962
-109349.2999999996
-91805.90000000018
-95436.29999999993
-89016.70000000039
-73548.50000000036
-80936.0999999998
-86085.40000000017
-88205.40000000004
-107320.40000000026
-86030.20000000032
-88253.3
-90311.50000000026
-83610.99999999985
-88248.5
-84861.20000000032
-87256.19999999972
-86702.99999999983
-84251.0999999999
-62822.49999999999
-85651.60000000014
-83859.7000000003
-101063.89999999975
-95889.80000000025
-80164.10000000005
-92347.9999999995
-82649.70000000026
-76173.40000000008
-90773.60000000006
-105921.30000000037
-78242.80000000006
-77314.70000000038
-70348.1000000001
-74013.89999999978
-66104.20000000006
-100615.99999999971
-82301.50000000029
-83743.39999999962
-87592.09999999999
-83128.80000000003
-96619.20000000039
-89354.49999999996
-67804.2000000004
-101602.20000000004
-81555.70000000013
-114036.10000000002
-83417.70000000024
-79282.50000000022
-97882.99999999997
-70444.69999999991
-97933.79999999994
-76455.00000000012
-93755.59999999983
-76404.20000000027
-104690.00000000016
-108816.69999999975
-96307.99999999999
-90645.19999999984
-88459.69999999966
-102024.30000000006
-82324.39999999978
-63216.60000000012
-69405.30000000015
-84921.80000000012
-74878.50000000017
-74068.00000000015
-73810.60000000002
-81399.20000000011
-71916.8000000002
-73478.99999999997
-70760.90000000008
-83852.30000000018
-68114.90000000013
-69800.40000000001
-65525.599999999955
-60265.599999999846
-73102.59999999993
-76892.00000000012
-87398.2000000001
-70797.90000000004
-73953.49999999974
-74260.99999999987
-97096.40000000002
-72602.5
-84321.89999999989
-82931.49999999987
-77132.79999999951
-96587.60000000006
-69528.89999999966
-87662.59999999958
-81016.29999999992
-77498.39999999989
-81165.50000000007
-81271.90000000023
-103762.29999999984
-64119.69999999993
-94390.50000000001
-103010.6999999997
-74327.49999999993
-88934.69999999982
-80944.29999999994
-85282.49999999953
-85595.60000000076
-74040.40000000043
-127101.4000000003
-61455.400000000154
-67449.79999999986
-70785.9000000002
-65612.39999999998
-82143.30000000026
-77554.60000000025
-79285.49999999977
-75538.10000000008
-54963.90000000003
-71195.50000000016
-71274.99999999978
-101632.90000000013
-71298.69999999997
-102287.70000000004
-88830.90000000015
-97048.80000000008
-68297.29999999996
-89917.1999999999
-88283.20000000058
-83747.40000000045
-64072.20000000002
-79763.40000000027
-84781.80000000002
-110784.10000000011
-66550.1
-74156.30000000037
-123957.5999999999
-69377.00000000012
-79076.99999999983
-67933.79999999989
-67238.50000000033
-66482.19999999998
-74681.19999999991
-69875.0000000002
-63039.99999999984
-72891.1000000001
-77531.09999999999
-60272.40000000015
-88799.1999999999
-65657.90000000005
-78257.79999999984
-84580.00000000023
-56194.599999999955
-116412.40000000014
-63813.90000000014
-90271.90000000052
-67035.09999999944
-64161.80000000007
-93436.39999999986
-95296.20000000003
-66675.6
-66253.30000000019
-71142.0999999999
-80538.19999999981
-72196.30000000024
-77811.50000000023
-61560.50000000022
-76653.10000000005
-132501.6000000001
-64866.60000000004
-66735.89999999982
-120353.69999999953
-78646.69999999995
-119652.80000000025
-137138.49999999985
-77092.6
-107621.00000000022
-141686.7999999999
-104047.29999999974
-68300.89999999995
-99633.69999999992
-103720.59999999995
-66616.70000000001
-76659.69999999998
-96645.49999999996
-82115.09999999998
-94815.79999999976
-110675.99999999987
-64799.89999999981
-67048.99999999988
-95624.90000000034
-178485.29999999944
-86870.80000000013
-71700.69999999982
-78260.30000000015
-90953.59999999982
-104288.9000000003
-70092.19999999978
-68587.89999999997
-85268.59999999996
-146750.79999999987
-175431.50000000032
-68871.29999999983
-76544.10000000012
-117538.80000000018
-66370.70000000008
-78247.60000000006
-63748.59999999994
-65758.0
-89196.40000000036
-60639.59999999993
-59536.90000000001
-56953.800000000105
-60463.799999999916
-131241.49999999994
-72290.1999999999
-76507.10000000011
-61948.100000000035
-70371.50000000023
-187503.70000000056
-122178.49999999968
-91764.20000000035
-67442.79999999989
-157135.70000000086
-99222.2
-70357.29999999987
-80766.5999999999
-63436.39999999999
-85823.70000000019
-66897.69999999987
-251208.39999999988
-91976.70000000016
-79333.60000000011
-58811.499999999854
-122472.30000000044
-65974.19999999992
-67059.90000000008
-59938.299999999916
-63022.40000000007
-121166.39999999994
-81030.49999999999
-105372.10000000017
-56829.30000000001
-72650.6
-125849.1000000001
-88084.99999999993
-94571.69999999981
-96118.80000000005
-75267.99999999983
-73174.10000000065
-67849.90000000011
-75127.79999999973
-64901.899999999914
-265760.8999999995
-61668.699999999924
-67079.89999999997
-73604.70000000001
-185201.99999999985
-78652.4999999998
-53918.80000000001
-65093.60000000002
-68390.20000000001
-62461.300000000105
-69589.50000000017
-62416.09999999992
-68387.79999999967
-67093.00000000004
-69339.70000000013
-269458.4999999998
-212245.7000000001
-89651.39999999985
-68884.90000000013
-61774.70000000006
-213434.40000000037
-61908.19999999997
-80476.5999999999
-63022.39999999986
-181745.19999999978
-69491.29999999976
-69875.50000000001
-119001.60000000033
-116841.40000000007
-64155.69999999995
-104339.30000000022
-80324.20000000008
-415691.39999999997
-73750.19999999985
-70090.79999999976
-261690.80000000008
-68531.6000000001
-92023.09999999985
-60962.6999999999
-154158.09999999963
-111489.69999999978
-49068.90000000003
-89832.89999999956
-131839.19999999972
-126881.59999999973
-198056.99999999956
-126147.80000000008
-55078.70000000001
-119722.10000000012
-54777.69999999997
-58807.59999999976
-56023.199999999975
-75265.70000000011
-157706.2000000003
-63534.09999999976
-96313.99999999999
-297692.7000000004
-189408.99999999953
-67429.60000000021
-62189.09999999978
-68328.39999999967
-66671.49999999996
-130156.49999999988
-123386.4999999999
-132553.8000000003
-72662.10000000036
-279418.4000000007
-68516.49999999952
-56830.20000000002
-152880.3000000001
-137937.79999999976
-58498.99999999978
-115322.39999999985
-505032.8000000016
-67514.50000000016
-72343.59999999953
-141086.60000000062
-76818.10000000036
-150809.60000000003
-86946.20000000003
-55781.19999999985
-134119.19999999963
-285494.7999999995
-81609.79999999992
-49928.49999999982
-78293.29999999987
-71636.50000000036
-75062.0
-152505.3000000004
-95485.00000000019
-62849.49999999994
-58027.00000000003
-73217.30000000006
-473796.9999999994
-313817.999999999
-208502.30000000013
-68018.90000000021
-167637.9999999995
-73320.70000000001
-87664.29999999989
-216518.69999999923
-211240.7999999994
-163372.79999999984
-552040.9
-440495.8000000005
-349611.69999999995
-128664.50000000055
-137289.79999999926
-92623.99999999975
-583032.8000000002
-70942.20000000004
-198872.60000000038
-529090.2000000014
-278318.09999999945
-178718.20000000062
-304487.20000000024
-150761.60000000117
-273174.19999999955
-350376.10000000085
-195210.3000000014
-294816.6999999982
-514169.1000000005
-102673.60000000003
-485475.69999999995
-770920.3000000004
-484046.6000000002
-1092293.8999999992
-343578.7999999987
-1325326.5000000005
-2663935.400000008
-1186718.1999999967
-2065158.899999996
-1641726.700000001
-245692.39999999938
-415257.9999999988
-498078.0000000011
-582413.7000000009
-156566.29999999944
-654047.1000000014
-227940.90000000034
-578377.8000000005
-641953.1999999998
-352020.1000000004
-613103.9000000017
-571652.6999999979
-673857.2000000008
-586573.3000000009
-994482.6999999963
-432521.79999999976
-669409.1999999995
-1163375.9999999946
-176145.20000000024
-172779.10000000088
-549580.6000000007
-830094.9000000007
-491944.19999999925
-278648.2000000008
-467682.900000002
-436534.00000000105
-373313.3999999998
-486961.30000000075
-688276.5999999995
-704274.6999999991
-426925.39999999956
-989101.6000000039
-691141.6
-672466.5000000019
-590858.4999999993
-1095097.200000002
-1160833.1000000036
-520503.89999999997
-591159.4999999995
-457457.60000000143
-905696.3
-293012.49999999953
-427478.8999999997
-546199.9000000001
-573356.6999999995
-847667.8000000017
-1052996.7999999986
-891216.7000000026
-923204.6000000025
-839227.0000000014
-585166.3000000031
-740449.5999999964
-791543.3000000014
-760473.7000000003
-376151.3
-615441.6999999974
-668798.4000000012
-739431.7000000002
-1151919.3000000038
-624226.2999999998
