13.270185185185186
13.332777777777778
12.674259259259259
16.385555555555555
19.389814814814816
15.923148148148147
14.452407407407408
16.398518518518518
16.066666666666666
17.30037037037037
23.374259259259258
15.752407407407407
16.235185185185184
18.677222222222223
19.939444444444444
16.06425925925926
17.061851851851852
17.801296296296297
16.815185185185186
15.043333333333333
15.853333333333333
18.00611111111111
15.034074074074073
15.488888888888889
14.947777777777778
15.773888888888889
18.107777777777777
15.393333333333333
16.760185185185186
15.678333333333333
14.163333333333334
17.02537037037037
18.922962962962963
15.782777777777778
15.553333333333333
16.12
17.98148148148148
16.52111111111111
14.104259259259258
19.52925925925926
14.757962962962964
16.479814814814816
16.537037037037038
14.548148148148147
16.590925925925927
15.364444444444445
17.53796296296296
15.863148148148149
15.575
14.116296296296296
16.142407407407408
13.683333333333334
19.49851851851852
15.377592592592592
14.661666666666667
16.681296296296296
15.471666666666666
17.071666666666665
15.665555555555555
20.376296296296296
14.027592592592592
13.084074074074074
16.43462962962963
15.919814814814815
14.98074074074074
15.096111111111112
14.732962962962963
18.292407407407406
11.498333333333333
16.189074074074075
13.948148148148148
17.96388888888889
14.525
13.202407407407408
24.73203703703704
14.625555555555556
18.276851851851852
13.484074074074075
16.896296296296295
13.761111111111111
21.976111111111113
16.055
15.878703703703703
16.57962962962963
15.219444444444445
16.557407407407407
16.039074074074072
16.067222222222224
14.486296296296297
15.782222222222222
13.816666666666666
14.464814814814815
15.51537037037037
13.76537037037037
14.211481481481481
16.66037037037037
13.578148148148149
17.52777777777778
13.384074074074075
12.44574074074074
12.761296296296296
14.051111111111112
16.059814814814814
14.615
14.813333333333333
11.746481481481482
13.934259259259258
12.712037037037037
23.77425925925926
13.586666666666666
12.268703703703704
14.175925925925926
14.524814814814814
13.336481481481481
12.563333333333333
18.793333333333333
16.692962962962962
14.080555555555556
15.221851851851852
16.064074074074075
13.32462962962963
11.476481481481482
13.630740740740741
12.357407407407408
12.80425925925926
11.421296296296296
12.771851851851851
12.570185185185185
11.593148148148147
12.455185185185185
13.543888888888889
12.662777777777778
13.323888888888888
12.498703703703704
12.948148148148148
13.408148148148149
11.082777777777778
11.277222222222223
11.275555555555556
14.371296296296297
11.661296296296296
11.53462962962963
15.846666666666666
12.510925925925926
10.746296296296297
12.912592592592592
10.520925925925926
11.73462962962963
12.105
12.196296296296296
12.785370370370371
11.839444444444444
10.278333333333334
11.29
12.633703703703704
10.009629629629629
12.606666666666667
10.392592592592592
10.402222222222223
11.413333333333334
11.196296296296296
9.752592592592592
11.948888888888888
11.638148148148149
9.208703703703703
11.055
12.038518518518519
10.78037037037037
10.278148148148148
10.777962962962963
11.60925925925926
11.585
11.977592592592593
13.217777777777778
11.125370370370371
10.470555555555556
11.977777777777778
11.547962962962963
10.51462962962963
9.804444444444444
10.70037037037037
9.968148148148147
11.22037037037037
11.528148148148148
15.450740740740741
11.68
10.026296296296296
12.175925925925926
11.903703703703703
11.38037037037037
17.088703703703704
13.758148148148148
11.72037037037037
10.960740740740741
11.033148148148149
10.333333333333334
12.52648148148148
10.266481481481481
10.619814814814815
11.086481481481481
11.298703703703703
10.707592592592592
14.561111111111112
11.418888888888889
10.84074074074074
10.331111111111111
10.478703703703705
10.567592592592593
12.290740740740741
12.494074074074074
9.871851851851853
11.932592592592593
11.787222222222223
10.537037037037036
9.501666666666667
10.453703703703704
10.652037037037037
10.413333333333334
11.023888888888889
10.222962962962963
10.125370370370371
11.698518518518519
18.583518518518517
11.363703703703704
10.517407407407408
8.691851851851851
10.450740740740741
13.422222222222222
10.004259259259259
10.342407407407407
10.603518518518518
9.256666666666666
9.551851851851852
11.331111111111111
9.634444444444444
10.607407407407408
10.279814814814815
10.948888888888888
10.362222222222222
10.062592592592592
10.344814814814814
9.870925925925926
10.342962962962963
9.357962962962963
9.349814814814815
10.463148148148148
9.607222222222223
10.23037037037037
10.921481481481482
10.547407407407407
9.732222222222223
17.58185185185185
10.014814814814814
9.520925925925926
11.002777777777778
10.076851851851853
9.872222222222222
17.28
10.146296296296295
9.607222222222223
10.604444444444445
9.445555555555556
9.75851851851852
10.856296296296296
10.780925925925926
9.373703703703704
9.759814814814815
10.781666666666666
9.139444444444445
11.757407407407408
11.09925925925926
10.434814814814814
9.216296296296296
10.37425925925926
10.234074074074075
10.593703703703703
8.477777777777778
14.397592592592593
9.307037037037038
9.541481481481481
9.797962962962963
9.789444444444445
9.332407407407407
10.542407407407408
9.677037037037037
10.750370370370371
9.172592592592592
8.938703703703704
9.118148148148148
9.380185185185185
9.285
9.864074074074074
10.895185185185186
9.122037037037037
10.248333333333333
11.858703703703704
9.047777777777778
7.421296296296297
9.624074074074073
8.965925925925927
9.238518518518518
11.874629629629629
9.490555555555556
8.498518518518518
9.255925925925926
10.382592592592593
9.397962962962962
8.654259259259259
9.897222222222222
9.886666666666667
10.014074074074074
8.173518518518518
9.520740740740742
9.561296296296296
9.871851851851853
10.449444444444444
7.748888888888889
8.803148148148148
9.102407407407407
8.146851851851851
8.832222222222223
9.087962962962964
9.161666666666667
8.398888888888889
8.953888888888889
8.042777777777777
9.360740740740741
7.939814814814815
8.462592592592593
10.250555555555556
8.520925925925926
7.842962962962963
8.66
8.306851851851851
8.752407407407407
9.102037037037038
7.679444444444444
7.598148148148148
7.720555555555555
8.510925925925926
8.182777777777778
8.421296296296296
7.8372222222222225
9.03425925925926
10.412037037037036
11.476111111111111
10.107592592592592
9.082222222222223
7.711296296296296
7.911111111111111
8.513333333333334
8.913703703703703
8.761296296296296
7.5633333333333335
8.763148148148149
9.316296296296295
7.9927777777777775
9.575555555555555
8.911111111111111
10.106851851851852
11.216666666666667
10.497222222222222
8.074074074074074
8.19648148148148
9.172962962962963
7.861481481481482
7.577407407407407
8.263148148148149
9.058703703703705
8.530555555555555
8.047222222222222
8.094814814814814
8.333333333333334
9.530185185185186
7.847037037037037
7.8731481481481485
7.573333333333333
7.741666666666666
7.045740740740741
7.74462962962963
8.30888888888889
8.186666666666667
7.192962962962963
8.136111111111111
8.163518518518519
8.702037037037037
7.827037037037037
7.8096296296296295
8.286296296296296
7.78537037037037
7.808148148148148
7.546111111111111
6.8042592592592595
7.113333333333333
9.531666666666666
7.461481481481481
8.507777777777777
7.246111111111111
7.317962962962963
7.6214814814814815
7.967777777777778
7.381666666666667
9.571666666666667
7.122037037037037
9.863518518518518
7.816296296296296
8.023148148148149
8.892592592592592
7.363703703703703
9.092592592592593
7.893888888888889
8.592037037037038
7.447777777777778
9.462037037037037
9.246296296296297
7.247592592592593
7.544074074074074
7.163703703703704
8.63037037037037
6.977777777777778
7.059814814814815
7.291111111111111
7.151296296296296
8.268518518518519
7.851111111111111
7.252777777777778
7.657777777777778
7.357777777777778
7.189259259259259
7.265925925925926
7.964814814814815
6.636851851851852
6.648148148148148
6.452407407407407
7.126481481481481
7.322592592592593
8.022962962962962
7.522037037037037
6.745555555555556
6.791296296296296
7.6033333333333335
8.173703703703703
6.897407407407408
8.80537037037037
7.33
7.569444444444445
9.50611111111111
6.529629629629629
9.323703703703703
7.575185185185185
7.686111111111111
7.598703703703704
7.79462962962963
9.773518518518518
7.074074074074074
7.960925925925926
8.292037037037037
6.764074074074074
7.997962962962963
7.501666666666667
6.995185185185186
8.005555555555556
7.731111111111111
10.337962962962964
6.899259259259259
7.321666666666666
6.956851851851852
6.922592592592593
7.3170370370370375
7.880740740740741
7.9783333333333335
7.4292592592592595
5.870925925925926
6.631111111111111
6.446851851851852
7.276666666666666
6.645925925925926
9.908148148148149
7.17537037037037
8.903148148148148
7.065555555555555
7.607222222222222
8.339814814814815
7.543148148148148
6.532037037037037
6.6651851851851855
7.930370370370371
9.994259259259259
6.513703703703704
7.368518518518519
10.772592592592593
7.014814814814815
7.029259259259259
6.671111111111111
6.952222222222222
6.50462962962963
7.913888888888889
7.2407407407407405
6.0653703703703705
7.056111111111111
7.453518518518519
6.313703703703704
8.366851851851852
6.629444444444444
7.317222222222222
7.569444444444445
5.96037037037037
9.536666666666667
6.222962962962963
7.577962962962963
7.12925925925926
6.928148148148148
7.6524074074074075
7.563518518518518
6.791111111111111
7.012962962962963
6.993148148148149
8.389444444444445
7.572962962962963
7.146296296296296
6.292222222222223
6.147407407407408
10.096111111111112
6.579444444444444
6.889259259259259
10.520740740740742
6.931666666666667
10.632777777777777
10.119259259259259
6.743148148148149
9.005185185185185
12.326296296296297
8.774444444444445
7.465740740740741
9.675
9.224074074074075
6.977592592592592
7.385
8.117592592592592
7.073333333333333
8.246296296296297
11.229259259259258
6.127222222222223
6.987962962962963
8.730555555555556
15.910925925925927
8.298518518518518
7.435
7.217962962962963
7.9746296296296295
9.491851851851852
6.222962962962963
6.259074074074074
7.525740740740741
12.463703703703704
13.755925925925926
6.010370370370371
8.49388888888889
11.34
7.0505555555555555
7.015555555555555
6.003888888888889
6.54537037037037
7.258148148148148
6.797037037037037
5.896851851851852
6.095185185185185
6.359074074074074
10.479444444444445
7.033333333333333
7.335
6.753888888888889
6.597222222222222
14.089629629629629
10.081851851851852
9.152592592592592
6.29537037037037
12.499629629629629
9.096296296296297
6.7085185185185185
7.45925925925926
6.998333333333333
7.766851851851852
6.0872222222222225
20.54111111111111
8.652222222222223
7.989259259259259
5.663518518518519
10.533148148148149
5.611851851851852
6.104444444444445
6.1124074074074075
6.3838888888888885
11.42925925925926
8.066666666666666
9.198518518518519
5.743333333333333
6.22
8.773703703703704
7.698333333333333
6.523703703703704
7.393518518518518
6.2212962962962965
6.380185185185185
7.453518518518519
6.276111111111111
5.879444444444444
20.718888888888888
6.221111111111111
5.810370370370371
6.086296296296296
12.80425925925926
6.698703703703703
6.310740740740741
5.975185185185185
5.9853703703703705
6.2625925925925925
5.657777777777778
6.854074074074074
6.54537037037037
5.957222222222223
6.208333333333333
20.94
15.533333333333333
6.796111111111111
7.592592592592593
5.815740740740741
16.259444444444444
6.063703703703704
7.108333333333333
6.42462962962963
15.287592592592592
6.53537037037037
5.981296296296296
10.515
9.638148148148149
5.885740740740741
8.497962962962964
6.928703703703704
34.33
6.446481481481482
5.895370370370371
24.945555555555554
7.355555555555555
9.248518518518518
6.834074074074074
13.033888888888889
13.511666666666667
5.425
7.83537037037037
11.302037037037037
10.242222222222223
15.36962962962963
10.134074074074075
6.1066666666666665
9.63111111111111
6.042777777777777
6.137777777777778
5.946666666666666
6.406851851851852
13.119259259259259
7.074074074074074
8.937037037037037
27.752407407407407
16.358333333333334
7.111851851851852
6.0162962962962965
7.105
6.021851851851852
10.658518518518518
10.31425925925926
12.818703703703704
7.081111111111111
25.836666666666666
6.8062962962962965
6.149814814814815
13.055185185185184
11.29425925925926
5.96462962962963
10.638703703703703
52.37
6.783703703703703
6.144444444444445
12.026111111111112
5.944259259259259
13.36
8.002592592592592
5.602777777777778
14.632962962962964
34.61333333333334
7.5035185185185185
5.809444444444445
7.35
5.725185185185185
8.04
18.437037037037037
8.51574074074074
5.89
5.465740740740741
7.011481481481481
39.24092592592593
27.20611111111111
19.57611111111111
6.753148148148148
18.47685185185185
6.588703703703704
5.898888888888889
17.171296296296298
17.709074074074074
14.63351851851852
74.1725925925926
40.272777777777776
33.33425925925926
13.423333333333334
14.933333333333334
7.682037037037037
61.36240740740741
6.030925925925926
20.977222222222224
51.98777777777778
27.966296296296296
16.63925925925926
34.11296296296296
14.262962962962963
31.75462962962963
31.817222222222224
17.416481481481483
24.918333333333333
54.68055555555556
8.51
43.87407407407407
85.195
44.255
94.61925925925927
41.19870370370371
120.88407407407408
255.82444444444445
127.58092592592592
242.07555555555555
157.46370370370371
18.607777777777777
44.01185185185185
52.59111111111111
54.70333333333333
14.52037037037037
57.245555555555555
19.284814814814816
84.47722222222222
66.96666666666667
33.629629629629626
59.22888888888889
60.2737037037037
58.931481481481484
55.28055555555556
93.915
41.38740740740741
58.562222222222225
107.45907407407407
20.008518518518517
16.292407407407406
62.095555555555556
109.76611111111112
43.045
25.577037037037037
48.3262962962963
44.519814814814815
37.693333333333335
49.90833333333333
64.44666666666667
73.33351851851852
41.73037037037037
94.68203703703703
58.276296296296294
57.626481481481484
52.492407407407406
82.09
107.69740740740741
59.99092592592593
65.82814814814814
38.42111111111111
99.40944444444445
49.93611111111111
45.89018518518518
66.90333333333334
58.019444444444446
119.94481481481482
108.6687037037037
128.73092592592593
108.69
112.9374074074074
63.08592592592593
75.4987037037037
86.12425925925926
106.7912962962963
48.50648148148148
65.80425925925925
73.28740740740741
78.56907407407408
119.96592592592593
74.16777777777777
