36110
35729
36424
35914
46679
45019
40769
39101
51489
46741
86493
38487
35461
58633
65788
40295
55482
51251
42739
43783
35627
39768
38109
39727
39771
41462
41541
43150
53423
37970
39771
54662
53024
51008
42854
36854
54808
39381
37543
58321
43780
54354
58745
44066
53208
39933
38276
41328
48734
42976
50424
32660
58122
39712
43721
43387
42174
50519
47841
35614
33091
33051
39864
38046
45937
40805
33983
47692
33023
53077
42460
39108
41912
31127
96339
39801
40523
37489
53306
39699
34729
35996
45826
49264
50744
48230
42044
41498
40052
35025
36444
38727
47577
33753
48664
52736
40159
55139
39751
34811
34286
42938
50317
46418
40713
30209
44942
32938
63041
40909
33079
49238
49174
41694
35058
42177
51091
41528
49436
40844
35295
30769
45126
30247
36519
31037
31053
34439
29252
33443
36567
35260
33493
34065
34568
38076
31017
29910
28595
42929
29025
32140
51230
34772
30513
31932
30791
33095
34253
34059
40897
28850
26676
30460
34469
30064
33627
29029
26150
33973
29954
27328
30481
28501
25558
29424
28842
29004
27606
29050
28961
28047
32001
34628
31039
27159
32113
31275
27620
29494
26702
28745
33272
31840
52662
28453
24188
30954
32919
35591
63631
37338
31360
29681
30215
31290
36440
26625
30876
31187
30076
31401
43593
29317
25477
32528
29893
25914
37330
36212
26616
32880
34345
27218
25781
26452
27588
27594
29078
29943
27575
30475
27258
29376
26872
24198
27216
47737
28612
27405
28326
24844
25541
34444
26599
30032
30811
25678
27093
26287
27764
28081
28765
25225
24053
29555
26903
28877
31894
27309
25793
62470
29536
24974
33496
27758
24171
27271
28324
26249
29055
24643
22177
33791
26776
25972
28580
31047
27023
29001
26113
24963
25535
27203
30172
31552
23320
34553
26215
27292
26788
25549
25180
28976
27386
32356
27313
25161
24967
26636
23838
25601
24575
22521
24351
28693
24402
19225
25349
25237
25882
39706
27165
24770
25224
28848
23329
24778
25531
23899
28037
21416
28950
27168
22912
28673
21825
20127
27795
21512
27048
23261
24902
25187
24315
20761
26017
20696
21939
26455
22506
22510
24627
21387
21437
27473
20849
21637
19896
22220
22555
25567
20403
27513
35583
29468
30605
26122
20748
21301
22640
24142
20804
19872
27017
27735
20993
26238
28245
27396
25104
20866
20838
24090
19983
22590
18365
25151
20800
23860
23834
22545
22342
20036
20239
22305
21592
20407
19088
19990
19735
24385
21409
20736
20781
21797
22270
21727
21715
20598
22271
19871
17747
18919
29259
20640
21330
19764
20467
19631
20917
17037
25521
21117
28569
20469
24216
22322
20880
22726
20844
22714
20114
26274
25386
20202
21345
21040
21328
19801
18496
20132
18977
18908
19742
20805
20922
23075
19069
20423
19842
16574
16351
19063
21368
19544
21349
23367
18274
17820
19153
21338
19156
18525
17874
21823
17556
18487
29890
23058
20728
18603
23024
17129
19493
23696
22074
20190
19053
21304
18284
18625
18634
33575
18682
16798
16593
18208
21275
21090
18459
18469
14950
18087
18583
21347
19926
21916
19288
26814
20003
19511
24166
24103
17722
19199
21205
15913
18548
19388
19521
18800
19284
20060
17641
18584
19386
19698
17628
19108
20305
18309
27667
17817
19137
17628
17564
35964
16666
20633
19888
18215
15905
23274
17715
21914
20811
27861
17902
19885
17895
16375
38002
16974
19217
30400
20848
31642
36035
19050
29999
39240
28826
19442
34151
31080
18908
22509
26790
22600
26940
14620
16888
22301
26752
65879
28467
21463
17719
20632
34432
15578
16786
19906
48086
58235
14677
21050
15764
15842
20225
16571
15525
22090
16321
16301
17890
16372
40649
18082
21537
16258
20856
57932
22800
19817
18009
28686
23118
15177
17124
18988
25280
16725
84446
26862
27798
15364
16289
14026
18886
16307
17602
13872
26487
21698
15369
18911
30248
24680
16542
24870
20528
17834
23731
16898
17247
96323
18362
15812
19707
51140
19514
14696
18002
15943
15370
14579
15311
17062
16967
16184
98668
69678
22331
23189
15976
52440
17322
16306
20219
49428
17907
17418
41679
36244
17083
29222
21978
168540
19554
16299
38181
18544
27048
17194
54769
16223
14324
22053
46166
39430
27331
16473
17278
35066
15211
17834
15452
18253
55389
19038
32986
131572
22029
17805
16530
20791
14830
34144
40762
52764
23593
113942
17087
16404
16600
13364
17977
38698
106309
22625
14988
12804
15387
47247
28871
13546
21728
12610
15428
14304
15744
14967
17493
25827
26052
16120
16301
17392
196678
122222
82470
18381
20479
17179
13926
16923
25456
50273
54425
194968
80024
16597
19293
19403
18910
17654
20157
124889
73312
15460
17296
15752
18889
64626
78688
117529
125563
28372
117003
251864
139390
278774
96864
500518
1219160
450651
607746
677502
84465
100795
187127
269950
53939
251797
64675
104388
253144
129073
159693
156871
229152
187939
250417
109523
139597
493572
22205
57132
202993
165108
154116
78126
188851
182341
133286
145510
293309
219957
151621
451726
191424
144679
173041
272956
196592
126171
156569
155259
224152
35450
128328
20962
212348
174114
254571
238420
172083
199703
178022
224695
243105
165268
82779
192817
192125
252525
232150
227852
