6.687037037037037
6.616481481481482
6.745185185185186
6.650740740740741
8.64425925925926
8.336851851851852
7.549814814814815
7.240925925925926
9.535
8.655740740740741
16.017222222222223
7.127222222222223
6.566851851851852
10.857962962962963
12.182962962962963
7.462037037037037
10.274444444444445
9.490925925925925
7.91462962962963
8.107962962962963
6.5975925925925925
7.364444444444445
7.057222222222222
7.356851851851852
7.365
7.678148148148148
7.692777777777778
7.9907407407407405
9.893148148148148
7.031481481481482
7.365
10.122592592592593
9.81925925925926
9.445925925925925
7.935925925925926
6.824814814814815
10.14962962962963
7.292777777777777
6.952407407407407
10.800185185185185
8.107407407407408
10.065555555555555
10.878703703703703
8.160370370370371
9.853333333333333
7.395
7.088148148148148
7.653333333333333
9.024814814814814
7.9585185185185185
9.337777777777777
6.048148148148148
10.763333333333334
7.354074074074074
8.096481481481481
8.03462962962963
7.81
9.35537037037037
8.859444444444444
6.595185185185185
6.127962962962963
6.120555555555556
7.3822222222222225
7.045555555555556
8.506851851851852
7.556481481481481
6.293148148148148
8.831851851851852
6.11537037037037
9.829074074074073
7.862962962962963
7.242222222222222
7.761481481481481
5.764259259259259
17.840555555555557
7.370555555555556
7.50425925925926
6.942407407407408
9.871481481481482
7.351666666666667
6.4312962962962965
6.665925925925926
8.486296296296297
9.122962962962964
9.397037037037038
8.931481481481482
7.785925925925926
7.684814814814815
7.417037037037037
6.486111111111111
6.748888888888889
7.171666666666667
8.810555555555556
6.250555555555556
9.011851851851851
9.765925925925925
7.436851851851852
10.210925925925926
7.361296296296296
6.446481481481482
6.349259259259259
7.951481481481482
9.317962962962962
8.595925925925926
7.539444444444444
5.5942592592592595
8.322592592592592
6.0996296296296295
11.674259259259259
7.57574074074074
6.125740740740741
9.118148148148148
9.106296296296296
7.721111111111111
6.492222222222222
7.810555555555555
9.461296296296297
7.6903703703703705
9.154814814814815
7.563703703703704
6.536111111111111
5.697962962962963
8.356666666666667
5.601296296296296
6.762777777777778
5.747592592592593
5.750555555555556
6.377592592592593
5.417037037037037
6.193148148148148
6.7716666666666665
6.529629629629629
6.202407407407407
6.308333333333334
6.401481481481482
7.051111111111111
5.743888888888889
5.538888888888889
5.29537037037037
7.949814814814815
5.375
5.951851851851852
9.487037037037037
6.439259259259259
5.650555555555556
5.913333333333333
5.702037037037037
6.128703703703704
6.343148148148148
6.307222222222222
7.573518518518519
5.342592592592593
4.94
5.640740740740741
6.383148148148148
5.567407407407408
6.227222222222222
5.375740740740741
4.842592592592593
6.291296296296296
5.547037037037037
5.060740740740741
5.644629629629629
5.277962962962963
4.732962962962963
5.448888888888889
5.341111111111111
5.371111111111111
5.112222222222222
5.37962962962963
5.363148148148148
5.193888888888889
5.926111111111111
6.412592592592593
5.747962962962963
5.029444444444445
5.946851851851852
5.791666666666667
5.114814814814815
5.4618518518518515
4.944814814814815
5.323148148148148
6.161481481481482
5.896296296296296
9.752222222222223
5.269074074074074
4.479259259259259
5.732222222222222
6.096111111111111
6.590925925925926
11.783518518518518
6.914444444444444
5.807407407407408
5.4964814814814815
5.595370370370371
5.794444444444444
6.7481481481481485
4.930555555555555
5.717777777777778
5.7753703703703705
5.569629629629629
5.815
8.072777777777778
5.429074074074074
4.717962962962963
6.023703703703704
5.53574074074074
4.7988888888888885
6.912962962962963
6.705925925925926
4.928888888888889
6.088888888888889
6.360185185185185
5.04037037037037
4.774259259259259
4.898518518518519
5.108888888888889
5.11
5.384814814814815
5.545
5.106481481481482
5.643518518518518
5.047777777777778
5.44
4.976296296296296
4.481111111111111
5.04
8.840185185185184
5.298518518518518
5.075
5.245555555555556
4.600740740740741
4.729814814814815
6.3785185185185185
4.925740740740741
5.561481481481482
5.70574074074074
4.755185185185185
5.017222222222222
4.867962962962963
5.141481481481481
5.200185185185185
5.326851851851852
4.671296296296297
4.454259259259259
5.473148148148148
4.982037037037037
5.3475925925925925
5.906296296296296
5.057222222222222
4.776481481481482
11.568518518518518
5.46962962962963
4.6248148148148145
6.202962962962963
5.140370370370371
4.476111111111111
5.050185185185185
5.245185185185186
4.860925925925926
5.3805555555555555
4.563518518518518
4.106851851851852
6.257592592592593
4.9585185185185185
4.8096296296296295
5.292592592592593
5.749444444444444
5.00425925925926
5.370555555555556
4.835740740740741
4.622777777777777
4.728703703703704
5.037592592592593
5.587407407407407
5.842962962962963
4.318518518518519
6.398703703703704
4.854629629629629
5.054074074074074
4.960740740740741
4.731296296296296
4.662962962962963
5.365925925925926
5.071481481481482
5.991851851851852
5.0579629629629625
4.6594444444444445
4.623518518518519
4.932592592592592
4.414444444444444
4.740925925925926
4.550925925925926
4.170555555555556
4.509444444444444
5.313518518518518
4.518888888888889
3.560185185185185
4.694259259259259
4.673518518518518
4.792962962962963
7.352962962962963
5.030555555555556
4.587037037037037
4.671111111111111
5.342222222222222
4.320185185185185
4.588518518518518
4.727962962962963
4.425740740740741
5.1920370370370375
3.965925925925926
5.361111111111111
5.0311111111111115
4.242962962962963
5.309814814814815
4.041666666666667
3.727222222222222
5.147222222222222
3.9837037037037035
5.0088888888888885
4.307592592592592
4.611481481481482
4.664259259259259
4.502777777777778
3.8446296296296296
4.817962962962963
3.8325925925925928
4.062777777777778
4.899074074074074
4.167777777777777
4.1685185185185185
4.560555555555555
3.9605555555555556
3.9698148148148147
5.087592592592593
3.860925925925926
4.006851851851851
3.6844444444444444
4.114814814814815
4.176851851851852
4.734629629629629
3.7783333333333333
5.095
6.589444444444444
5.457037037037037
5.667592592592593
4.837407407407407
3.8422222222222224
3.9446296296296297
4.192592592592592
4.470740740740741
3.852592592592593
3.68
5.003148148148148
5.136111111111111
3.8875925925925925
4.858888888888889
5.230555555555555
5.073333333333333
4.648888888888889
3.864074074074074
3.858888888888889
4.461111111111111
3.7005555555555554
4.183333333333334
3.400925925925926
4.657592592592593
3.8518518518518516
4.4185185185185185
4.413703703703704
4.175
4.137407407407407
3.7103703703703705
3.747962962962963
4.1305555555555555
3.9985185185185186
3.779074074074074
3.5348148148148146
3.7018518518518517
3.6546296296296297
4.515740740740741
3.9646296296296297
3.84
3.848333333333333
4.036481481481482
4.124074074074074
4.023518518518519
4.021296296296296
3.8144444444444443
4.124259259259259
3.6798148148148146
3.2864814814814816
3.5035185185185185
5.418333333333333
3.8222222222222224
3.95
3.66
3.790185185185185
3.6353703703703704
3.8735185185185186
3.155
4.726111111111111
3.9105555555555553
5.290555555555556
3.7905555555555557
4.484444444444445
4.133703703703704
3.8666666666666667
4.2085185185185185
3.86
4.206296296296296
3.724814814814815
4.865555555555556
4.7011111111111115
3.741111111111111
3.952777777777778
3.8962962962962964
3.9496296296296296
3.666851851851852
3.4251851851851853
3.728148148148148
3.5142592592592594
3.5014814814814814
3.655925925925926
3.852777777777778
3.8744444444444444
4.273148148148148
3.531296296296296
3.782037037037037
3.6744444444444446
3.069259259259259
3.0279629629629627
3.5301851851851853
3.957037037037037
3.6192592592592594
3.9535185185185187
4.327222222222222
3.384074074074074
3.3
3.546851851851852
3.9514814814814816
3.5474074074074076
3.4305555555555554
3.31
4.041296296296296
3.2511111111111113
3.4235185185185184
5.535185185185185
4.27
3.8385185185185184
3.445
4.263703703703704
3.172037037037037
3.609814814814815
4.388148148148148
4.087777777777778
3.738888888888889
3.5283333333333333
3.9451851851851854
3.385925925925926
3.449074074074074
3.450740740740741
6.217592592592593
3.45962962962963
3.1107407407407406
3.0727777777777776
3.3718518518518517
3.939814814814815
3.9055555555555554
3.4183333333333334
3.420185185185185
2.7685185185185186
3.3494444444444444
3.4412962962962963
3.953148148148148
3.69
4.058518518518518
3.571851851851852
4.9655555555555555
3.7042592592592594
3.613148148148148
4.475185185185185
4.463518518518518
3.281851851851852
3.5553703703703703
3.926851851851852
2.946851851851852
3.434814814814815
3.5903703703703704
3.615
3.4814814814814814
3.571111111111111
3.714814814814815
3.2668518518518517
3.4414814814814814
3.59
3.647777777777778
3.2644444444444445
3.5385185185185186
3.7601851851851853
3.3905555555555558
5.123518518518519
3.2994444444444446
3.543888888888889
3.2644444444444445
3.2525925925925927
6.66
3.0862962962962963
3.820925925925926
3.682962962962963
3.373148148148148
2.9453703703703704
4.31
3.2805555555555554
4.058148148148148
3.8538888888888887
5.1594444444444445
3.315185185185185
3.6824074074074074
3.313888888888889
3.0324074074074074
7.037407407407407
3.1433333333333335
3.5587037037037037
5.62962962962963
3.8607407407407406
5.859629629629629
6.673148148148148
3.5277777777777777
5.555370370370371
7.266666666666667
5.338148148148148
3.60037037037037
6.324259259259259
5.7555555555555555
3.5014814814814814
4.168333333333333
4.961111111111111
4.185185185185185
4.988888888888889
2.7074074074074073
3.127407407407407
4.129814814814814
4.954074074074074
12.199814814814815
5.2716666666666665
3.9746296296296295
3.281296296296296
3.8207407407407405
6.376296296296296
2.8848148148148147
3.1085185185185185
3.6862962962962964
8.904814814814815
10.78425925925926
2.717962962962963
3.8981481481481484
2.919259259259259
2.9337037037037037
3.7453703703703702
3.0687037037037035
2.875
4.090740740740741
3.022407407407407
3.0187037037037037
3.312962962962963
3.031851851851852
7.527592592592592
3.3485185185185187
3.9883333333333333
3.010740740740741
3.862222222222222
10.728148148148149
4.222222222222222
3.669814814814815
3.335
5.312222222222222
4.2811111111111115
2.8105555555555557
3.171111111111111
3.5162962962962965
4.681481481481481
3.0972222222222223
15.638148148148149
4.974444444444444
5.147777777777778
2.8451851851851853
3.0164814814814815
2.5974074074074074
3.4974074074074073
3.019814814814815
3.2596296296296297
2.568888888888889
4.905
4.018148148148148
2.846111111111111
3.502037037037037
5.601481481481481
4.57037037037037
3.0633333333333335
4.605555555555555
3.8014814814814817
3.3025925925925925
4.394629629629629
3.129259259259259
3.193888888888889
17.837592592592593
3.4003703703703705
2.928148148148148
3.6494444444444443
9.47037037037037
3.613703703703704
2.7214814814814816
3.3337037037037036
2.9524074074074074
2.846296296296296
2.6998148148148147
2.8353703703703705
3.1596296296296296
3.142037037037037
2.997037037037037
18.271851851851853
12.903333333333334
4.135370370370371
4.29425925925926
2.9585185185185185
9.71111111111111
3.207777777777778
3.0196296296296294
3.7442592592592594
9.153333333333334
3.3161111111111112
3.2255555555555557
7.718333333333334
6.7118518518518515
3.1635185185185186
5.411481481481482
4.07
31.211111111111112
3.621111111111111
3.0183333333333335
7.070555555555556
3.4340740740740743
5.0088888888888885
3.1840740740740743
10.142407407407408
3.004259259259259
2.6525925925925926
4.083888888888889
8.549259259259259
7.301851851851852
5.061296296296296
3.0505555555555555
3.1996296296296296
6.493703703703703
2.816851851851852
3.3025925925925925
2.8614814814814813
3.3801851851851854
10.257222222222222
3.5255555555555556
6.108518518518519
24.365185185185187
4.079444444444444
3.297222222222222
3.061111111111111
3.850185185185185
2.7462962962962965
6.322962962962963
7.548518518518518
9.77111111111111
4.369074074074074
21.10037037037037
3.1642592592592593
3.037777777777778
3.074074074074074
2.474814814814815
3.329074074074074
7.166296296296296
19.686851851851852
4.189814814814815
2.7755555555555556
2.371111111111111
2.8494444444444444
8.749444444444444
5.346481481481481
2.5085185185185184
4.023703703703704
2.335185185185185
2.857037037037037
2.648888888888889
2.9155555555555557
2.7716666666666665
3.2394444444444446
4.782777777777778
4.8244444444444445
2.9851851851851854
3.0187037037037037
3.220740740740741
36.421851851851855
22.633703703703702
15.272222222222222
3.403888888888889
3.7924074074074072
3.1812962962962965
2.578888888888889
3.133888888888889
4.714074074074074
9.309814814814814
10.078703703703704
36.105185185185185
14.81925925925926
3.0735185185185183
3.5727777777777776
3.593148148148148
3.501851851851852
3.2692592592592593
3.7327777777777778
23.127592592592592
13.576296296296297
2.862962962962963
3.202962962962963
2.917037037037037
3.497962962962963
11.967777777777778
14.571851851851852
21.76462962962963
23.252407407407407
5.254074074074074
21.66722222222222
46.641481481481485
25.812962962962963
51.62481481481481
17.93777777777778
92.68851851851852
225.77037037037036
83.45388888888888
112.54555555555555
125.46333333333334
15.641666666666667
18.66574074074074
34.65314814814815
49.99074074074074
9.988703703703704
46.629074074074076
11.976851851851851
19.33111111111111
46.87851851851852
23.902407407407406
29.572777777777777
29.050185185185185
42.43555555555555
34.803518518518516
46.373518518518516
20.282037037037036
25.851296296296297
91.40222222222222
4.112037037037037
10.58
37.5912962962963
30.575555555555557
28.54
14.467777777777778
34.97240740740741
33.766851851851854
24.68259259259259
26.946296296296296
54.31648148148148
40.73277777777778
28.077962962962964
83.65296296296296
35.44888888888889
26.792407407407406
32.04462962962963
50.547407407407405
36.40592592592593
23.365
28.99425925925926
28.751666666666665
41.50962962962963
6.564814814814815
23.764444444444443
3.881851851851852
39.32370370370371
32.24333333333333
47.14277777777778
44.15185185185185
31.86722222222222
36.98203703703704
32.96703703703704
41.61018518518519
45.019444444444446
30.605185185185185
15.329444444444444
35.70685185185185
35.5787037037037
46.763888888888886
42.99074074074074
42.19481481481481
