-143157.19999999946
-145948.09999999974
-126578.90000000002
-197812.69999999952
-224678.0999999996
-155236.89999999985
-146007.49999999977
-175188.8000000002
-163025.3000000007
-200500.59999999977
-216028.99999999953
-165389.3999999999
-175571.29999999978
-169869.5000000003
-209930.79999999967
-185424.5000000006
-162874.00000000003
-205830.7000000004
-189607.40000000014
-162724.9999999998
-182650.00000000032
-198897.19999999963
-143950.10000000053
-148765.90000000002
-155965.3000000005
-170304.09999999945
-209093.20000000022
-174603.10000000082
-179354.8
-170260.89999999973
-151339.3000000003
-167233.59999999998
-198384.10000000047
-155238.59999999966
-167989.19999999987
-174697.49999999916
-175122.39999999866
-177957.00000000012
-151996.00000000003
-198731.69999999978
-183028.70000000016
-166933.29999999952
-146374.59999999966
-141997.79999999958
-166433.00000000093
-155875.59999999974
-184048.2000000001
-177194.19999999978
-163859.59999999942
-143613.80000000013
-169469.99999999942
-135391.50000000015
-192615.10000000038
-156507.6999999997
-150073.59999999963
-164285.0999999997
-183853.79999999955
-187083.8000000003
-174217.29999999993
-228455.49999999904
-153529.30000000008
-132376.4999999996
-171787.40000000043
-148658.4999999997
-143969.10000000015
-162132.00000000038
-167440.6
-192972.0999999998
-104947.79999999984
-162893.69999999937
-138380.2999999998
-178234.7000000002
-153760.89999999962
-133001.79999999973
-245459.1999999994
-150646.8999999999
-207840.4999999998
-146035.6000000005
-158351.70000000065
-145151.80000000022
-258101.30000000016
-164903.69999999946
-146512.3000000003
-184996.69999999975
-139407.69999999992
-163924.00000000087
-160522.50000000012
-207565.5000000002
-127947.79999999977
-156664.69999999984
-144216.19999999992
-168194.40000000046
-185217.90000000052
-161550.80000000016
-152807.00000000035
-205554.7999999995
-155897.8000000007
-193882.50000000012
-154937.5999999995
-122285.29999999984
-128026.8999999997
-148735.69999999975
-155574.20000000004
-139139.20000000016
-137766.79999999946
-115714.49999999996
-137626.50000000012
-149127.09999999995
-294359.2999999999
-118153.59999999996
-112728.50000000001
-133334.30000000054
-149440.19999999925
-154946.50000000081
-136958.19999999995
-219218.70000000013
-228987.4999999999
-164703.70000000086
-178199.89999999985
-169249.10000000036
-149330.80000000045
-131550.39999999953
-120543.20000000046
-124063.70000000013
-154289.1000000002
-115936.19999999988
-170989.8000000005
-141446.90000000034
-136469.50000000058
-124575.19999999974
-128672.60000000014
-135633.3
-144283.80000000025
-158607.60000000036
-142424.60000000036
-143433.70000000036
-124340.99999999997
-130780.6000000001
-122437.19999999991
-144522.40000000029
-128471.5000000002
-118244.69999999966
-162115.00000000035
-147830.79999999973
-114997.59999999982
-130952.89999999976
-107703.79999999989
-147934.10000000024
-131868.20000000004
-149462.4
-133301.20000000007
-112535.40000000018
-115668.69999999987
-121547.09999999979
-116023.89999999948
-92661.80000000026
-131663.9999999999
-100874.69999999995
-118848.60000000018
-110695.9999999998
-117783.60000000005
-126057.09999999979
-134601.49999999974
-122270.0999999997
-89606.29999999967
-127915.89999999967
-125630.90000000011
-118018.89999999957
-99422.20000000006
-111293.79999999987
-126985.7999999998
-105809.19999999975
-123347.50000000025
-138661.0000000001
-132356.00000000032
-87732.8999999998
-130537.70000000078
-119240.10000000028
-120276.50000000015
-102290.80000000032
-113661.80000000026
-91865.49999999987
-129657.29999999968
-131348.19999999998
-167543.50000000012
-114750.59999999996
-97988.2000000002
-157896.6000000002
-106694.5999999997
-135454.2999999996
-199350.80000000063
-149964.49999999953
-118003.00000000026
-115273.60000000006
-114724.10000000012
-113326.49999999991
-132702.90000000014
-110794.00000000032
-109687.69999999981
-105003.09999999963
-120453.30000000045
-115275.90000000008
-140915.8
-119992.00000000019
-98841.60000000047
-119299.2000000002
-97555.59999999973
-121097.39999999963
-138354.99999999956
-130849.40000000084
-111684.09999999999
-157448.00000000044
-121634.70000000032
-106447.3
-93287.40000000036
-112251.20000000023
-105971.80000000044
-139403.4000000005
-112266.30000000008
-94734.09999999977
-98169.8000000002
-109549.10000000028
-204128.09999999974
-131274.2999999999
-108489.70000000039
-77389.70000000004
-121843.00000000025
-115552.5000000004
-99207.2
-101988.19999999982
-110291.30000000053
-88074.89999999978
-99999.10000000043
-113290.79999999977
-93121.90000000023
-119700.09999999993
-92370.00000000013
-118601.9000000002
-120996.00000000006
-99055.20000000017
-108023.40000000002
-99149.99999999975
-119449.50000000009
-92655.80000000015
-92465.80000000002
-117396.29999999973
-119803.5999999995
-90769.59999999989
-115474.79999999978
-117426.70000000008
-115282.29999999996
-187225.0000000001
-99884.89999999998
-93781.1999999996
-111272.69999999992
-95797.70000000011
-99001.90000000023
-217821.7000000006
-104009.09999999977
-100260.30000000003
-125223.70000000004
-107701.70000000017
-105927.39999999976
-114833.3000000002
-108625.69999999962
-105538.59999999982
-99549.79999999987
-108634.69999999985
-91788.00000000007
-148829.39999999982
-127169.7000000002
-131857.80000000025
-111633.50000000019
-96931.00000000009
-95940.19999999995
-104953.69999999988
-95457.9000000003
-174509.19999999972
-117900.60000000006
-102393.50000000057
-95310.90000000043
-95107.20000000016
-102742.89999999967
-96879.79999999993
-111032.4000000003
-117321.39999999989
-100203.19999999998
-83008.59999999983
-105265.09999999925
-94940.19999999974
-88727.49999999991
-114856.9999999997
-123803.39999999976
-91832.40000000008
-128442.80000000008
-139810.09999999957
-83632.60000000017
-94526.69999999966
-101031.09999999995
-87349.39999999995
-85463.40000000017
-138783.99999999948
-112881.59999999995
-85289.40000000034
-97671.10000000014
-112355.99999999974
-98595.20000000006
-97987.59999999992
-104513.49999999964
-91104.09999999967
-91864.19999999987
-87475.70000000017
-102945.70000000006
-90934.60000000002
-106954.19999999968
-91414.00000000023
-79826.00000000025
-97072.60000000011
-88910.70000000026
-92619.79999999971
-86350.49999999984
-86114.20000000026
-91274.5999999999
-74498.50000000003
-104316.99999999978
-88556.7000000001
-97178.69999999946
-81328.20000000019
-115964.90000000018
-115471.9999999995
-89835.60000000012
-87331.9999999999
-93936.39999999978
-88011.09999999992
-94868.30000000028
-112691.69999999991
-85055.90000000002
-80163.10000000006
-74971.60000000018
-85350.0000000001
-77199.89999999985
-98408.89999999976
-82826.79999999964
-100458.29999999987
-115028.59999999992
-163408.09999999948
-106687.30000000032
-108285.60000000027
-77832.69999999994
-84399.20000000007
-96167.20000000039
-90416.79999999971
-98254.70000000006
-81910.30000000002
-107904.40000000007
-88101.89999999992
-91635.29999999996
-107637.10000000049
-96601.40000000001
-118725.70000000039
-116033.70000000042
-108143.09999999989
-96704.7000000001
-85844.29999999961
-80350.49999999971
-78246.90000000023
-88744.59999999986
-84440.60000000002
-109543.59999999974
-84015.79999999971
-85369.7
-88397.49999999975
-77347.00000000007
-101090.49999999997
-85890.79999999968
-83369.80000000035
-83371.0
-84001.9000000001
-61228.49999999997
-88892.39999999978
-80755.29999999974
-92205.10000000021
-88968.19999999978
-83206.90000000002
-92292.0000000005
-86293.29999999967
-73588.59999999993
-87338.40000000001
-111521.69999999963
-79881.19999999998
-76526.29999999962
-74530.90000000002
-76887.1000000003
-65517.80000000016
-98256.00000000022
-79183.49999999962
-86414.60000000036
-84902.9
-81147.19999999991
-94940.79999999961
-89296.50000000012
-72313.79999999968
-95383.79999999994
-77695.29999999994
-107550.9
-84329.29999999973
-74072.49999999978
-98918.99999999999
-63660.300000000185
-103508.20000000004
-78038.99999999988
-92224.40000000018
-76033.79999999974
-97297.99999999991
-109384.30000000024
-94312.00000000001
-88846.80000000018
-82703.3000000003
-109760.69999999991
-83315.6000000003
-64997.3999999999
-67813.69999999982
-83416.1999999999
-82516.49999999985
-77603.99999999975
-72995.40000000001
-79420.79999999996
-68119.19999999992
-73735.00000000003
-67318.09999999992
-83936.69999999984
-71596.1000000001
-73479.59999999999
-64010.40000000007
-57054.40000000015
-75631.40000000002
-77287.99999999988
-81735.79999999981
-70135.09999999992
-72711.50000000022
-72521.00000000017
-93647.60000000006
-73432.49999999999
-91207.1
-83501.50000000015
-76063.20000000042
-110824.40000000002
-67986.10000000034
-76815.40000000042
-81956.70000000003
-76789.60000000008
-81699.49999999988
-81165.09999999979
-112958.70000000006
-64983.30000000007
-95532.49999999997
-100186.30000000024
-66185.49999999996
-92838.3000000002
-79976.70000000003
-83632.50000000042
-89784.3999999993
-73875.5999999997
-119944.59999999961
-63090.59999999981
-74484.2000000002
-71543.09999999974
-65739.60000000003
-84691.69999999975
-74187.39999999975
-87299.50000000023
-78424.89999999998
-56865.09999999995
-73645.4999999998
-66743.00000000009
-97322.0999999999
-65090.3
-106099.29999999994
-89516.09999999983
-88959.19999999994
-67325.69999999997
-87094.80000000002
-88720.79999999945
-76826.59999999964
-63045.79999999998
-77234.59999999976
-84748.19999999995
-122770.90000000001
-66460.90000000008
-78108.69999999975
-133486.40000000008
-68728.99999999988
-80569.0000000002
-63592.20000000008
-68380.49999999965
-65915.79999999996
-81126.8000000001
-73222.99999999987
-60956.00000000013
-76333.8999999999
-78717.90000000002
-60271.59999999985
-81872.80000000013
-65915.10000000005
-79832.20000000016
-91315.99999999983
-52951.400000000045
-108399.59999999992
-62503.09999999987
-88325.09999999954
-66833.90000000045
-63712.19999999995
-103111.60000000017
-95261.80000000005
-70612.40000000008
-64889.699999999866
-64972.89999999987
-73191.80000000024
-77960.69999999966
-72233.49999999975
-58526.49999999982
-76255.89999999994
-116142.40000000002
-63627.39999999998
-64153.10000000021
-117381.30000000041
-78798.29999999999
-111307.19999999976
-121788.50000000006
-73245.39999999998
-102424.99999999978
-131557.20000000007
-97763.7000000002
-70794.1000000001
-85073.30000000009
-91453.4000000001
-70800.3000000002
-75179.29999999997
-91687.50000000012
-84185.90000000002
-85966.20000000024
-132799.99999999983
-62873.10000000018
-62477.000000000065
-97066.09999999969
-140437.70000000036
-76949.19999999972
-72196.30000000015
-80544.69999999978
-93606.40000000023
-90422.09999999971
-70489.80000000028
-67885.10000000005
-84365.4
-119625.20000000004
-152869.49999999968
-70459.70000000029
-83250.89999999979
-143293.19999999984
-70974.29999999962
-82052.40000000002
-64013.40000000001
-67762.00000000004
-82839.59999999958
-66100.39999999995
-58418.09999999997
-57072.1999999999
-63274.20000000006
-116739.49999999997
-72495.8000000002
-73177.89999999995
-66450.89999999975
-68229.49999999978
-156899.29999999964
-130452.5000000003
-99429.79999999958
-63557.200000000164
-162791.29999999935
-93247.79999999987
-77413.70000000024
-82939.40000000002
-64895.60000000001
-84079.29999999978
-63729.30000000013
-203759.60000000036
-82648.2999999999
-70142.39999999997
-56829.5000000001
-134604.69999999943
-66947.79999999996
-59129.09999999999
-60050.7000000001
-61285.59999999994
-142465.59999999963
-74008.5
-101514.89999999978
-55257.700000000026
-64503.39999999993
-115607.89999999997
-83773.00000000004
-98595.3000000001
-93713.19999999995
-71968.00000000016
-74728.89999999932
-65547.10000000006
-74218.20000000024
-61811.10000000006
-189666.10000000012
-59340.30000000006
-67873.10000000008
-68652.29999999989
-163158.00000000015
-81426.50000000028
-60141.20000000002
-61050.39999999994
-66823.79999999993
-67177.69999999995
-69867.49999999983
-68430.9000000002
-73210.20000000038
-66464.99999999993
-73747.29999999986
-204660.4999999998
-199885.30000000005
-79826.60000000024
-64810.10000000005
-63490.29999999993
-223845.59999999966
-57601.800000000025
-81377.40000000008
-55437.600000000166
-176350.80000000022
-68711.70000000019
-65433.49999999988
-107186.3999999997
-114152.59999999993
-62915.300000000054
-101079.69999999981
-80481.79999999997
-279502.6000000001
-70163.80000000026
-69721.20000000029
-321285.19999999925
-76536.39999999975
-91817.90000000014
-63850.30000000011
-122636.9000000004
-155829.3000000002
-51914.09999999991
-91842.10000000046
-117352.79999999993
-119826.40000000033
-207125.0000000007
-141822.19999999937
-53078.30000000001
-106956.89999999986
-56621.30000000002
-54172.40000000018
-57040.80000000005
-75289.29999999989
-125755.8
-69532.90000000014
-90601.99999999981
-201248.29999999958
-217821.00000000058
-74698.4
-65943.90000000024
-65963.60000000002
-70469.5
-131754.50000000006
-102764.50000000013
-92516.19999999947
-62584.89999999983
-210881.59999999966
-73266.50000000055
-59715.8
-179848.70000000004
-154632.1999999995
-56555.00000000021
-106097.6000000001
-556003.1999999973
-62104.49999999985
-74092.40000000046
-160091.40000000005
-81684.89999999979
-146034.39999999985
-72251.80000000003
-60238.80000000013
-172724.8000000001
-393169.2000000005
-89056.19999999998
-52710.500000000175
-88249.70000000006
-70718.49999999971
-82237.99999999997
-211125.69999999937
-93548.99999999985
-62115.50000000005
-55566.999999999935
-79781.7
-327324.9999999997
-235906.00000000026
-155094.69999999984
-66164.09999999993
-221282.00000000067
-71116.3
-89668.70000000016
-237326.30000000057
-243315.20000000022
-129803.20000000032
-801114.0999999996
-247966.19999999978
-334631.3000000001
-159070.49999999968
-169400.19999999984
-90504.0000000003
-776639.2000000012
-66403.80000000016
-247145.39999999932
-550919.7999999975
-267688.9000000005
-216939.79999999888
-412976.7999999992
-170810.39999999857
-394431.80000000104
-368698.89999999903
-145874.6999999987
-208132.29999999987
-547915.9
-91646.39999999998
-525139.3000000005
-755724.6999999995
-469607.39999999927
-1096975.100000001
-381533.2000000013
-1089312.4999999977
-1659518.5999999945
-1013339.8000000012
-2413132.100000008
-1093418.3000000014
-209703.6000000006
-445430.00000000116
-428109.99999999965
-334597.30000000016
-135834.70000000068
-431445.89999999944
-208370.09999999913
-781520.1999999987
-528010.7999999986
-300726.8999999991
-595225.099999999
-570008.3000000026
-567002.7999999978
-532913.6999999996
-950838.3000000035
-435180.20000000036
-689342.800000001
-763708.0000000016
-242130.80000000034
-164997.8999999991
-480717.4000000006
-1110340.1000000008
-415913.80000000115
-240121.7999999997
-392508.0999999986
-306753.99999999977
-359696.6000000001
-505549.69999999925
-451969.3999999997
-641814.300000001
-349280.6
-561586.399999999
-661670.3999999996
-755236.4999999979
-514232.5000000001
-896882.7999999992
-1104383.899999997
-589545.0999999999
-589737.5000000014
-318642.3999999997
-921116.6999999996
-487522.5000000006
-389040.1000000004
-786193.0999999996
-434700.3
-1106154.2000000041
-1071955.2000000004
-1058424.2999999989
-1149905.399999996
-1006971.0000000003
-541098.6999999975
-628526.4000000028
-793019.6999999986
-1090493.2999999993
-476095.7000000003
-540981.3000000016
-702129.5999999992
-592699.299999998
-1340559.6999999948
-549538.7000000002
