35549
36268
32017
52568
58026
40966
37274
49451
35271
46681
39728
46576
52209
42224
41885
46452
36652
44876
48063
37451
49981
57465
43075
43913
40947
43717
56241
39974
37082
46693
36711
37275
49160
34219
41134
50194
42292
49833
38620
47137
35913
34637
30555
34494
36383
43035
56429
44333
35371
33252
36745
41230
47170
43327
35452
46692
41373
41668
36753
74418
42658
37603
48883
47921
34959
40714
45575
51087
29068
34344
32860
57897
36523
40166
37214
39177
58172
35325
37934
34611
83942
50701
39919
40266
31441
41180
44567
45265
38174
50199
38166
39383
36206
40580
28078
37230
33163
39511
32523
32396
34625
32938
36406
32503
39279
33222
30303
35707
65340
32459
33172
27312
29260
30323
32784
59307
39051
34507
32762
45902
36658
31204
28480
36483
32624
30638
37915
33440
33351
33815
36570
33119
38456
33428
35352
34328
28830
30987
32293
34676
33946
30147
34342
32787
27517
37796
26022
30272
31114
31801
28144
35083
28827
30506
33753
23988
34449
27091
30022
27659
30506
25336
34043
34345
24169
30273
36166
29210
27896
29151
33729
34512
32678
36748
29038
29382
32567
31084
29159
23450
31080
25083
27318
30412
30772
34619
29954
34796
31361
25863
28648
36956
31930
29507
29364
24510
31203
28814
26471
28680
30937
26420
35037
32345
33063
23260
26692
31151
29040
31256
26692
31556
29306
29682
25528
29998
29933
28638
30451
25261
27102
32697
73093
31988
29922
22738
29218
24743
25411
28444
28933
25142
26039
26744
25427
27248
24700
33446
28863
28051
28098
25222
27087
25308
26436
26946
24976
26367
27082
29647
26761
32472
24544
26439
25919
26657
29139
66041
26466
25630
28209
26363
30519
24833
31441
24646
24123
27174
22330
34489
33823
31385
24233
28818
25092
25654
22460
43194
24043
24232
26121
27314
25215
27953
24870
25696
22219
23108
24271
24017
26301
27665
34259
26738
30990
35344
24456
20850
26621
23179
24006
24417
24084
21122
24758
27218
27420
21955
27914
29489
26039
22721
22462
24463
30396
27754
20019
27410
21358
22481
20646
25814
24571
20167
24036
22670
24531
22179
23759
28898
23507
19842
22137
23470
25826
21678
20620
19393
21795
23739
21632
19908
21918
21272
20642
32503
23976
22922
20893
21419
23332
23992
26507
20970
20304
22573
22168
25470
19875
27181
35466
35819
22762
20171
29551
19862
22553
19470
28117
22205
19621
21167
22658
31427
22135
20210
19304
21398
18959
21831
25133
19823
17433
23199
23302
25194
19996
20445
23031
21443
19893
20878
18996
19493
22212
19652
24612
19365
19050
21525
22109
22824
26166
17342
24694
21739
19109
25698
18884
26374
21783
23683
20104
24821
24544
18935
19393
17644
25276
17879
19627
19240
19640
25742
22654
18360
20430
16657
19753
18813
23168
19265
19549
15780
17115
19998
21975
17252
18152
18853
21905
22800
18090
29024
21708
19052
33777
16773
20458
17848
20777
22430
19067
35648
18707
19293
22703
16336
24136
19205
19490
24605
23114
22250
18574
22739
20974
19174
18237
21466
24624
21649
16753
17721
16230
17947
15962
31588
19459
21263
18151
21568
20869
16630
17551
16793
21619
38056
16626
20402
38651
19080
18674
15964
19901
16541
23349
19402
15125
18995
19944
15785
17514
17982
20376
23247
14622
15534
16938
20288
18610
19197
25418
17569
18957
15956
16952
17442
22992
18705
16083
16821
16517
18555
17985
26412
16583
25775
18609
17363
18629
27322
18556
20873
18094
18730
18771
17370
17045
15596
17590
46018
16199
15434
20393
20040
16345
18686
21258
22431
16824
18026
17013
20733
19218
16047
17779
24817
45472
22231
17659
15850
19820
17104
20383
15542
15024
17967
15940
19898
18072
20213
14769
18152
31642
29607
15986
38812
26002
21049
23156
18803
16661
16146
26476
19860
15344
15219
40590
16278
14078
16700
16871
47846
17073
27974
15645
14677
17130
16891
18686
15055
13067
16619
16518
16993
14502
15559
15232
15564
13159
18003
16659
19382
14264
16378
18448
15973
21701
18283
15202
17341
14408
14202
14368
17811
15429
35361
15422
22079
14474
33125
17384
14881
15102
15802
14700
16667
15437
16842
15257
15536
96525
21176
22894
19710
15614
56740
14971
20258
14865
15878
55665
38251
15698
16942
17420
15310
16660
16344
15455
19162
15274
18291
66306
20599
15958
17576
17688
23412
14935
16457
14645
25576
19667
16805
53898
47625
14232
18751
176489
14007
18192
52137
16712
24897
14343
16709
57290
174302
25091
17067
23946
15949
25923
73733
19933
15686
13214
20470
15223
24691
23241
18086
79296
18400
17928
75802
70173
28748
346107
22505
99981
55889
61347
22080
312447
14913
93120
155845
77706
74392
166914
61268
152586
107187
15361
17030
169712
17582
119917
208189
99587
232170
125609
152256
162292
238286
699462
172802
16017
136869
96865
25448
24471
57329
39463
351789
108476
52527
160143
168607
89078
110576
256724
113969
176639
86707
85841
30847
132323
427629
78327
59990
72111
58066
70258
123995
54703
176044
73723
59557
123268
166504
110418
170330
384974
197780
198903
52215
312659
234205
119479
340316
100957
473588
332240
456727
414843
410159
162642
182998
221966
411405
179156
162526
203627
171748
415666
172654
