-292380.0000000001
-297259.00000000023
-253135.0
-383816.99999999994
-443015.0
-311387.0
-293273.0000000001
-332600.0000000001
-341719.0000000001
-394986.0000000001
-454550.0
-327942.0
-333902.9999999999
-362484.99999999994
-444640.0
-367075.0000000001
-343855.9999999999
-420609.0
-376970.0
-328838.00000000006
-356864.0000000001
-394776.0
-281763.0
-295881.0
-313359.00000000006
-337891.0000000001
-435015.9999999999
-351621.0
-379988.0
-333830.99999999994
-303934.9999999999
-343152.0
-395311.0000000001
-321842.0
-334052.0
-334644.9999999999
-359788.0
-357185.9999999999
-306483.9999999999
-410687.0
-377321.0
-348159.0000000001
-321569.9999999998
-287325.9999999999
-349249.99999999977
-304988.0
-352885.99999999994
-345242.0
-346003.9999999999
-305730.0000000001
-351504.00000000023
-262185.00000000006
-395353.0000000001
-304671.0000000001
-301895.9999999999
-324433.0
-365442.0
-381350.0000000001
-353367.0
-429109.0
-298682.9999999999
-263690.9999999997
-338578.0
-291319.0
-293037.0000000002
-319768.0
-330514.00000000006
-386863.0000000002
-217785.99999999983
-340491.0000000001
-279901.0
-339669.0
-305694.9999999999
-264562.0
-514887.9999999994
-302699.00000000006
-399342.9999999998
-291491.9999999999
-333074.9999999998
-298793.9999999998
-487231.0
-320947.0000000001
-300984.9999999999
-380389.0
-292115.0000000005
-330300.0
-318559.0000000001
-402220.99999999994
-255050.00000000006
-303624.9999999998
-291766.0000000001
-334131.99999999994
-377604.99999999965
-315824.00000000023
-313202.0
-424040.0
-312009.99999999994
-397283.0
-316376.0000000001
-253514.99999999997
-259051.00000000003
-316846.9999999999
-319793.99999999994
-290948.0000000001
-279796.0
-232447.0
-286238.9999999999
-296004.99999999994
-594146.9999999995
-245151.99999999988
-221962.99999999997
-281876.9999999999
-316913.99999999977
-317323.0
-274441.99999999994
-422344.9999999999
-467889.0000000002
-335387.0000000001
-367392.99999999936
-344368.9999999998
-299128.0
-262799.99999999994
-257480.0000000004
-244819.0
-309404.9999999999
-231942.0
-331313.9999999998
-283499.00000000006
-266745.0000000001
-248784.0
-256726.00000000012
-272815.0
-286878.0000000001
-317040.0000000001
-292745.9999999999
-291466.9999999999
-251517.99999999997
-261162.0
-246884.0
-289359.99999999994
-253137.0
-237005.0
-342606.00000000006
-300215.99999999977
-230775.99999999994
-257959.0
-219538.0
-301015.0
-268826.0
-304287.99999999994
-279560.0
-224338.00000000003
-229044.99999999994
-242328.99999999997
-237732.9999999999
-189842.0
-264956.0000000002
-201996.99999999997
-234146.0
-226192.00000000003
-234252.00000000006
-253969.0000000001
-268693.0000000001
-237487.0
-183469.0
-257737.0
-248363.0000000001
-236719.00000000003
-195810.00000000006
-221905.99999999994
-244666.0
-207996.0
-240545.0
-279481.9999999999
-268036.0
-172694.99999999988
-260867.00000000003
-241415.0
-239795.00000000006
-207251.99999999997
-225369.9999999999
-184813.00000000003
-265946.99999999965
-267357.9999999999
-345577.0000000001
-225026.00000000012
-192381.99999999994
-316905.9999999999
-217378.0000000001
-276569.00000000023
-424419.9999999997
-296626.9999999997
-236669.99999999988
-225064.0
-233354.99999999994
-229418.99999999994
-265823.0
-216584.0000000002
-223211.0
-207065.00000000006
-238134.99999999994
-233121.0
-293934.0000000001
-236044.0
-192532.0
-245756.00000000006
-200244.0
-236361.99999999994
-275173.9999999999
-269118.0
-223175.0
-320288.0
-253193.0
-216578.99999999994
-186882.0
-226336.00000000006
-208942.0
-278806.0000000001
-222553.0
-196942.99999999985
-198485.99999999994
-213704.99999999994
-378386.9999999999
-259064.99999999983
-216163.0
-156675.00000000006
-243822.0
-252839.00000000012
-201624.00000000006
-205618.00000000006
-219271.0
-178663.0
-201897.00000000003
-232012.0
-187233.00000000006
-243322.99999999994
-190864.00000000012
-228576.99999999994
-235291.99999999994
-195940.00000000006
-215725.99999999994
-199711.99999999994
-236709.0
-184502.00000000003
-185002.0
-237912.99999999994
-240916.0
-185872.00000000006
-240136.0
-230301.00000000003
-229845.0
-380513.9999999998
-208175.0
-185208.0
-225900.99999999997
-194483.0
-193385.0
-424751.0000000001
-212608.99999999997
-203416.99999999997
-256858.99999999983
-214527.00000000003
-212013.99999999997
-236699.00000000003
-220567.0
-207913.9999999999
-197614.0
-224793.0
-184371.99999999994
-287598.0000000002
-249575.00000000023
-261122.00000000006
-221825.0
-194689.99999999997
-193854.0
-220638.99999999994
-191032.99999999997
-342968.0
-236226.0
-208576.99999999997
-190003.0
-189080.0
-212718.99999999997
-192357.99999999994
-222924.00000000003
-231862.00000000003
-199600.0
-168710.0
-209604.99999999997
-188357.99999999994
-177025.00000000003
-227946.00000000006
-237021.99999999994
-180668.0
-252612.0
-269218.9999999992
-165786.00000000006
-187289.00000000006
-199509.00000000012
-176758.00000000006
-172345.99999999994
-289975.9999999999
-228595.99999999994
-175578.0
-194652.99999999994
-225836.0
-194096.0
-193624.00000000006
-207889.0
-179767.0
-187186.0
-176683.00000000012
-212050.99999999994
-185909.9999999999
-207382.00000000006
-185711.99999999994
-160612.00000000006
-187682.00000000003
-180400.9999999999
-182918.0
-177675.00000000006
-168666.00000000012
-178258.0
-152095.00000000006
-203685.99999999997
-175976.99999999985
-199305.00000000003
-160830.00000000006
-228295.0
-225648.0
-178312.00000000003
-177964.00000000003
-192520.0
-173953.00000000012
-185424.99999999997
-228570.99999999994
-169957.00000000003
-159277.0
-147500.0
-170527.99999999994
-155365.00000000003
-196051.00000000003
-163843.99999999988
-204881.0
-234414.0
-332147.0
-219655.0
-216007.99999999994
-156697.00000000003
-170411.99999999997
-194367.99999999988
-181375.99999999994
-196201.00000000006
-163512.99999999997
-216851.99999999994
-176237.0
-180319.0
-216393.0
-200201.9999999999
-233291.0
-225383.0
-199949.00000000006
-192141.00000000003
-174861.0
-153899.00000000006
-159183.00000000003
-174830.00000000003
-172646.00000000006
-216864.0
-170046.00000000003
-173623.0
-178709.0
-160957.99999999994
-189338.99999999997
-170752.0
-170626.00000000006
-170073.99999999983
-168253.0
-124050.99999999997
-174543.9999999999
-164615.00000000006
-193268.99999999994
-184858.00000000003
-163371.00000000006
-184640.0
-168942.99999999994
-149762.0
-178112.00000000006
-217443.0
-158124.00000000006
-153841.0
-144879.00000000012
-150901.00000000006
-131622.00000000023
-198871.99999999994
-161484.9999999999
-170157.99999999997
-172495.0
-164275.99999999994
-191560.0
-178651.00000000006
-140118.0000000001
-196986.0
-159251.00000000006
-221587.0
-167746.99999999997
-153355.0
-196801.99999999994
-134105.0000000001
-201442.0
-154494.0
-185980.0
-152438.0
-201988.00000000006
-218201.0
-190620.0
-179492.0
-171162.99999999994
-211784.99999999997
-165640.00000000006
-128214.00000000003
-137218.99999999997
-168338.0
-157395.00000000003
-151671.99999999988
-146806.00000000003
-160820.00000000006
-140036.00000000012
-147214.0
-138079.0
-167789.0
-139711.00000000023
-143280.0
-129536.00000000003
-117320.0
-148733.99999999994
-154180.0
-169133.9999999999
-140932.99999999994
-146664.99999999994
-146782.00000000006
-190744.0000000001
-146035.0
-175528.99999999988
-166433.0
-153195.99999999994
-207412.0000000001
-137515.0
-164478.0
-162972.99999999994
-154287.99999999997
-162864.99999999994
-162437.0
-216720.99999999988
-129103.0
-189923.0
-203196.99999999994
-140512.99999999988
-181773.00000000003
-160920.99999999997
-168914.99999999994
-175380.00000000006
-147916.00000000012
-247045.9999999999
-124545.99999999997
-141934.00000000006
-142328.99999999994
-131352.0
-166835.0
-151742.0
-166585.0
-153963.00000000006
-111828.99999999997
-144840.99999999994
-138017.99999999988
-198955.00000000003
-136388.99999999997
-208387.0
-178347.0
-186008.0
-135622.99999999994
-177011.9999999999
-177004.00000000003
-160574.0000000001
-127118.0
-156998.00000000003
-169529.99999999997
-233555.00000000012
-133011.0000000001
-152265.00000000012
-257444.0
-138106.0
-159646.00000000003
-131525.99999999997
-135619.0
-132397.99999999994
-155808.0
-143098.00000000006
-123995.99999999997
-149225.0
-156249.0
-120544.0
-170672.00000000003
-131573.00000000012
-158090.0
-175896.00000000006
-109146.0
-224812.00000000006
-126317.0
-178597.00000000006
-133868.99999999988
-127874.00000000003
-196548.00000000003
-190558.00000000006
-137288.0000000001
-131143.00000000006
-136114.99999999977
-153730.00000000006
-150156.99999999988
-150045.0
-120087.00000000003
-152909.0
-248644.00000000012
-128494.00000000003
-130889.00000000003
-237734.99999999994
-157444.99999999994
-230960.0
-258926.9999999999
-150338.0
-210046.0
-273244.0
-201810.99999999994
-139095.00000000006
-184707.0
-195174.00000000006
-137417.00000000023
-151838.99999999994
-188333.00000000006
-166301.0
-180782.0
-243475.9999999997
-127673.0
-129525.99999999994
-192691.00000000003
-318922.99999999977
-163819.99999999985
-143896.99999999997
-158804.99999999994
-184560.00000000006
-194711.0
-140582.00000000006
-136473.0
-169633.99999999994
-266375.9999999999
-328301.0
-139331.00000000012
-159794.9999999999
-260832.0
-137344.9999999997
-160300.0000000001
-127761.99999999994
-133520.00000000006
-172035.99999999994
-126739.99999999988
-117954.99999999997
-114026.0
-123737.99999999997
-247980.9999999999
-144786.00000000012
-149685.00000000006
-128398.99999999978
-138601.0
-344403.00000000023
-252631.0
-191193.99999999994
-131000.00000000006
-319927.00000000023
-192469.99999999988
-147771.00000000012
-163705.99999999994
-128332.0
-169902.99999999997
-130627.0
-454968.00000000023
-174625.00000000006
-149476.00000000006
-115640.99999999996
-257076.99999999988
-132921.99999999988
-126189.00000000007
-119989.00000000001
-124308.0
-263631.99999999953
-155039.0
-206886.99999999994
-112087.00000000003
-137153.99999999994
-241457.00000000006
-171857.99999999997
-193166.9999999999
-189832.0
-147236.0
-147902.99999999997
-133397.00000000017
-149345.99999999997
-126712.99999999997
-455426.99999999965
-121008.99999999999
-134953.00000000006
-142256.99999999988
-348360.0
-160079.00000000006
-114060.00000000003
-126143.99999999997
-135213.99999999994
-129639.00000000006
-139457.0
-130847.00000000012
-141598.00000000006
-133557.99999999997
-143087.0
-474118.99999999965
-412131.0000000001
-169478.0000000001
-133695.00000000017
-125265.0
-437280.0
-119510.0
-161854.0
-118460.00000000003
-358096.0
-138202.99999999994
-135308.99999999988
-226188.00000000003
-230994.0
-127071.0
-205419.00000000003
-160806.00000000006
-695194.0
-143914.00000000012
-139812.00000000006
-582975.9999999993
-145067.99999999983
-183841.0
-124813.00000000001
-276795.0
-267319.0
-100982.99999999994
-181675.0
-249191.99999999965
-246708.00000000006
-405182.00000000023
-267969.9999999994
-108157.00000000003
-226679.0
-111398.99999999999
-112979.99999999994
-113064.00000000003
-150555.0
-283462.0000000003
-133066.99999999988
-186915.9999999998
-498941.0
-407230.0000000001
-142128.0000000002
-128133.00000000003
-134291.9999999997
-137140.99999999994
-261910.99999999994
-226151.00000000003
-225069.99999999977
-135247.00000000017
-490300.00000000035
-141783.00000000006
-116546.00000000003
-332729.0000000001
-292569.99999999924
-115054.0
-221419.99999999994
-1061035.9999999988
-129619.0
-146436.0
-301178.0000000007
-158503.00000000015
-296843.9999999999
-159198.00000000006
-116019.99999999997
-306843.99999999977
-678664.0
-170665.99999999988
-102639.0
-166542.99999999994
-142355.00000000006
-157299.99999999997
-363630.99999999977
-189034.00000000006
-124965.0
-113593.99999999997
-152999.00000000006
-801121.9999999991
-549723.9999999993
-363597.0
-134183.00000000015
-388920.0000000002
-144437.0
-177333.00000000006
-453844.99999999977
-454555.99999999965
-293176.0000000002
-1353154.9999999995
-688462.0000000002
-684243.0
-287735.00000000023
-306689.99999999907
-183128.00000000006
-1359672.0000000014
-137346.0000000002
-446017.9999999997
-1080009.9999999988
-546007.0
-395657.99999999953
-717463.9999999994
-321571.99999999977
-667606.0000000006
-719074.9999999999
-341085.0000000001
-502948.9999999981
-1062085.0000000005
-194320.0
-1010615.0000000005
-1526645.0
-953653.9999999995
-2189269.0
-725112.0
-2414638.999999998
-4323454.000000002
-2200057.999999998
-4478291.000000004
-2735145.0000000023
-455396.0
-860688.0
-926188.0000000007
-917011.000000001
-292401.0000000001
-1085493.000000001
-436310.9999999995
-1359897.999999999
-1169963.9999999986
-652746.9999999995
-1208329.0000000007
-1141661.0000000005
-1240859.9999999986
-1119487.0000000005
-1945321.0
-867702.0000000001
-1358752.0000000005
-1927083.9999999963
-418276.0000000006
-337777.0
-1030298.0000000013
-1940435.0000000014
-907858.0000000005
-518770.0000000005
-860191.0000000006
-743288.0000000008
-733009.9999999999
-992511.0
-1140245.999999999
-1346089.0
-776205.9999999995
-1550688.0000000028
-1352811.9999999995
-1427702.9999999998
-1105090.9999999995
-1991980.0000000014
-2265217.000000001
-1110048.9999999998
-1180897.000000001
-776100.0000000012
-1826812.9999999995
-780535.0000000001
-816519.0
-1332392.9999999998
-1008056.9999999995
-1953822.0000000058
-2124951.999999999
-1949641.0000000014
-2073109.9999999986
-1846198.0000000019
-1126265.0000000005
-1368975.999999999
-1584563.0
-1850966.9999999995
-852247.0000000002
-1156422.999999999
-1370928.0000000005
-1332130.9999999981
-2492478.9999999986
-1173765.0
