-25549.0
-23081.0
-34052.0
-24776.0
-23767.0
-30224.0
-28647.0
-23848.0
-24761.0
-29834.0
-39514.0
-38440.0
-27189.0
-24263.0
-22227.0
-30551.0
-32195.0
-28454.0
-33609.0
-32072.0
-22156.0
-27272.0
-35133.0
-21615.0
-33427.0
-22309.0
-25817.0
-29213.0
-38576.0
-41190.0
-21354.0
-27166.0
-32566.0
-32745.0
-31166.0
-22596.0
-29588.0
-46382.0
-20995.0
-47008.0
-29705.0
-17025.0
-35609.0
-30219.0
-41734.0
-29689.0
-26056.0
-27225.0
-32252.0
-23465.0
-21669.0
-26029.0
-18055.0
-24159.0
-26368.0
-20097.0
-27581.0
-26823.0
-28829.0
-31073.0
-27988.0
-27641.0
-31437.0
-25293.0
-28224.0
-22653.0
-27569.0
-24544.0
-26368.0
-27023.0
-26533.0
-28393.0
-22870.0
-29383.0
-37761.0
-29722.0
-24868.0
-29123.0
-24400.0
-26509.0
-64223.0
-23595.0
-29732.0
-31601.0
-21112.0
-29355.0
-15547.0
-31068.0
-32337.0
-35745.0
-40351.0
-23261.0
-23840.0
-23459.0
-46570.0
-20449.0
-22617.0
-31329.0
-40072.0
-24659.0
-25129.0
-34640.0
-56974.0
-28222.0
-28665.0
-30765.0
-30318.0
-31417.0
-28397.0
-30727.0
-28293.0
-28580.0
-24216.0
-28555.0
-22571.0
-31443.0
-16435.0
-33956.0
-23691.0
-21162.0
-23866.0
-17777.0
-27116.0
-34240.0
-20060.0
-29420.0
-19506.0
-53149.0
-40679.0
-33326.0
-30352.0
-49565.0
-28381.0
-34996.0
-41740.0
-23161.0
-17844.0
-27194.0
-17001.0
-28342.0
-45689.0
-30015.0
-31318.0
-20553.0
-38493.0
-27603.0
-33006.0
-20274.0
-25265.0
-37038.0
-27662.0
-26323.0
-27778.0
-20101.0
-28693.0
-21192.0
-25843.0
-23656.0
-29139.0
-24684.0
-27783.0
-24605.0
-34139.0
-50494.0
-23638.0
-21397.0
-29143.0
-28007.0
-18803.0
-31815.0
-28316.0
-26882.0
-30406.0
-28458.0
-29690.0
-21934.0
-21359.0
-17988.0
-24214.0
-22140.0
-38698.0
-25861.0
-18166.0
-15607.0
-19712.0
-19804.0
-20144.0
-24904.0
-20359.0
-20669.0
-28721.0
-22454.0
-26735.0
-20055.0
-19514.0
-22941.0
-25032.0
-19158.0
-19692.0
-20593.0
-21245.0
-22687.0
-17457.0
-15802.0
-22845.0
-20383.0
-16616.0
-15028.0
-13687.0
-17868.0
-17225.0
-15123.0
-16541.0
-20238.0
-21361.0
-16723.0
-20537.0
-15349.0
-18668.0
-19166.0
-18167.0
-19603.0
-17958.0
-16860.0
-22945.0
-14995.0
-21288.0
-16930.0
-16700.0
-18587.0
-17038.0
-16468.0
-17365.0
-17882.0
-13091.0
-16840.0
-16755.0
-19529.0
-15236.0
-21287.0
-14730.0
-20047.0
-23198.0
-14102.0
-14365.0
-16978.0
-13379.0
-17983.0
-20426.0
-15075.0
-12445.0
-15854.0
-16085.0
-14440.0
-13198.0
-13018.0
-20325.0
-17198.0
-20192.0
-16757.0
-21312.0
-19505.0
-17534.0
-14836.0
-13865.0
-14221.0
-15709.0
-14287.0
-21037.0
-12382.0
-16328.0
-16782.0
-16739.0
-16614.0
-18812.0
-15161.0
-15118.0
-12999.0
-13170.0
-13946.0
-14270.0
-21363.0
-20094.0
-24899.0
-31405.0
-19022.0
-20541.0
-15840.0
-14155.0
-15230.0
-15453.0
-17120.0
-15229.0
-12284.0
-20722.0
-30424.0
-19986.0
-24114.0
-20361.0
-22613.0
-25035.0
-20745.0
-23419.0
-21002.0
-16123.0
-13698.0
-27325.0
-17769.0
-18715.0
-17256.0
-14308.0
-21132.0
-18665.0
-18029.0
-16236.0
-13418.0
-15548.0
-13965.0
-14626.0
-18395.0
-16062.0
-16434.0
-20450.0
-19255.0
-16663.0
-18225.0
-18133.0
-18017.0
-17741.0
-14664.0
-15553.0
-13693.0
-13717.0
-14390.0
-11908.0
-15134.0
-13855.0
-16210.0
-16599.0
-17566.0
-19352.0
-18083.0
-22028.0
-16220.0
-17510.0
-16193.0
-14643.0
-16577.0
-16694.0
-20404.0
-14629.0
-20201.0
-15385.0
-19057.0
-19109.0
-18004.0
-16396.0
-19512.0
-26000.0
-17490.0
-21584.0
-18050.0
-17448.0
-17354.0
-16506.0
-19641.0
-17386.0
-16230.0
-18163.0
-18621.0
-14914.0
-16097.0
-21302.0
-16235.0
-17345.0
-14331.0
-16896.0
-16315.0
-14627.0
-17153.0
-14070.0
-13750.0
-10959.0
-16247.0
-14634.0
-14643.0
-16827.0
-14020.0
-16790.0
-14766.0
-16584.0
-15692.0
-15221.0
-14558.0
-13490.0
-13875.0
-13592.0
-11721.0
-11567.0
-12876.0
-12594.0
-13170.0
-12339.0
-12378.0
-13341.0
-13238.0
-13102.0
-12633.0
-13432.0
-10346.0
-10385.0
-14971.0
-14088.0
-11138.0
-18332.0
-14647.0
-17939.0
-19722.0
-17949.0
-17755.0
-15135.0
-11765.0
-13608.0
-17722.0
-16346.0
-16762.0
-19179.0
-16980.0
-18047.0
-12730.0
-15493.0
-12624.0
-16974.0
-15332.0
-13837.0
-14776.0
-13798.0
-14177.0
-13306.0
-14358.0
-12048.0
-10979.0
-10860.0
-10679.0
-8873.0
-11735.0
-11308.0
-14019.0
-12747.0
-13144.0
-15426.0
-12506.0
-11481.0
-11868.0
-11340.0
-14653.0
-12749.0
-15361.0
-16279.0
-17141.0
-11670.0
-19647.0
-11777.0
-14728.0
-12388.0
-11683.0
-11245.0
-12460.0
-12382.0
-11477.0
-11066.0
-10187.0
-10015.0
-11844.0
-10018.0
-9733.0
-14781.0
-10314.0
-10032.0
-10571.0
-10664.0
-11142.0
-11112.0
-8783.0
-9391.0
-9009.0
-10888.0
-8657.0
-10269.0
-9760.0
-11604.0
-9474.0
-9985.0
-9613.0
-12051.0
-8823.0
-8084.0
-7085.0
-9470.0
-8617.0
-8195.0
-9563.0
-10271.0
-9475.0
-11016.0
-10298.0
-10493.0
-12949.0
-13583.0
-11901.0
-12420.0
-14172.0
-15609.0
-14847.0
-16555.0
-12286.0
-10522.0
-11198.0
-10330.0
-13903.0
-12914.0
-10544.0
-11580.0
-12415.0
-10245.0
-12051.0
-8929.0
-10705.0
-9106.0
-9882.0
-9463.0
-7982.0
-8640.0
-7167.0
-8310.0
-10227.0
-9383.0
-11911.0
-9519.0
-11011.0
-12156.0
-11030.0
-10663.0
-9828.0
-10409.0
-9956.0
-10308.0
-11275.0
-8129.0
-9373.0
-6992.0
-6850.0
-7115.0
-9086.0
-8650.0
-7653.0
-8565.0
-9640.0
-7669.0
-8038.0
-8151.0
-8290.0
-6616.0
-10525.0
-7309.0
-8929.0
-6786.0
-5857.0
-7380.0
-7116.0
-7356.0
-8381.0
-6485.0
-6696.0
-6851.0
-7071.0
-7631.0
-7918.0
-6996.0
-7524.0
-6779.0
-7582.0
-7464.0
-7404.0
-7990.0
-7873.0
-7699.0
-7418.0
-7318.0
-9654.0
-9512.0
-8291.0
-6619.0
-6680.0
-6266.0
-7237.0
-6935.0
-8499.0
-7283.0
-8413.0
-5871.0
-8397.0
-8588.0
-6361.0
-7312.0
-8774.0
-9160.0
-7458.0
-5594.0
-6110.0
-7042.0
-6529.0
-6009.0
-7281.0
-7702.0
-5961.0
-7840.0
-7024.0
-7585.0
-6460.0
-8249.0
-6877.0
-6477.0
-6733.0
-6633.0
-7031.0
-7406.0
-6222.0
-6511.0
-8058.0
-6138.0
-8432.0
-6417.0
-8252.0
-6756.0
-8194.0
-7256.0
-6954.0
-7310.0
-7092.0
-6028.0
-7472.0
-7004.0
-5486.0
-5670.0
-8104.0
-5990.0
-6499.0
-7208.0
-6210.0
-6488.0
-8319.0
-7027.0
-7131.0
-6482.0
-6963.0
-6575.0
-6568.0
-6938.0
-6801.0
-6388.0
-6450.0
-6044.0
-6980.0
-6020.0
-7335.0
-6815.0
-6530.0
-5302.0
-5866.0
-6118.0
-7424.0
-5619.0
-6452.0
-4883.0
-7020.0
-6215.0
-5989.0
-5529.0
-5916.0
-6239.0
-5775.0
-5630.0
-5696.0
-7247.0
-5619.0
-5422.0
-4893.0
-6163.0
-5716.0
-5825.0
-6122.0
-5276.0
-5401.0
-5466.0
-6038.0
-7014.0
-6504.0
-6082.0
-5624.0
-4999.0
-6283.0
-5646.0
-5636.0
-4926.0
-5519.0
-7031.0
-6286.0
-5875.0
-6711.0
-6682.0
-7238.0
-6312.0
-6155.0
-6502.0
-5733.0
-6874.0
-5683.0
-8214.0
-7243.0
-5519.0
-5726.0
-5787.0
-5554.0
-5005.0
-5656.0
-5123.0
-4792.0
-6428.0
-5591.0
-5992.0
-6030.0
-5904.0
-6750.0
-6680.0
-4936.0
-4807.0
-5747.0
-6655.0
-5263.0
-6039.0
-6678.0
-5116.0
-6465.0
-5259.0
-5077.0
-6018.0
-5314.0
-5763.0
-6043.0
-5925.0
-5581.0
-6745.0
-6691.0
-7358.0
-5534.0
-6065.0
-5590.0
-4902.0
-5069.0
-4750.0
-4455.0
-5009.0
-6208.0
-5745.0
-6684.0
-4976.0
-5786.0
-6078.0
-6301.0
-6050.0
-4480.0
-5031.0
-5204.0
-6139.0
-4785.0
-5674.0
-5342.0
-5456.0
-4654.0
-5106.0
-5553.0
-4832.0
-4991.0
-4525.0
-5653.0
-6030.0
-4825.0
-4805.0
-4639.0
-4512.0
-4501.0
-4647.0
-4443.0
-5136.0
-4496.0
-5037.0
-4578.0
-5180.0
-4364.0
-4523.0
-5220.0
-4699.0
-5105.0
-5008.0
-4526.0
-7480.0
-4005.0
-5001.0
-4189.0
-4321.0
-5015.0
-4462.0
-4478.0
-4783.0
-4365.0
-4358.0
-4735.0
-4803.0
-5014.0
-4133.0
-5087.0
-4328.0
-4353.0
-4468.0
-4383.0
-4290.0
-4314.0
-4189.0
-4317.0
-4049.0
-4198.0
-4354.0
-4166.0
-4753.0
-4067.0
-4050.0
-4526.0
-4113.0
-4113.0
-4668.0
-4542.0
-4991.0
-4146.0
-4928.0
-5447.0
-4261.0
-5291.0
-4472.0
-4646.0
-4164.0
-3959.0
-4507.0
-4019.0
-4185.0
-4507.0
-4056.0
-4550.0
-4285.0
-5177.0
-5382.0
-4076.0
-4329.0
-5389.0
-4378.0
-4850.0
-4537.0
-5531.0
-5059.0
-4635.0
-4134.0
-4810.0
-4391.0
-4117.0
-4076.0
-4666.0
-3974.0
-3286.0
-4701.0
-4011.0
-3886.0
-4094.0
-4473.0
-3992.0
-4169.0
-4457.0
-4460.0
-4372.0
-4681.0
-4524.0
-4433.0
-4047.0
-4543.0
-4621.0
-4384.0
-4519.0
-3990.0
-4832.0
-4533.0
-4947.0
-3860.0
-3559.0
-3468.0
-3227.0
-3585.0
-4178.0
-4289.0
-4015.0
-3801.0
-3728.0
-4740.0
-4190.0
-3586.0
-3812.0
-4091.0
-4152.0
-4185.0
-3497.0
-3879.0
-3940.0
-3818.0
-3372.0
-3483.0
-3397.0
-4096.0
-4050.0
-3586.0
-3546.0
-3740.0
-4294.0
-3983.0
-3693.0
-4217.0
-3558.0
-3687.0
-4331.0
-3293.0
-3864.0
-3785.0
-3589.0
-4304.0
-3500.0
-4348.0
-3587.0
-3067.0
-3596.0
-3191.0
-3954.0
-3724.0
-3825.0
-3581.0
-3674.0
-3764.0
-3797.0
-3521.0
-3361.0
-3930.0
-3704.0
-3196.0
-3228.0
-3423.0
-3275.0
-3789.0
-4147.0
-3938.0
-3938.0
-3892.0
-3815.0
-3714.0
-3178.0
-3395.0
-3473.0
-3217.0
-3487.0
-3382.0
-3789.0
-3495.0
-3565.0
-3585.0
-3364.0
-3413.0
-3133.0
-3602.0
-3212.0
-3873.0
-3591.0
-3388.0
-3467.0
-3073.0
-3553.0
-3386.0
-3163.0
-3580.0
-3445.0
-3266.0
-3650.0
-3338.0
-3836.0
-3298.0
-3207.0
