7.010925925925926
6.588148148148148
9.390925925925925
6.66962962962963
6.62037037037037
8.181851851851851
7.888148148148148
6.918703703703704
6.832962962962963
8.176481481481481
10.646666666666667
9.918333333333333
7.128703703703704
7.011111111111111
6.52
8.207222222222223
8.697777777777778
8.030185185185186
8.778333333333334
8.316481481481482
6.329259259259259
7.33462962962963
9.777407407407408
6.234074074074074
8.762962962962963
6.457592592592593
6.939444444444445
7.860740740740741
9.946296296296296
10.587222222222222
5.982407407407408
7.362592592592593
8.405740740740741
8.46351851851852
8.421481481481482
7.116481481481482
8.251481481481482
11.41851851851852
6.055370370370371
12.82037037037037
7.933888888888889
5.012037037037037
9.071851851851852
7.886111111111111
10.727777777777778
7.9238888888888885
7.292407407407407
7.536481481481482
8.49388888888889
6.58962962962963
6.299444444444444
7.08037037037037
5.384814814814815
6.655555555555556
7.917777777777777
5.704074074074074
8.065185185185186
7.514814814814815
8.03462962962963
8.456666666666667
8.135
7.6194444444444445
8.237037037037037
6.7625925925925925
7.322777777777778
6.229814814814815
7.74574074074074
6.658703703703703
7.2011111111111115
7.309814814814815
7.353518518518518
7.603148148148148
6.430370370370371
8.051296296296297
9.65537037037037
7.835740740740741
6.7085185185185185
7.67037037037037
6.847037037037037
7.131111111111111
15.858333333333333
6.387407407407407
8.011296296296296
8.312037037037037
6.076481481481482
8.563518518518519
5.229814814814815
8.376481481481482
8.283518518518518
9.189074074074075
10.246666666666666
6.531666666666666
6.798333333333333
6.798333333333333
11.356481481481481
5.842222222222222
6.399629629629629
8.615370370370371
10.78888888888889
6.628703703703704
6.874259259259259
9.42925925925926
14.369444444444444
7.585740740740741
7.526851851851852
8.499444444444444
7.884444444444444
8.324074074074074
7.58037037037037
8.735740740740741
7.761481481481481
7.587962962962963
6.917222222222223
7.69537037037037
6.898703703703704
8.250370370370371
5.084074074074074
8.780555555555555
6.534074074074074
6.059074074074074
6.605
5.262222222222222
7.571666666666666
8.754444444444445
5.684814814814815
7.801111111111111
5.455925925925926
12.932037037037038
10.717222222222222
8.653148148148148
7.834444444444444
13.033333333333333
7.664259259259259
8.917592592592593
10.076296296296297
6.58537037037037
5.269259259259259
7.226481481481481
5.196666666666666
7.686296296296296
11.810925925925925
7.956111111111111
8.13351851851852
6.011481481481481
9.893148148148148
7.455925925925926
8.258148148148148
5.782407407407407
7.020555555555555
9.397777777777778
7.246111111111111
7.195
7.1957407407407405
5.6903703703703705
7.548148148148148
6.111666666666666
6.832777777777777
6.283888888888889
7.609814814814815
6.708148148148148
7.532037037037037
6.7411111111111115
8.457037037037036
12.21574074074074
6.558703703703704
6.007592592592593
7.910555555555556
7.230740740740741
5.651666666666666
8.20888888888889
7.395185185185185
7.230370370370371
7.9
7.958148148148148
7.606851851851852
6.092037037037037
6.075555555555556
5.977777777777778
7.437777777777778
6.069444444444445
10.38351851851852
7.222777777777778
5.272407407407408
5.215185185185185
5.946481481481482
5.825185185185185
5.880925925925926
6.879074074074074
5.971481481481481
5.839074074074074
7.537407407407407
6.343703703703704
7.190555555555555
5.88462962962963
5.637037037037037
6.430185185185185
7.082407407407407
5.815185185185185
5.906296296296296
5.816666666666666
5.89
6.247592592592593
5.123518518518519
4.760555555555555
7.007037037037037
6.0596296296296295
5.475
4.762037037037037
4.493518518518519
5.183148148148148
5.25462962962963
4.74037037037037
4.939074074074074
5.958703703703704
6.238888888888889
5.140555555555555
6.022407407407408
4.6664814814814815
5.369074074074074
5.558703703703704
5.318518518518519
5.6809259259259255
5.513333333333334
5.133518518518518
6.966851851851852
4.673703703703704
6.437962962962963
5.2935185185185185
5.173148148148148
5.569629629629629
5.218148148148148
5.147407407407408
5.029259259259259
5.358333333333333
4.119074074074074
5.24574074074074
5.175185185185185
5.792777777777777
4.789444444444444
6.571111111111111
4.767407407407408
5.875555555555556
6.434444444444445
4.625
4.867407407407407
5.132407407407407
4.457407407407407
5.429074074074074
6.110740740740741
4.777037037037037
4.287592592592593
4.8368518518518515
5.015
4.881481481481481
4.351481481481481
4.467962962962963
6.585555555555556
5.023703703703704
6.0125925925925925
5.183518518518518
6.08037037037037
5.882037037037037
5.304074074074074
4.546296296296297
4.583148148148148
4.477962962962963
4.912407407407407
4.5868518518518515
6.105925925925926
4.081296296296296
5.084444444444444
5.429814814814815
5.014814814814815
4.852407407407408
5.372222222222222
4.619259259259259
4.908703703703703
4.224259259259259
4.242592592592593
4.7501851851851855
5.048148148148148
5.977037037037037
5.606851851851852
6.936481481481482
8.360555555555555
5.708148148148148
6.045740740740741
4.780925925925926
4.811481481481482
4.728148148148148
4.831666666666667
5.3005555555555555
4.624074074074074
3.9674074074074075
5.787592592592593
8.155925925925926
5.797777777777778
6.421481481481481
6.033518518518519
6.233518518518519
6.697037037037037
5.813888888888889
6.46537037037037
5.815185185185185
4.985740740740741
4.340185185185185
8.276851851851852
5.226851851851852
5.628148148148148
5.087407407407407
4.447222222222222
5.818888888888889
5.709444444444444
5.408333333333333
5.0092592592592595
4.795
5.062962962962963
4.4531481481481485
4.6812962962962965
5.388333333333334
4.96
5.005185185185185
6.006481481481481
6.0468518518518515
5.090740740740741
5.3133333333333335
5.408333333333333
5.482037037037037
5.3
4.622407407407407
4.683148148148148
4.437592592592592
4.117407407407407
4.545185185185185
4.0942592592592595
4.639444444444444
4.553888888888889
5.077407407407407
5.00462962962963
5.155555555555556
5.891666666666667
5.4040740740740745
6.396111111111111
5.6866666666666665
5.278148148148148
5.0616666666666665
4.66537037037037
5.46537037037037
5.176296296296297
5.992592592592593
4.682037037037037
6.122777777777777
4.927777777777778
5.754814814814814
5.946111111111111
5.342592592592593
5.184074074074074
5.953333333333333
7.277037037037037
5.183888888888889
6.472037037037037
5.390185185185185
5.096666666666667
5.312222222222222
5.403888888888889
5.955925925925926
5.198703703703703
5.101111111111111
5.75537037037037
6.4164814814814815
4.765370370370371
4.9037037037037035
6.313888888888889
5.076851851851852
5.252592592592593
4.607592592592592
5.338148148148148
5.69537037037037
4.726111111111111
5.675925925925926
4.553518518518518
4.602407407407408
3.7905555555555557
4.953888888888889
4.937592592592592
4.650925925925926
5.1631481481481485
4.498703703703704
5.33
4.567962962962963
5.08
4.953333333333333
4.697222222222222
4.608518518518519
4.506851851851851
4.900185185185185
4.493148148148149
4.102777777777778
4.184814814814815
4.258703703703704
4.133148148148148
4.243888888888889
4.191666666666666
4.362037037037037
4.635925925925926
4.397777777777778
4.269259259259259
4.201481481481482
4.679814814814815
3.563148148148148
3.8687037037037038
5.080925925925926
4.508518518518518
4.0707407407407405
5.366851851851852
4.676481481481481
5.217592592592593
5.66574074074074
5.043703703703704
5.691111111111111
4.9057407407407405
4.116296296296296
5.383333333333334
5.182222222222222
4.808888888888889
4.993148148148149
5.902037037037037
5.200555555555556
5.41574074074074
4.263703703703704
5.25425925925926
4.201296296296296
5.4457407407407405
4.690925925925926
4.222962962962963
4.630185185185185
4.517592592592592
4.625
4.341111111111111
4.736481481481482
4.007777777777778
4.2427777777777775
3.6744444444444446
3.792962962962963
3.2983333333333333
3.955740740740741
3.788148148148148
4.536851851851852
4.092037037037037
4.045740740740741
4.859629629629629
4.1087037037037035
4.034814814814815
3.9992592592592593
3.8644444444444446
4.601481481481481
4.441481481481482
4.845
5.100370370370371
5.201481481481482
3.887777777777778
6.055555555555555
3.912037037037037
4.638703703703704
4.293148148148148
4.132037037037037
3.918148148148148
4.149444444444445
4.120185185185186
4.087777777777778
3.921851851851852
3.98
3.8775925925925927
4.012777777777778
3.5387037037037037
3.4275925925925925
4.697777777777778
3.5562962962962965
3.6674074074074072
3.798703703703704
3.7185185185185183
3.96
3.7403703703703703
3.3903703703703703
3.4794444444444443
3.3722222222222222
3.919259259259259
3.477777777777778
3.6044444444444443
3.5477777777777777
3.9266666666666667
3.39537037037037
3.6077777777777778
3.4633333333333334
4.0542592592592595
3.2822222222222224
3.0683333333333334
3.028703703703704
3.3425925925925926
3.197962962962963
3.2042592592592594
3.466851851851852
3.6725925925925926
3.467037037037037
3.9633333333333334
3.7537037037037035
3.813888888888889
4.288518518518519
4.332962962962963
4.0488888888888885
4.072222222222222
4.514814814814815
4.888888888888889
4.829074074074074
5.034814814814815
4.116666666666666
3.7525925925925927
4.12
3.7042592592592594
4.51
4.097962962962963
3.7564814814814813
4.125925925925926
4.215185185185185
3.6707407407407406
4.014444444444444
3.3651851851851853
3.859074074074074
3.317037037037037
3.612962962962963
3.4885185185185184
3.2862962962962965
3.386296296296296
2.8112962962962964
3.2174074074074075
3.6812962962962965
3.8812962962962962
4.066111111111111
3.719259259259259
3.983888888888889
3.990925925925926
3.836851851851852
3.762777777777778
3.4185185185185185
3.584074074074074
3.9803703703703706
3.635
3.7488888888888887
3.2374074074074075
3.4138888888888888
2.91537037037037
2.887777777777778
2.8359259259259257
3.432037037037037
3.256851851851852
3.1548148148148147
3.2255555555555557
3.595
3.006851851851852
3.032037037037037
3.2614814814814816
3.3246296296296296
2.8444444444444446
3.7937037037037036
2.936851851851852
3.2085185185185185
2.904259259259259
2.921851851851852
2.8583333333333334
3.1996296296296296
2.8275925925925924
3.1277777777777778
2.82
2.8385185185185184
2.9522222222222223
2.9835185185185185
2.8746296296296294
3.1835185185185186
2.88
3.2262962962962964
2.8233333333333333
3.113148148148148
3.051111111111111
3.0927777777777776
3.2468518518518517
3.1837037037037037
3.2020370370370372
2.875
3.0275925925925926
3.608888888888889
3.431111111111111
3.2225925925925925
2.8775925925925927
2.6375925925925925
2.715
2.906851851851852
2.895
3.1905555555555556
3.0385185185185186
3.2516666666666665
2.537962962962963
3.2801851851851853
3.286111111111111
3.1824074074074074
2.962037037037037
3.307037037037037
3.3692592592592594
3.0933333333333333
2.5644444444444443
2.739259259259259
3.31
2.6685185185185185
2.7222222222222223
2.879259259259259
3.347962962962963
2.6964814814814817
3.1285185185185185
2.8903703703703703
3.0437037037037036
2.722962962962963
3.1507407407407406
2.8925925925925924
2.847777777777778
2.735
2.877407407407407
3.252962962962963
3.033148148148148
2.845
2.8312962962962964
3.2777777777777777
2.8316666666666666
3.477037037037037
2.7737037037037036
3.319074074074074
2.862222222222222
3.217962962962963
2.923703703703704
3.011851851851852
3.037777777777778
3.007962962962963
2.6507407407407406
3.013333333333333
3.1994444444444445
2.5392592592592593
2.647037037037037
3.0768518518518517
2.9251851851851853
2.9974074074074073
2.8766666666666665
2.7531481481481483
2.897962962962963
3.167222222222222
2.9898148148148147
2.889074074074074
2.7803703703703704
3.0342592592592594
2.6944444444444446
2.7496296296296294
3.06037037037037
3.115925925925926
2.830925925925926
2.7511111111111113
2.6933333333333334
2.86
2.675925925925926
3.0716666666666668
2.9444444444444446
2.8092592592592593
2.829074074074074
2.667962962962963
2.7116666666666664
3.210185185185185
2.469074074074074
2.832222222222222
2.561111111111111
3.0746296296296296
2.930740740740741
2.6375925925925925
2.6792592592592595
2.9244444444444446
2.802962962962963
2.5996296296296295
2.4924074074074074
2.825925925925926
3.1192592592592594
2.5681481481481483
2.4675925925925926
2.4244444444444446
2.750185185185185
2.798703703703704
2.6666666666666665
2.6909259259259257
2.3496296296296295
2.5188888888888887
2.682777777777778
2.745925925925926
3.1418518518518517
2.8055555555555554
2.698703703703704
2.6148148148148147
2.3583333333333334
2.6531481481481483
2.602592592592593
2.655
2.4231481481481483
2.9437037037037035
2.9085185185185187
2.8175925925925926
2.6124074074074075
2.850185185185185
3.0424074074074072
2.9140740740740743
2.6642592592592593
2.7912962962962964
3.050925925925926
2.8775925925925927
2.9346296296296295
2.7216666666666667
3.0103703703703704
3.0664814814814814
2.640740740740741
2.5485185185185184
2.5894444444444447
2.548703703703704
2.524259259259259
2.797037037037037
2.547037037037037
2.3875925925925925
2.884259259259259
2.525925925925926
2.7075925925925928
2.6192592592592594
2.68
2.8848148148148147
2.874814814814815
2.3781481481481483
2.45
2.8090740740740743
2.8746296296296294
2.4837037037037035
2.6416666666666666
2.7525925925925927
2.5722222222222224
2.8074074074074074
2.506666666666667
2.3955555555555557
2.7944444444444443
2.6596296296296296
2.532037037037037
2.6731481481481483
2.571296296296296
2.4985185185185186
2.8664814814814816
2.844074074074074
3.108888888888889
2.714074074074074
2.745
2.660185185185185
2.4877777777777776
2.395
2.3777777777777778
2.253888888888889
2.4337037037037037
2.7266666666666666
2.6277777777777778
2.9094444444444445
2.4496296296296296
2.9674074074074075
2.6185185185185187
2.732962962962963
2.7337037037037035
2.298703703703704
2.397222222222222
2.5387037037037037
2.745185185185185
2.287037037037037
2.637037037037037
2.466851851851852
2.5975925925925925
2.4316666666666666
2.4340740740740743
2.6442592592592593
2.296111111111111
2.381851851851852
2.336851851851852
2.5064814814814813
2.737037037037037
2.328148148148148
2.341666666666667
2.354814814814815
2.3644444444444446
2.488888888888889
2.4694444444444446
2.370925925925926
2.611666666666667
2.2983333333333333
2.5770370370370372
2.5883333333333334
2.5374074074074073
2.3116666666666665
2.473888888888889
2.5007407407407407
2.4451851851851854
2.4494444444444445
2.4235185185185184
2.3887037037037038
2.9625925925925927
2.1838888888888888
2.4862962962962962
2.2222222222222223
2.441666666666667
2.5055555555555555
2.3335185185185185
2.272037037037037
2.5314814814814817
2.322037037037037
2.156851851851852
2.3183333333333334
2.3894444444444445
2.4522222222222223
2.1127777777777776
2.4325925925925924
2.2496296296296294
2.160925925925926
2.3964814814814814
2.604074074074074
2.2307407407407407
2.194074074074074
2.622962962962963
2.2462962962962965
2.1548148148148147
2.2203703703703703
2.356851851851852
2.281111111111111
2.3027777777777776
2.183333333333333
2.178703703703704
2.324074074074074
2.1866666666666665
2.317222222222222
2.773888888888889
2.4266666666666667
2.6053703703703706
2.3187037037037035
2.3444444444444446
2.5062962962962962
2.2437037037037038
2.797222222222222
2.261851851851852
2.5687037037037035
2.185
2.2172222222222224
2.4522222222222223
2.1555555555555554
2.0294444444444446
2.3177777777777777
2.3361111111111112
2.3561111111111113
2.338888888888889
2.297037037037037
2.5746296296296296
2.222962962962963
2.5744444444444445
2.7531481481481483
2.320925925925926
2.2614814814814816
2.263333333333333
2.7042592592592594
2.3855555555555554
2.3105555555555557
2.2725925925925927
2.4574074074074073
2.357222222222222
2.1966666666666668
2.172037037037037
2.302962962962963
2.470925925925926
1.9303703703703703
2.6335185185185184
2.160925925925926
2.1418518518518517
2.3898148148148146
2.277222222222222
2.3053703703703703
2.2337037037037035
2.1283333333333334
2.271851851851852
2.131111111111111
2.3994444444444443
2.4044444444444446
2.3007407407407405
2.2105555555555556
2.3305555555555557
2.3942592592592593
2.3162962962962963
2.270925925925926
2.0894444444444447
2.448703703703704
2.3612962962962962
2.5842592592592593
2.1433333333333335
2.133888888888889
2.060925925925926
1.971111111111111
2.053148148148148
2.2781481481481483
2.2416666666666667
2.209074074074074
2.211851851851852
2.0196296296296294
2.514074074074074
2.214259259259259
2.0885185185185184
2.397037037037037
2.270185185185185
2.3196296296296297
2.2394444444444446
2.1301851851851854
2.324074074074074
2.363148148148148
1.9187037037037038
2.0155555555555558
2.08462962962963
2.02462962962963
2.301851851851852
2.2957407407407406
2.095925925925926
2.2375925925925926
2.136111111111111
2.216666666666667
2.412962962962963
2.310185185185185
2.3325925925925928
2.026666666666667
2.081111111111111
2.49
1.9857407407407408
2.186111111111111
2.2574074074074075
2.140925925925926
2.3961111111111113
2.1818518518518517
2.3051851851851852
2.035925925925926
1.992962962962963
1.9616666666666667
1.9566666666666668
2.065
2.135740740740741
2.1640740740740743
2.089074074074074
2.120185185185185
2.437037037037037
2.0861111111111112
2.134074074074074
2.1244444444444444
2.517037037037037
2.0903703703703704
1.8946296296296297
2.037037037037037
2.0394444444444444
2.089074074074074
2.2327777777777778
2.189074074074074
2.270185185185185
2.2131481481481483
2.1585185185185187
2.0701851851851854
2.131851851851852
1.873888888888889
1.9757407407407408
2.0642592592592592
1.9401851851851852
2.0062962962962962
2.0842592592592593
2.401111111111111
2.0274074074074075
2.0607407407407408
1.9992592592592593
1.9348148148148148
2.086851851851852
2.3153703703703705
1.917037037037037
1.9237037037037037
2.2194444444444446
2.120740740740741
1.9377777777777778
1.9977777777777779
1.945
2.047222222222222
1.9881481481481482
1.985
2.0875925925925927
2.424074074074074
1.9744444444444444
2.0514814814814817
2.009074074074074
2.505
2.186111111111111
1.9837037037037037
