37859
35576
50711
36016
35750
44182
42596
37361
36898
44153
57492
53559
38495
37860
35208
44319
46968
43363
47403
44909
34178
39607
52798
33664
47320
34871
37473
42448
53710
57171
32305
39758
45391
45703
45476
38429
44558
61660
32699
69230
42843
27065
48988
42585
57930
42789
39379
40697
45867
35584
34017
38234
29078
35940
42756
30802
43552
40580
43387
45666
43929
41145
44480
36518
39543
33641
41827
35957
38886
39473
39709
41057
34724
43477
52139
42313
36226
41420
36974
38508
85635
34492
43261
44885
32813
46243
28241
45233
44731
49621
55332
35271
36711
36711
61325
31548
34558
46523
58260
35795
37121
50918
77595
40963
40645
45897
42576
44950
40934
47173
41912
40975
37353
41555
37253
44552
27454
47415
35284
32719
35667
28416
40887
47274
30698
42126
29462
69833
57873
46727
42306
70380
41387
48155
54412
35561
28454
39023
28062
41506
63779
42963
43921
32462
53423
40262
44594
31225
37911
50748
39129
38853
38857
30728
40760
33003
36897
33933
41093
36224
40673
36402
45668
65965
35417
32441
42717
39046
30519
44328
39934
39044
42660
42974
41077
32897
32808
32280
40164
32775
56071
39003
28471
28162
32111
31456
31757
37147
32246
31531
40702
34256
38829
31777
30440
34723
38245
31402
31894
31410
31806
33737
27667
25707
37838
32722
29565
25715
24265
27989
28375
25598
26671
32177
33690
27759
32521
25199
28993
30017
28720
30677
29772
27721
37621
25238
34765
28585
27935
30076
28178
27796
27158
28935
22243
28327
27946
31281
25863
35484
25744
31728
34746
24975
26284
27715
24070
29317
32998
25796
23153
26119
27081
26360
23498
24127
35562
27128
32468
27991
32834
31763
28642
24550
24749
24181
26527
24769
32972
22039
27456
29321
27080
26203
29010
24944
26507
22811
22910
25651
27260
32276
30277
37457
45147
30824
32647
25817
25982
25532
26091
28623
24970
21424
31253
44042
31308
34676
32581
33661
36164
31395
34913
31402
26923
23437
44695
28225
30392
27472
24015
31422
30831
29205
27050
25893
27340
24047
25279
29097
26784
27028
32435
32653
27490
28692
29205
29603
28620
24961
25289
23963
22234
24544
22109
25053
24591
27418
27025
27840
31815
29182
34539
30708
28502
27333
25193
29513
27952
32360
25283
33063
26610
31076
32109
28850
27994
32148
39296
27993
34949
29107
27522
28686
29181
32162
28073
27546
31079
34649
25733
26480
34095
27415
28364
24881
28826
30755
25521
30650
24589
24853
20469
26751
26663
25115
27881
24293
28782
24667
27432
26748
25365
24886
24337
26461
24263
22155
22598
22997
22319
22917
22635
23555
25034
23748
23054
22688
25271
19241
20891
27437
24346
21982
28981
25253
28175
30595
27236
30732
26491
22228
29070
27984
25968
26963
31871
28083
29245
23024
28373
22687
29407
25331
22804
25003
24395
24975
23442
25577
21642
22911
19842
20482
17811
21361
20456
24499
22097
21847
26242
22187
21788
21596
20868
24848
23984
26163
27542
28088
20994
32700
21125
25049
23183
22313
21158
22407
22249
22074
21178
21492
20939
21669
19109
18509
25368
19204
19804
20513
20080
21384
20198
18308
18789
18210
21164
18780
19464
19158
21204
18335
19482
18702
21893
17724
16569
16355
18050
17269
17303
18721
19832
18722
21402
20270
20595
23158
23398
21864
21990
24380
26400
26077
27188
22230
20264
22248
20003
24354
22129
20285
22280
22762
19822
21678
18172
20839
17912
19510
18838
17746
18286
15181
17374
19879
20959
21957
20084
21513
21551
20719
20319
18460
19354
21494
19629
20244
17482
18435
15743
15594
15314
18533
17587
17036
17418
19413
16237
16373
17612
17953
15360
20486
15859
17326
15683
15778
15435
17278
15269
16890
15228
15328
15942
16111
15523
17191
15552
17422
15246
16811
16476
16701
17533
17192
17291
15525
16349
19488
18528
17402
15539
14243
14661
15697
15633
17229
16408
17559
13705
17713
17745
17185
15995
17858
18194
16704
13848
14792
17874
14410
14700
15548
18079
14561
16894
15608
16436
14704
17014
15620
15378
14769
15538
17566
16379
15363
15289
17700
15291
18776
14978
17923
15456
17377
15788
16264
16404
16243
14314
16272
17277
13712
14294
16615
15796
16186
15534
14867
15649
17103
16145
15601
15014
16385
14550
14848
16526
16826
15287
14856
14544
15444
14450
16587
15900
15170
15277
14407
14643
17335
13333
15294
13830
16603
15826
14243
14468
15792
15136
14038
13459
15260
16844
13868
13325
13092
14851
15113
14400
14531
12688
13602
14487
14828
16966
15150
14573
14120
12735
14327
14054
14337
13085
15896
15706
15215
14107
15391
16429
15736
14387
15073
16475
15539
15847
14697
16256
16559
14260
13762
13983
13763
13631
15104
13754
12893
15575
13640
14621
14144
14472
15578
15524
12842
13230
15169
15523
13412
14265
14864
13890
15160
13536
12936
15090
14362
13673
14435
13885
13492
15479
15358
16788
14656
14823
14365
13434
12933
12840
12171
13142
14724
14190
15711
13228
16024
14140
14758
14762
12413
12945
13709
14824
12350
14240
13321
14027
13131
13144
14279
12399
12862
12619
13535
14780
12572
12645
12716
12768
13440
13335
12803
14103
12411
13916
13977
13702
12483
13359
13504
13204
13227
13087
12899
15998
11793
13426
12000
13185
13530
12601
12269
13670
12539
11647
12519
12903
13242
11409
13136
12148
11669
12941
14062
12046
11848
14164
12130
11636
11990
12727
12318
12435
11790
11765
12550
11808
12513
14979
13104
14069
12521
12660
13534
12116
15105
12214
13871
11799
11973
13242
11640
10959
12516
12615
12723
12630
12404
13903
12004
13902
14867
12533
12212
12222
14603
12882
12477
12272
13270
12729
11862
11729
12436
13343
10424
14221
11669
11566
12905
12297
12449
12062
11493
12268
11508
12957
12984
12424
11937
12585
12929
12508
12263
11283
13223
12751
13955
11574
11523
11129
10644
11087
12302
12105
11929
11944
10906
13576
11957
11278
12944
12259
12526
12093
11503
12550
12761
10361
10884
11257
10933
12430
12397
11318
12083
11535
11970
13030
12475
12596
10944
11238
13446
10723
11805
12190
11561
12939
11782
12448
10994
10762
10593
10566
11151
11533
11686
11281
11449
13160
11265
11524
11472
13592
11288
10231
11000
11013
11281
12057
11821
12259
11951
11656
11179
11512
10119
10669
11147
10477
10834
11255
12966
10948
11128
10796
10448
11269
12503
10352
10388
11985
11452
10464
10788
10503
11055
10736
10719
11273
13090
10662
11078
10849
13527
11805
10712
