-26363.0
-27816.0
-28046.0
-41680.0
-25106.0
-22419.0
-39454.0
-21258.0
-34939.0
-31790.0
-36850.0
-26816.0
-19714.0
-24974.0
-30561.0
-17483.0
-29369.0
-25270.0
-20205.0
-22571.0
-28196.0
-31720.0
-25629.0
-24661.0
-18763.0
-23929.0
-16785.0
-17303.0
-22526.0
-30408.0
-19810.0
-21347.0
-17791.0
-19565.0
-22972.0
-16363.0
-23773.0
-21382.0
-18294.0
-19826.0
-20869.0
-22912.0
-18103.0
-26537.0
-20562.0
-22869.0
-18753.0
-16520.0
-18286.0
-27848.0
-19956.0
-17406.0
-18012.0
-23096.0
-17718.0
-15989.0
-22843.0
-20571.0
-19543.0
-17093.0
-19151.0
-19423.0
-12837.0
-14414.0
-16223.0
-15170.0
-16432.0
-16358.0
-16910.0
-12926.0
-21072.0
-23181.0
-16695.0
-21196.0
-15912.0
-15396.0
-14817.0
-25003.0
-15292.0
-13847.0
-19573.0
-16913.0
-18280.0
-22114.0
-68917.0
-38796.0
-24626.0
-16463.0
-15869.0
-16463.0
-17213.0
-16523.0
-14089.0
-18304.0
-20271.0
-13706.0
-21923.0
-19478.0
-13493.0
-20419.0
-15511.0
-18738.0
-11809.0
-16703.0
-15149.0
-17962.0
-17241.0
-18996.0
-47963.0
-12481.0
-15291.0
-17245.0
-15295.0
-15471.0
-23237.0
-14901.0
-14680.0
-14363.0
-18905.0
-22120.0
-28722.0
-17859.0
-11814.0
-13188.0
-11025.0
-14338.0
-26156.0
-20786.0
-21676.0
-17897.0
-19337.0
-14425.0
-12379.0
-14580.0
-13146.0
-19390.0
-19498.0
-11754.0
-14813.0
-14136.0
-9782.0
-11150.0
-13549.0
-14839.0
-8793.0
-12315.0
-12188.0
-12548.0
-19128.0
-16830.0
-12048.0
-9891.0
-14083.0
-13766.0
-15985.0
-12152.0
-15114.0
-16165.0
-10999.0
-11013.0
-9547.0
-11199.0
-12420.0
-12387.0
-12683.0
-11812.0
-10895.0
-13280.0
-9766.0
-13450.0
-13195.0
-11488.0
-19692.0
-11160.0
-17542.0
-20996.0
-14392.0
-11781.0
-14254.0
-10694.0
-9266.0
-14319.0
-10484.0
-12700.0
-8981.0
-13236.0
-10583.0
-17104.0
-8367.0
-10401.0
-9860.0
-10593.0
-10347.0
-8718.0
-13951.0
-14845.0
-12512.0
-15899.0
-10281.0
-9657.0
-13594.0
-10787.0
-15591.0
-10483.0
-10864.0
-8546.0
-9458.0
-9078.0
-7931.0
-12253.0
-14746.0
-9920.0
-9511.0
-6806.0
-8746.0
-8662.0
-10057.0
-11123.0
-9922.0
-9904.0
-11561.0
-10072.0
-8285.0
-8900.0
-263336.0
-98934.0
-12757.0
-9669.0
-7973.0
-8353.0
-8423.0
-7937.0
-8075.0
-8880.0
-6843.0
-11045.0
-20240.0
-12677.0
-8349.0
-8813.0
-11699.0
-7263.0
-13592.0
-11875.0
-12834.0
-15949.0
-12977.0
-16140.0
-22096.0
-17107.0
-21107.0
-23635.0
-21961.0
-13947.0
-9332.0
-10506.0
-15109.0
-8738.0
-6092.0
-11404.0
-9444.0
-8063.0
-7360.0
-6336.0
-7709.0
-10338.0
-9118.0
-8905.0
-6688.0
-7120.0
-7702.0
-9332.0
-9300.0
-7378.0
-6691.0
-8721.0
-7120.0
-8382.0
-6070.0
-9085.0
-7220.0
-5722.0
-5465.0
-6111.0
-5723.0
-8923.0
-8166.0
-13966.0
-17914.0
-10033.0
-14304.0
-29509.0
-25177.0
-63653.0
-70430.0
-182694.0
-33963.0
-29246.0
-23987.0
-65389.0
-177781.0
-99854.0
-25806.0
-30753.0
-24952.0
-25247.0
-44951.0
-47819.0
-30060.0
-102524.0
-61825.0
-46261.0
-59720.0
-57957.0
-32612.0
-28991.0
-21715.0
-22949.0
-31543.0
-30081.0
-9082.0
-18583.0
-10229.0
-11948.0
-11601.0
-7875.0
-5197.0
-5763.0
-8119.0
-11769.0
-30594.0
-31828.0
-17217.0
-7624.0
-19296.0
-26304.0
-30706.0
-21722.0
-16694.0
-13293.0
-16883.0
-13971.0
-18049.0
-9625.0
-12703.0
-10994.0
-14699.0
-11373.0
-15394.0
-15739.0
-12481.0
-14018.0
-12225.0
-7704.0
-386190.0
-14937.0
-9489.0
-9166.0
-10024.0
-7624.0
-17489.0
-36705.0
-44377.0
-19212.0
-45271.0
-49366.0
-15515.0
-16513.0
-8606.0
-10387.0
-12616.0
-13627.0
-14150.0
-14631.0
-24289.0
-13975.0
-10691.0
-17462.0
-37274.0
-38607.0
-10758.0
-38406.0
-11485.0
-17439.0
-12841.0
-38658.0
-13339.0
-11614.0
-11678.0
-8838.0
-9398.0
-16289.0
-15713.0
-13759.0
-14647.0
-10056.0
-12095.0
-8150.0
-21968.0
-17131.0
