41190
39389
40773
57229
38050
34080
56275
33062
51870
45046
53056
40457
30307
37075
46392
27998
41705
37138
32718
34287
40255
45607
40884
37108
29842
36770
27218
29826
34346
44109
31866
32188
29176
30911
35866
28690
36146
32120
29831
35792
32906
33783
30033
39364
31266
34051
30518
27013
29464
40059
32057
28172
27834
36140
31327
26444
37250
32094
31509
29162
34030
31277
22853
24634
27372
25973
27353
27227
27895
23263
33157
36564
28444
33211
26182
25378
25047
37429
26951
23466
31655
27296
29355
32145
90712
58563
39762
27464
26932
26224
28093
27242
23777
31236
30799
23121
33442
30954
26467
31810
25917
32697
21233
26769
25875
29845
28381
30132
63581
24515
25620
28944
25750
26141
38344
24840
25671
24018
29510
34028
42524
28222
21419
23707
20828
24561
36484
31581
33796
28544
31637
26196
22376
24805
21893
30315
30418
21692
23176
24389
20658
21599
23843
24794
18156
22769
21931
22177
28890
26821
21662
19289
24109
23195
26750
21201
25482
26005
20090
20989
20824
20279
22425
22440
22093
21744
20200
23167
19274
22898
23821
20942
29490
21119
28471
31441
24230
23176
24972
19277
20008
25929
20658
23391
18871
23566
20406
26714
17512
18944
19328
20527
20698
17712
22765
25086
22892
28467
20559
19034
23324
19632
26209
19510
21815
17334
19399
18544
18411
21720
24634
18691
18531
15293
18647
17962
18548
20593
19210
19405
21324
19602
16874
18696
301941
117581
24069
19151
17852
17518
17915
16963
16112
18337
14774
21076
31200
22572
17199
19287
21122
16787
22132
20489
22861
28088
22487
26013
34579
28010
32053
34411
31569
24953
17640
21004
27138
17174
13835
20792
18390
16952
16898
13664
16580
18390
17320
17233
14933
15245
15962
18790
17865
16215
14423
16948
16420
16615
14106
18327
16843
13935
13170
14214
13161
17836
17457
23530
28138
19064
23005
40361
37043
81480
92872
213434
45439
43820
37276
88100
223573
131493
38061
43820
36110
40521
61935
64424
42659
127325
80770
62497
82826
79047
47364
45705
35088
32864
43707
44232
18681
29164
18364
22027
20678
15130
13584
14352
16287
21551
41107
46562
25336
15364
27968
37874
43346
32849
27834
21898
27049
21824
28354
20170
20696
19646
23342
21395
24580
24619
20436
23080
22226
16140
465864
25939
19227
17743
18878
16802
27836
49178
60123
28854
63753
70006
24862
24368
18786
19997
21374
22049
22876
23469
34577
22133
18641
28146
47268
50220
20173
54883
20500
26083
23926
52409
22806
19512
20735
16502
17249
25632
24469
23279
23977
20122
20916
16577
32534
26438
