7.627777777777778
7.29425925925926
7.5505555555555555
10.597962962962963
7.046296296296297
6.311111111111111
10.421296296296296
6.122592592592593
9.605555555555556
8.341851851851851
9.825185185185186
7.492037037037037
5.6124074074074075
6.8657407407407405
8.591111111111111
5.184814814814815
7.723148148148148
6.877407407407407
6.058888888888889
6.349444444444444
7.45462962962963
8.44574074074074
7.571111111111111
6.871851851851852
5.526296296296296
6.809259259259259
5.04037037037037
5.523333333333333
6.3603703703703705
8.168333333333333
5.901111111111111
5.960740740740741
5.402962962962963
5.724259259259259
6.641851851851852
5.312962962962963
6.6937037037037035
5.948148148148148
5.524259259259259
6.628148148148148
6.093703703703704
6.256111111111111
5.5616666666666665
7.28962962962963
5.79
6.305740740740741
5.651481481481482
5.002407407407407
5.456296296296296
7.418333333333333
5.936481481481482
5.217037037037037
5.154444444444445
6.692592592592592
5.801296296296297
4.897037037037037
6.898148148148148
5.943333333333333
5.835
5.4003703703703705
6.301851851851852
5.792037037037037
4.232037037037037
4.561851851851852
5.068888888888889
4.809814814814815
5.0653703703703705
5.042037037037037
5.16574074074074
4.3079629629629625
6.140185185185185
6.771111111111111
5.267407407407408
6.150185185185185
4.848518518518518
4.69962962962963
4.638333333333334
6.9312962962962965
4.990925925925926
4.345555555555555
5.862037037037037
5.054814814814815
5.436111111111111
5.9527777777777775
16.79851851851852
10.845
7.363333333333333
5.085925925925926
4.9874074074074075
4.856296296296296
5.202407407407407
5.044814814814814
4.403148148148148
5.7844444444444445
5.703518518518519
4.281666666666666
6.192962962962963
5.732222222222222
4.901296296296296
5.890740740740741
4.799444444444444
6.055
3.932037037037037
4.957222222222223
4.791666666666667
5.526851851851852
5.255740740740741
5.58
11.77425925925926
4.5398148148148145
4.7444444444444445
5.36
4.768518518518518
4.840925925925926
7.100740740740741
4.6
4.753888888888889
4.447777777777778
5.464814814814815
6.301481481481481
7.8748148148148145
5.226296296296296
3.9664814814814813
4.390185185185185
3.857037037037037
4.548333333333333
6.756296296296297
5.848333333333334
6.258518518518518
5.285925925925926
5.8587037037037035
4.851111111111111
4.143703703703704
4.593518518518518
4.0542592592592595
5.613888888888889
5.632962962962963
4.017037037037037
4.291851851851852
4.516481481481481
3.8255555555555554
3.999814814814815
4.41537037037037
4.591481481481481
3.362222222222222
4.216481481481481
4.061296296296296
4.106851851851852
5.35
4.966851851851852
4.011481481481481
3.572037037037037
4.46462962962963
4.29537037037037
4.953703703703703
3.926111111111111
4.7188888888888885
4.815740740740741
3.7203703703703703
3.886851851851852
3.8562962962962963
3.7553703703703705
4.152777777777778
4.155555555555556
4.091296296296297
4.026666666666666
3.740740740740741
4.2901851851851855
3.569259259259259
4.24037037037037
4.411296296296296
3.8781481481481483
5.461111111111111
3.910925925925926
5.272407407407408
5.8224074074074075
4.487037037037037
4.291851851851852
4.624444444444444
3.5698148148148148
3.705185185185185
4.801666666666667
3.8255555555555554
4.331666666666667
3.4946296296296295
4.364074074074074
3.778888888888889
4.947037037037037
3.242962962962963
3.5081481481481482
3.5792592592592594
3.801296296296296
3.832962962962963
3.28
4.215740740740741
4.645555555555555
4.239259259259259
5.2716666666666665
3.8072222222222223
3.524814814814815
4.319259259259259
3.6355555555555554
4.853518518518518
3.612962962962963
4.0398148148148145
3.21
3.5924074074074075
3.4340740740740743
3.4094444444444445
4.022222222222222
4.561851851851852
3.4612962962962963
3.4316666666666666
2.832037037037037
3.453148148148148
3.326296296296296
3.434814814814815
3.8135185185185185
3.5574074074074074
3.5935185185185183
3.948888888888889
3.63
3.124814814814815
3.462222222222222
55.915
21.77425925925926
4.457222222222223
3.5464814814814813
3.305925925925926
3.244074074074074
3.3175925925925926
3.1412962962962965
2.9837037037037035
3.3957407407407407
2.735925925925926
3.9029629629629627
5.777777777777778
4.18
3.185
3.5716666666666668
3.9114814814814816
3.1087037037037035
4.098518518518518
3.794259259259259
4.233518518518519
5.201481481481482
4.164259259259259
4.817222222222222
6.403518518518519
5.187037037037037
5.935740740740741
6.372407407407407
5.846111111111111
4.620925925925926
3.2666666666666666
3.8896296296296295
5.025555555555556
3.1803703703703703
2.562037037037037
3.85037037037037
3.4055555555555554
3.1392592592592594
3.129259259259259
2.5303703703703704
3.0703703703703704
3.4055555555555554
3.2074074074074073
3.1912962962962963
2.7653703703703703
2.823148148148148
2.955925925925926
3.47962962962963
3.308333333333333
3.0027777777777778
2.670925925925926
3.1385185185185187
3.0407407407407407
3.0768518518518517
2.612222222222222
3.3938888888888887
3.119074074074074
2.5805555555555557
2.438888888888889
2.632222222222222
2.437222222222222
3.302962962962963
3.2327777777777778
4.357407407407408
5.210740740740741
3.5303703703703704
4.260185185185185
7.474259259259259
6.859814814814815
15.088888888888889
17.19851851851852
39.52481481481482
8.41462962962963
8.114814814814816
6.902962962962963
16.314814814814813
41.40240740740741
24.350555555555555
7.048333333333333
8.114814814814816
6.687037037037037
7.503888888888889
11.469444444444445
11.93037037037037
7.899814814814815
23.578703703703702
14.957407407407407
11.573518518518519
15.338148148148148
14.638333333333334
8.77111111111111
8.463888888888889
6.497777777777777
6.085925925925926
8.09388888888889
8.19111111111111
3.4594444444444443
5.400740740740741
3.4007407407407406
4.079074074074074
3.8292592592592594
2.801851851851852
2.5155555555555558
2.6577777777777776
3.016111111111111
3.990925925925926
7.6124074074074075
8.622592592592593
4.691851851851852
2.8451851851851853
5.1792592592592595
7.013703703703704
8.027037037037037
6.083148148148148
5.154444444444445
4.055185185185185
5.009074074074074
4.0414814814814815
5.250740740740741
3.7351851851851854
3.8325925925925928
3.638148148148148
4.322592592592593
3.962037037037037
4.551851851851852
4.559074074074074
3.7844444444444445
4.274074074074074
4.115925925925926
2.988888888888889
86.27111111111111
4.803518518518518
3.5605555555555557
3.285740740740741
3.495925925925926
3.1114814814814813
5.154814814814815
9.107037037037037
11.133888888888889
5.343333333333334
11.806111111111111
12.964074074074073
4.604074074074074
4.5125925925925925
3.4788888888888887
3.703148148148148
3.958148148148148
4.083148148148148
4.236296296296296
4.346111111111111
6.403148148148148
4.098703703703704
3.4520370370370372
5.2122222222222225
8.753333333333334
9.3
3.7357407407407406
10.163518518518519
3.7962962962962963
4.830185185185186
4.430740740740741
9.705370370370371
4.223333333333334
3.6133333333333333
3.839814814814815
3.055925925925926
3.194259259259259
4.746666666666667
4.531296296296296
4.310925925925926
4.440185185185185
3.7262962962962964
3.8733333333333335
3.0698148148148148
6.024814814814815
4.895925925925926
