357917
396161
362600
384873
348355
425952
277117
315761
364232
495877
426370
390452
421317
521442
461656
327533
391134
367778
402262
321147
349313
461552
411064
363872
359292
342634
393826
434399
365416
384293
377247
510414
335018
371237
527890
377670
353822
359455
336976
291047
377935
360170
351947
297775
293067
269936
370260
329031
351011
311333
351564
308968
342445
380498
403756
351494
311622
336898
424090
325329
336353
471230
303305
316278
346388
266765
359700
313084
315528
311695
356181
347026
412120
307576
341527
324313
315956
321437
289147
336128
283813
271512
305758
310374
231909
242375
365496
254100
327285
396961
267182
300563
254974
276819
257621
248954
253738
288496
304095
466347
298040
242108
268950
248020
271647
324005
296409
356077
417305
276330
315484
295416
301319
330291
242513
295737
249941
265998
303852
282727
308372
222584
281829
332046
245636
232162
211588
309177
306204
314415
320743
239124
267499
346362
272204
328634
251214
293586
266993
266677
300661
243870
228806
267923
312672
265944
330546
282045
354839
378368
313986
318258
242055
277331
303314
239489
340998
245743
238463
310511
234320
238281
250092
249950
329293
216222
285086
251307
229471
217198
234994
297726
285968
272250
260034
257062
271783
286702
250772
279127
336511
257112
234771
252476
226773
225817
293944
305182
225458
305587
231921
259486
271840
244597
239870
263769
271157
254595
322301
239275
236025
283977
229048
253229
234385
275431
294118
233329
238645
228587
194791
230460
325561
242256
217554
267069
274421
205355
249509
234344
233392
231922
200986
218663
210363
246021
243291
250868
261126
241872
207354
230638
208801
230277
204281
250089
230312
217735
266915
188044
237398
260428
248602
204478
201833
197306
231548
230809
230821
235851
193034
273680
210727
200829
263581
206500
277274
272402
252039
221697
262645
228378
210603
183175
256342
188143
260625
218282
201725
203485
208707
196128
214136
198133
210030
226393
205445
258201
211118
199577
209781
202029
215651
203418
212598
206219
204820
233059
214255
221638
246617
236410
252794
168884
213677
192312
222952
215749
217137
268440
212261
184941
211684
207923
195162
247855
231306
218833
205089
179952
226656
208939
223046
210494
220145
211321
232643
244812
200749
189663
185397
200008
184472
203418
177895
190212
195748
183772
220902
184959
188231
205984
223683
185569
194221
181558
201172
242377
194798
178970
188911
217648
189688
206862
172895
219913
209642
266741
209418
197285
200803
187557
211212
199808
159721
184818
181119
248974
227566
204977
196851
185477
196778
188551
202606
210503
190620
201644
212577
163800
197708
221229
211939
191388
224636
175799
185131
180952
174478
180360
184854
169117
195872
173895
208543
193047
169471
186462
238750
195953
166546
192622
193549
178130
189995
232012
186519
174763
180112
190711
169194
214418
192079
174047
185298
177696
209785
197994
191447
198626
189082
196765
204818
190227
165690
185743
223128
198984
182990
185300
159680
200611
189990
211322
178978
165543
176397
176535
177126
203254
179579
182149
165957
188763
172978
194804
186004
215131
180833
183189
214870
184237
191971
187690
209461
192658
189036
177549
174129
191732
200131
195787
219912
160894
151960
182591
197292
177270
182144
193789
149905
170713
171810
174162
154899
193917
156955
200650
186755
190491
214518
173614
153907
175877
178299
182682
184397
240125
185062
178821
192153
189567
174916
172519
184038
165151
184820
162389
173320
167716
182145
171438
173774
165824
142405
188413
167830
202387
156061
158310
161157
175227
156074
188418
176539
185750
181151
174113
162811
164318
194335
154073
169050
197229
182725
166172
177231
155896
197925
145719
154888
158529
182991
154885
190629
184012
168471
214956
193035
175434
174262
187883
176211
184277
178921
141734
163393
148661
192835
161777
167115
175508
182595
176410
159694
156614
176375
157173
160192
171549
172515
183594
156789
173025
156648
181356
157113
176882
185739
182805
170522
155863
166745
229762
172971
166165
149268
161042
165019
158948
201853
163674
159581
182528
209790
163147
217958
167650
165954
154389
171642
169267
159768
150127
162773
173041
151646
146732
169981
138436
149564
151617
169269
160540
156461
182230
149963
157987
149312
198101
179285
179375
138194
173879
151186
139966
147577
150060
150125
149625
145985
150385
151500
141263
154186
139955
154712
172867
144407
148101
151292
145353
157165
154576
165447
146412
137447
143390
148275
148074
154758
138084
140341
139365
148955
152493
141493
145725
149192
159416
130189
143662
139356
154209
126862
143829
146076
146577
129829
149200
135666
155317
154356
136682
139579
149092
212361
142973
140976
141811
155485
145599
135317
170842
151004
134467
133248
131942
132779
142862
129876
146112
152884
127671
152133
147737
138764
139244
135367
135625
135122
127541
144200
135327
158763
145239
134581
146236
152907
130767
158738
129427
147579
130721
144244
146577
140770
152277
165830
153119
160263
151645
149562
133159
133106
157774
152961
145376
136613
150123
125592
142487
137488
148934
153621
146430
154061
130151
152677
129633
144738
129671
148013
131292
135434
129771
143386
153811
143083
148554
152632
140959
128582
157784
130759
137676
148507
140429
138422
146630
157295
137196
141898
145246
116859
128430
116959
123947
139491
141812
141692
132115
146918
137213
134684
134065
134764
125962
138227
131432
132961
142133
128746
141851
122059
129225
130121
130069
136798
147707
133559
139786
136150
126324
130453
122955
130121
119687
124483
117687
125073
122852
126146
132927
128312
143023
135770
191684
125345
134680
120396
130096
144581
121836
123489
122188
126958
122086
139081
131752
140107
138015
144523
134179
127693
120567
129499
124257
139587
122618
133529
145995
159641
129160
152767
124704
126983
128433
129591
153290
127964
132745
114254
140586
120542
113663
139310
117909
103304
136467
122788
124003
125080
127426
121281
136015
153822
118738
133227
128154
114326
125991
124051
143093
112887
125811
140893
144666
138831
118873
129082
127436
135569
146285
125126
128947
126969
138561
119297
119129
131387
131157
161931
125015
127599
118555
135189
130158
129756
134305
135430
124548
124420
123095
139358
139665
137449
128593
121676
120818
119011
130157
109139
119505
114443
108456
108614
127133
142591
120539
117338
116850
132589
124738
114873
121546
119919
116470
137025
106409
114043
122149
125854
121198
126904
111929
114751
122411
124553
131596
128683
128209
111155
123204
118104
114074
128547
130463
113605
133890
146222
126897
134621
121098
112847
125831
117073
125276
111136
130520
128462
154524
128905
144208
113841
112470
126571
126376
117337
134411
122201
121802
119795
114601
126453
122498
122025
129453
140461
125203
128414
110461
119363
130078
117484
119625
127784
150973
131723
127633
119130
114148
124109
118307
135598
117232
130274
131634
112980
118261
108866
110848
116134
112929
112620
127003
111759
113772
101102
119998
107956
116694
118044
133621
113541
107424
119466
114794
127170
122249
115515
113436
124691
121376
118512
129927
120069
123902
118393
103208
