-231846.0
-259500.0
-247400.0
-282721.0
-221107.0
-293282.0
-160373.0
-197122.0
-246195.0
-349586.0
-294252.0
-281046.0
-295869.0
-394604.0
-359489.0
-219400.0
-234057.0
-263114.0
-252556.0
-224883.0
-209642.0
-308914.0
-308086.0
-227554.0
-248472.0
-213182.0
-265325.0
-282874.0
-232529.0
-252629.0
-272777.0
-427019.0
-222697.0
-221375.0
-382787.0
-280214.0
-233912.0
-230260.0
-196269.0
-181349.0
-263179.0
-217074.0
-222267.0
-173705.0
-167193.0
-162619.0
-230651.0
-193069.0
-216905.0
-190713.0
-223475.0
-202374.0
-217951.0
-241773.0
-274301.0
-226519.0
-198134.0
-207385.0
-316157.0
-200247.0
-229255.0
-366691.0
-185727.0
-199652.0
-258737.0
-160609.0
-230867.0
-192661.0
-194540.0
-184869.0
-216455.0
-222038.0
-250290.0
-176298.0
-203988.0
-204167.0
-182878.0
-206785.0
-179481.0
-206764.0
-164508.0
-176214.0
-186067.0
-197130.0
-122392.0
-128086.0
-247127.0
-148375.0
-178694.0
-261617.0
-154946.0
-169672.0
-130799.0
-147418.0
-143189.0
-141638.0
-133857.0
-181239.0
-207169.0
-295037.0
-195767.0
-131536.0
-150402.0
-133392.0
-158425.0
-226464.0
-182541.0
-240952.0
-287539.0
-156374.0
-191940.0
-184305.0
-198177.0
-218499.0
-126018.0
-169503.0
-130940.0
-156883.0
-179931.0
-158686.0
-184076.0
-110483.0
-161059.0
-203858.0
-133224.0
-124553.0
-109421.0
-211356.0
-185910.0
-201384.0
-212818.0
-124836.0
-135825.0
-226545.0
-147303.0
-226615.0
-137015.0
-165391.0
-169586.0
-170128.0
-177633.0
-133442.0
-114004.0
-161214.0
-196298.0
-143690.0
-215295.0
-164696.0
-252874.0
-244988.0
-191564.0
-205643.0
-121928.0
-155925.0
-180818.0
-128645.0
-200729.0
-135173.0
-118941.0
-175938.0
-121972.0
-132287.0
-152441.0
-148662.0
-192683.0
-117520.0
-182092.0
-149473.0
-125886.0
-109269.0
-115404.0
-173889.0
-149384.0
-148484.0
-136360.0
-143679.0
-153883.0
-171939.0
-145358.0
-156921.0
-222042.0
-147369.0
-109180.0
-143473.0
-119785.0
-128711.0
-184377.0
-190323.0
-119206.0
-184244.0
-118418.0
-139509.0
-140594.0
-129072.0
-121091.0
-145463.0
-154591.0
-149415.0
-226725.0
-130757.0
-112306.0
-154589.0
-114955.0
-144062.0
-118596.0
-163428.0
-161415.0
-129839.0
-122675.0
-118016.0
-91968.0
-120121.0
-179991.0
-129832.0
-114945.0
-141513.0
-171556.0
-97281.0
-126527.0
-117899.0
-129431.0
-108130.0
-99748.0
-97990.0
-102503.0
-126848.0
-129753.0
-150413.0
-144330.0
-118324.0
-109046.0
-114271.0
-104719.0
-116425.0
-98176.0
-138609.0
-114542.0
-110916.0
-143011.0
-93559.0
-134653.0
-132996.0
-133931.0
-106617.0
-107415.0
-98464.0
-136185.0
-127249.0
-108813.0
-121273.0
-79657.0
-163739.0
-112339.0
-96372.0
-134907.0
-105355.0
-167889.0
-149258.0
-136955.0
-124509.0
-134960.0
-104256.0
-101699.0
-83304.0
-128493.0
-100490.0
-147003.0
-109956.0
-99674.0
-97863.0
-106867.0
-85255.0
-99168.0
-92248.0
-100953.0
-110293.0
-99647.0
-135539.0
-108266.0
-106174.0
-123406.0
-84937.0
-107662.0
-94004.0
-113659.0
-111156.0
-97518.0
-132734.0
-103732.0
-116472.0
-133070.0
-114079.0
-119033.0
-78229.0
-103074.0
-95114.0
-110354.0
-107042.0
-111166.0
-156730.0
-96181.0
-82407.0
-96222.0
-105854.0
-89177.0
-136254.0
-112587.0
-110369.0
-98831.0
-89368.0
-116321.0
-102506.0
-117530.0
-104253.0
-105580.0
-100025.0
-106393.0
-130663.0
-97473.0
-94268.0
-92839.0
-101892.0
-80067.0
-99959.0
-97341.0
-89599.0
-86169.0
-75996.0
-113508.0
-100447.0
-95195.0
-110274.0
-121400.0
-86311.0
-88292.0
-92930.0
-105812.0
-120397.0
-89321.0
-80578.0
-91290.0
-106096.0
-85022.0
-101237.0
-84074.0
-118468.0
-96678.0
-160221.0
-106564.0
-94812.0
-97783.0
-81406.0
-104841.0
-106508.0
-78249.0
-93554.0
-81337.0
-130656.0
-112469.0
-108467.0
-90864.0
-88095.0
-90101.0
-85175.0
-93967.0
-95146.0
-91054.0
-89269.0
-108346.0
-70959.0
-91569.0
-121836.0
-99992.0
-85014.0
-118766.0
-87400.0
-82932.0
-89789.0
-76957.0
-68679.0
-81468.0
-75073.0
-98758.0
-83822.0
-109478.0
-92424.0
-78009.0
-100679.0
-120295.0
-93370.0
-74594.0
-96277.0
-91989.0
-81715.0
-92345.0
-116140.0
-90092.0
-77425.0
-74216.0
-89939.0
-70119.0
-120489.0
-92688.0
-74261.0
-87261.0
-84324.0
-103878.0
-92501.0
-92841.0
-91402.0
-85960.0
-94044.0
-107830.0
-91702.0
-62373.0
-87030.0
-123031.0
-89943.0
-88522.0
-88208.0
-73608.0
-89211.0
-92057.0
-106029.0
-82388.0
-73165.0
-80477.0
-80813.0
-71966.0
-87474.0
-84290.0
-83444.0
-70744.0
-89226.0
-90249.0
-84256.0
-81348.0
-106143.0
-98238.0
-88454.0
-94968.0
-79806.0
-94481.0
-81450.0
-95047.0
-104198.0
-86275.0
-80488.0
-91361.0
-89335.0
-89794.0
-99082.0
-107021.0
-64576.0
-61397.0
-70683.0
-91680.0
-85730.0
-87412.0
-88491.0
-62095.0
-71228.0
-77345.0
-72661.0
-63545.0
-84000.0
-68751.0
-101440.0
-94967.0
-92635.0
-108856.0
-82533.0
-68170.0
-76251.0
-75740.0
-80520.0
-80936.0
-119993.0
-94307.0
-83239.0
-87206.0
-98563.0
-71479.0
-75516.0
-86303.0
-72584.0
-76620.0
-68459.0
-84977.0
-65304.0
-74663.0
-76343.0
-75093.0
-69700.0
-57382.0
-96776.0
-69969.0
-101167.0
-67916.0
-63966.0
-65099.0
-85808.0
-68060.0
-93293.0
-80424.0
-79568.0
-87412.0
-76076.0
-68204.0
-69475.0
-85254.0
-59392.0
-76689.0
-86375.0
-79444.0
-75320.0
-73933.0
-67041.0
-81598.0
-59857.0
-56884.0
-72657.0
-76925.0
-63632.0
-82212.0
-79476.0
-67654.0
-104168.0
-88686.0
-78580.0
-72243.0
-84114.0
-80125.0
-80037.0
-78076.0
-51804.0
-72383.0
-57161.0
-92451.0
-68959.0
-70171.0
-73802.0
-89897.0
-67977.0
-72609.0
-57662.0
-75763.0
-63490.0
-67887.0
-68101.0
-71222.0
-77801.0
-66811.0
-68928.0
-63391.0
-77742.0
-59263.0
-80831.0
-91836.0
-83867.0
-76830.0
-62602.0
-76944.0
-120871.0
-79364.0
-68244.0
-57528.0
-66435.0
-64032.0
-64722.0
-98591.0
-65077.0
-74560.0
-77419.0
-104940.0
-70575.0
-130043.0
-68051.0
-72478.0
-61108.0
-74916.0
-74860.0
-63642.0
-63518.0
-70996.0
-77937.0
-63025.0
-57467.0
-78809.0
-59110.0
-63631.0
-67367.0
-73095.0
-64021.0
-68327.0
-87161.0
-59203.0
-63764.0
-60956.0
-93753.0
-88003.0
-77252.0
-54553.0
-71159.0
-63013.0
-47541.0
-52553.0
-51878.0
-68038.0
-59573.0
-62605.0
-58132.0
-57064.0
-51922.0
-62376.0
-59873.0
-53121.0
-78555.0
-51614.0
-59301.0
-55718.0
-61966.0
-69766.0
-61365.0
-69390.0
-49993.0
-51736.0
-54827.0
-50185.0
-62371.0
-64740.0
-53481.0
-48860.0
-51993.0
-60097.0
-60758.0
-59025.0
-59773.0
-54999.0
-60417.0
-48249.0
-55946.0
-50556.0
-68826.0
-48502.0
-52885.0
-62195.0
-58190.0
-46522.0
-62220.0
-51278.0
-68255.0
-60126.0
-51857.0
-49497.0
-60350.0
-108615.0
-57897.0
-50618.0
-52160.0
-58375.0
-52658.0
-47838.0
-69127.0
-57334.0
-46971.0
-52263.0
-52684.0
-43516.0
-48348.0
-44871.0
-50968.0
-61031.0
-44497.0
-65742.0
-59363.0
-46699.0
-49580.0
-49328.0
-53557.0
-44049.0
-47932.0
-54295.0
-47052.0
-56248.0
-51896.0
-50908.0
-58453.0
-56279.0
-48549.0
-63509.0
-46755.0
-54167.0
-47148.0
-58048.0
-57021.0
-49678.0
-52627.0
-72552.0
-60523.0
-57824.0
-55167.0
-56591.0
-50362.0
-51662.0
-72009.0
-60994.0
-51660.0
-49669.0
-52035.0
-45411.0
-55443.0
-57060.0
-65231.0
-54167.0
-57505.0
-61108.0
-45382.0
-55048.0
-47530.0
-56017.0
-45057.0
-52683.0
-52828.0
-48010.0
-48269.0
-46892.0
-62372.0
-51957.0
-56866.0
-58799.0
-55124.0
-46883.0
-70751.0
-50092.0
-51418.0
-62610.0
-49135.0
-49062.0
-53084.0
-64192.0
-53975.0
-52224.0
-56785.0
-38720.0
-42585.0
-40820.0
-45042.0
-49899.0
-48765.0
-54738.0
-49716.0
-56111.0
-49579.0
-49668.0
-51317.0
-45004.0
-42395.0
-49968.0
-47538.0
-48282.0
-49850.0
-40193.0
-56021.0
-38456.0
-42696.0
-43212.0
-44216.0
-48462.0
-49526.0
-51376.0
-43868.0
-51181.0
-45054.0
-46480.0
-41892.0
-49749.0
-43970.0
-38406.0
-39229.0
-44133.0
-43669.0
-42715.0
-45649.0
-39361.0
-67576.0
-49722.0
-102774.0
-45877.0
-49419.0
-42168.0
-48904.0
-49847.0
-38522.0
-44605.0
-41846.0
-45806.0
-41643.0
-47095.0
-42214.0
-46130.0
-60765.0
-51329.0
-51246.0
-43195.0
-37262.0
-43023.0
-41931.0
-50624.0
-37442.0
-45063.0
-59818.0
-66036.0
-40529.0
-58771.0
-45452.0
-45614.0
-44618.0
-43159.0
-64379.0
-42069.0
-45025.0
-40054.0
-43330.0
-36210.0
-38246.0
-52907.0
-39024.0
-34275.0
-47611.0
-39875.0
-42770.0
-46668.0
-44852.0
-44879.0
-40296.0
-54429.0
-43216.0
-46360.0
-43397.0
-38014.0
-39129.0
-39278.0
-55579.0
-37904.0
-45235.0
-63591.0
-61978.0
-51934.0
-45825.0
-41838.0
-41304.0
-47857.0
-57127.0
-41463.0
-42426.0
-41197.0
-46124.0
-38779.0
-39229.0
-43455.0
-48000.0
-60942.0
-43308.0
-46098.0
-36344.0
-50977.0
-48811.0
-45931.0
-45480.0
-47717.0
-42030.0
-40375.0
-36889.0
-51359.0
-51334.0
-50595.0
-49324.0
-39730.0
-44845.0
-48169.0
-43493.0
-35979.0
-36190.0
-35289.0
-34062.0
-32682.0
-46373.0
-47093.0
-36968.0
-39821.0
-37035.0
-52745.0
-44672.0
-39276.0
-41797.0
-35231.0
-34645.0
-46568.0
-35757.0
-36762.0
-41681.0
-48268.0
-40764.0
-46009.0
-34375.0
-33886.0
-48219.0
-44579.0
-46083.0
-45264.0
-44495.0
-35710.0
-36702.0
-39829.0
-40078.0
-44686.0
-46167.0
-40101.0
-46670.0
-56024.0
-48062.0
-48602.0
-40070.0
-35573.0
-41898.0
-42270.0
-47238.0
-38659.0
-39711.0
-45644.0
-54525.0
-43793.0
-47624.0
-34061.0
-37121.0
-39399.0
-43752.0
-40743.0
-46165.0
-42487.0
-36776.0
-39738.0
-40750.0
-47657.0
-39803.0
-45100.0
-42796.0
-60864.0
-40754.0
-44615.0
-34798.0
-39400.0
-49579.0
-34217.0
-42788.0
-39225.0
-61734.0
-44143.0
-46750.0
-41529.0
-33309.0
-39202.0
-32714.0
-48660.0
-37772.0
-45013.0
-44096.0
-33359.0
-35893.0
-29866.0
-31160.0
-35601.0
-36042.0
-40842.0
-43170.0
-32690.0
-38546.0
-28717.0
-38373.0
-38798.0
-36592.0
-44226.0
-44105.0
-34508.0
-33905.0
-44905.0
-36814.0
-47917.0
-41224.0
-35254.0
-39440.0
-32679.0
-40800.0
-41055.0
-45583.0
-38996.0
-42144.0
-42021.0
-29963.0
