66.28092592592593
73.36314814814814
67.14814814814815
71.27277777777778
64.51018518518518
78.88
51.317962962962966
58.474259259259256
67.45037037037036
91.82907407407407
78.9574074074074
72.30592592592592
78.02166666666666
96.56333333333333
85.49185185185185
60.65425925925926
72.43222222222222
68.10703703703703
74.49296296296296
59.471666666666664
64.6875925925926
85.47259259259259
76.12296296296296
67.3837037037037
66.53555555555556
63.45074074074074
72.93074074074075
80.44425925925925
67.66962962962963
71.16537037037037
69.86055555555555
94.52111111111111
62.04037037037037
68.7475925925926
97.75740740740741
69.93888888888888
65.52259259259259
66.56574074074074
62.40296296296296
53.897592592592595
69.98796296296297
66.69814814814815
65.17537037037037
55.14351851851852
54.27166666666667
49.98814814814815
68.56666666666666
60.931666666666665
65.00203703703704
57.65425925925926
65.10444444444444
57.2162962962963
63.41574074074074
70.46259259259259
74.76962962962963
65.09148148148148
57.70777777777778
62.38851851851852
78.53518518518518
60.24611111111111
62.287592592592596
87.26481481481481
56.16759259259259
58.57
64.14592592592592
49.400925925925925
66.61111111111111
57.97851851851852
58.431111111111115
57.721296296296295
65.95944444444444
64.26407407407407
76.31851851851852
56.95851851851852
63.24574074074074
60.05796296296296
58.51037037037037
59.52537037037037
53.54574074074074
62.245925925925924
52.55796296296296
50.28
56.62185185185185
57.47666666666667
42.94611111111111
44.88425925925926
67.68444444444444
47.05555555555556
60.608333333333334
73.5112962962963
49.47814814814815
55.659814814814816
47.21740740740741
51.26277777777778
47.70759259259259
46.10259259259259
46.98851851851852
53.425185185185185
56.31388888888889
86.36055555555555
55.19259259259259
44.83481481481481
49.80555555555556
45.92962962962963
50.305
60.00092592592593
54.89055555555556
65.94018518518519
77.2787037037037
51.172222222222224
58.42296296296296
54.70666666666666
55.799814814814816
61.165
44.909814814814816
54.76611111111111
46.28537037037037
49.25888888888889
56.26888888888889
52.35685185185185
57.10592592592592
41.21925925925926
52.190555555555555
61.49
45.48814814814815
42.99296296296296
39.18296296296296
57.255
56.70444444444445
58.225
59.39685185185185
44.282222222222224
49.53685185185185
64.14111111111112
50.40814814814815
60.858148148148146
46.52111111111111
54.367777777777775
49.44314814814815
49.38462962962963
55.677962962962965
45.16111111111111
42.37148148148148
49.61537037037037
57.90222222222222
49.24888888888889
61.21222222222222
52.230555555555554
65.71092592592592
70.06814814814815
58.14555555555555
58.93666666666667
44.825
51.357592592592596
56.169259259259256
44.34981481481481
63.147777777777776
45.507962962962964
44.159814814814816
57.502037037037034
43.39259259259259
44.12611111111111
46.31333333333333
46.28703703703704
60.980185185185185
40.041111111111114
52.793703703703706
46.538333333333334
42.49462962962963
40.22185185185185
43.517407407407404
55.13444444444445
52.95703703703704
50.416666666666664
48.154444444444444
47.60407407407408
50.33018518518519
53.092962962962964
46.43925925925926
51.690185185185186
62.31685185185185
47.61333333333334
43.47611111111111
46.754814814814814
41.995
41.817962962962966
54.434074074074076
56.51518518518518
41.751481481481484
56.590185185185184
42.94833333333333
48.052962962962965
50.34074074074074
45.29574074074074
44.42037037037037
48.846111111111114
50.21425925925926
47.147222222222226
59.68537037037037
44.31018518518518
43.708333333333336
52.58833333333333
42.416296296296295
46.89425925925926
43.40462962962963
51.00574074074074
54.4662962962963
43.209074074074074
44.193518518518516
42.330925925925925
36.072407407407404
42.67777777777778
60.28907407407407
44.86222222222222
40.28777777777778
49.45722222222222
50.818703703703704
38.028703703703705
46.20537037037037
43.39703703703704
43.22074074074074
42.94851851851852
37.21962962962963
40.49314814814815
38.95611111111111
45.559444444444445
45.05388888888889
46.45703703703704
48.35666666666667
44.791111111111114
38.39888888888889
42.71074074074074
38.66685185185185
42.64388888888889
37.82981481481482
46.312777777777775
42.65037037037037
40.321296296296296
49.428703703703704
34.82296296296296
43.96259259259259
48.227407407407405
46.03740740740741
37.8662962962963
37.376481481481484
36.538148148148146
42.87925925925926
42.742407407407406
42.74462962962963
43.67611111111111
35.74703703703704
50.681481481481484
39.02351851851852
37.190555555555555
48.8112962962963
38.24074074074074
51.34703703703704
50.44481481481481
46.67388888888889
41.055
48.637962962962966
42.29222222222222
39.00055555555556
33.9212962962963
47.47074074074074
34.8412962962963
48.263888888888886
40.42259259259259
37.35648148148148
37.68240740740741
38.64944444444444
36.32
39.65481481481481
36.691296296296294
38.894444444444446
41.92462962962963
38.04537037037037
47.815
39.095925925925926
36.958703703703705
38.848333333333336
37.41277777777778
39.93537037037037
37.67
39.37
38.1887037037037
37.92962962962963
43.15907407407408
39.67685185185185
41.044074074074075
45.66981481481481
43.77962962962963
46.8137037037037
31.274814814814814
39.56981481481481
35.61333333333334
41.28740740740741
39.95351851851852
40.21055555555556
49.71111111111111
39.30759259259259
34.248333333333335
39.20074074074074
38.50425925925926
36.14111111111111
45.89907407407407
42.83444444444444
40.52462962962963
37.97944444444445
33.324444444444445
41.973333333333336
38.69240740740741
41.30481481481481
38.98037037037037
40.76759259259259
39.13351851851852
43.08203703703704
45.33555555555556
37.17574074074074
35.12277777777778
34.33277777777778
37.038518518518515
34.16148148148148
37.67
32.943518518518516
35.224444444444444
36.24962962962963
34.031851851851854
40.90777777777778
34.251666666666665
34.857592592592596
38.145185185185184
41.422777777777775
34.36462962962963
35.96685185185185
33.62185185185185
37.254074074074076
44.88462962962963
36.07370370370371
33.14259259259259
34.983518518518515
40.30518518518519
35.12740740740741
38.30777777777778
32.01759259259259
40.72462962962963
38.82259259259259
49.39648148148148
38.78111111111111
36.53425925925926
37.18574074074074
34.73277777777778
39.11333333333334
37.001481481481484
29.577962962962964
34.22555555555556
33.54055555555556
46.10629629629629
42.141851851851854
37.958703703703705
36.45388888888889
34.34759259259259
36.44037037037037
34.91685185185185
37.51962962962963
38.98203703703704
35.3
37.34148148148148
39.36611111111111
30.333333333333332
36.61259259259259
40.968333333333334
39.247962962962966
35.44222222222222
41.599259259259256
32.55537037037037
34.28351851851852
33.50962962962963
32.31074074074074
33.4
34.23222222222222
31.317962962962962
36.272592592592595
32.202777777777776
38.61907407407407
35.74944444444444
31.383518518518517
34.53
44.21296296296296
36.287592592592596
30.841851851851853
35.67074074074074
35.84240740740741
32.987037037037034
35.18425925925926
42.965185185185184
34.54055555555556
32.36351851851852
33.35407407407408
35.31685185185185
31.33222222222222
39.70703703703704
35.57018518518519
32.23092592592592
34.31444444444445
32.906666666666666
38.849074074074075
36.66555555555556
35.453148148148145
36.78259259259259
35.01518518518518
36.43796296296296
37.92925925925926
35.227222222222224
30.683333333333334
34.39685185185185
41.32
36.84888888888889
33.88703703703704
34.31481481481482
29.57037037037037
37.15018518518519
35.18333333333333
39.1337037037037
33.14407407407408
30.656111111111112
32.666111111111114
32.69166666666667
32.80111111111111
37.63962962962963
33.25537037037037
33.73129629629629
30.732777777777777
34.95611111111111
32.03296296296296
36.074814814814815
34.44518518518519
39.83907407407408
33.48759259259259
33.92388888888889
39.79074074074074
34.11796296296296
35.550185185185185
34.757407407407406
38.78907407407407
35.67740740740741
35.00666666666667
32.879444444444445
32.24611111111111
35.50592592592593
37.0612962962963
36.25685185185185
40.724444444444444
29.795185185185186
28.14074074074074
33.81314814814815
36.535555555555554
32.827777777777776
33.73037037037037
35.88685185185185
27.760185185185186
31.613518518518518
31.816666666666666
32.25222222222222
28.685
35.910555555555554
29.06574074074074
37.157407407407405
34.58425925925926
35.27611111111111
39.72555555555556
32.150740740740744
28.501296296296296
32.56981481481481
33.01833333333333
33.83
34.147592592592595
44.467592592592595
34.27074074074074
33.115
35.583888888888886
35.105
32.391851851851854
31.94796296296296
34.08111111111111
30.583518518518517
34.22592592592593
30.07203703703704
32.096296296296295
31.058518518518518
33.730555555555554
31.747777777777777
32.18037037037037
30.708148148148148
26.371296296296297
34.8912962962963
31.07962962962963
37.47907407407408
28.900185185185187
29.316666666666666
29.843888888888888
32.449444444444445
28.902592592592594
34.89222222222222
32.69240740740741
34.398148148148145
33.54648148148148
32.24314814814815
30.150185185185187
30.429259259259258
35.98796296296296
28.532037037037036
31.305555555555557
36.52388888888889
33.83796296296296
30.77259259259259
32.82055555555556
28.869629629629628
36.65277777777778
26.985
28.682962962962964
29.357222222222223
33.88722222222222
28.682407407407407
35.30166666666667
34.0762962962963
31.198333333333334
39.806666666666665
35.74722222222222
32.48777777777778
32.27074074074074
34.79314814814815
32.63166666666667
34.12537037037037
33.13351851851852
26.247037037037035
30.257962962962964
27.529814814814817
35.71018518518518
29.958703703703705
30.947222222222223
32.501481481481484
33.81388888888889
32.66851851851852
29.57296296296296
29.002592592592592
32.66203703703704
29.10611111111111
29.665185185185184
31.768333333333334
31.947222222222223
33.99888888888889
29.035
32.041666666666664
29.00888888888889
33.58444444444444
29.095
32.75592592592593
34.39611111111111
33.852777777777774
31.57814814814815
28.863518518518518
30.878703703703703
42.54851851851852
32.031666666666666
30.771296296296295
27.642222222222223
29.822592592592592
30.559074074074076
29.434814814814814
37.380185185185184
30.31
29.55203703703704
33.80148148148148
38.85
30.212407407407408
40.36259259259259
31.046296296296298
30.732222222222223
28.590555555555557
31.785555555555554
31.34574074074074
29.586666666666666
27.801296296296297
30.14314814814815
32.04462962962963
28.082592592592594
27.172592592592594
31.477962962962962
25.636296296296297
27.69703703703704
28.077222222222222
31.34611111111111
29.72962962962963
28.97425925925926
33.74629629629629
27.770925925925926
29.256851851851852
27.65037037037037
36.68537037037037
33.20092592592592
33.217592592592595
25.59148148148148
32.199814814814815
27.997407407407408
25.91962962962963
27.329074074074075
27.788888888888888
27.800925925925927
27.708333333333332
27.034259259259258
27.849074074074075
28.055555555555557
26.159814814814816
28.55296296296296
25.91759259259259
28.65037037037037
32.01240740740741
26.742037037037036
27.426111111111112
28.01703703703704
26.91722222222222
29.10462962962963
28.625185185185185
30.638333333333332
27.113333333333333
25.45314814814815
26.553703703703704
27.458333333333332
27.42111111111111
28.65888888888889
25.57111111111111
25.989074074074075
25.808333333333334
27.58425925925926
28.239444444444445
26.202407407407406
26.98611111111111
27.62814814814815
29.52148148148148
24.109074074074073
26.604074074074074
25.80666666666667
28.557222222222222
23.492962962962963
26.635
27.051111111111112
27.14388888888889
24.042407407407406
27.62962962962963
25.123333333333335
28.76240740740741
28.584444444444443
25.311481481481483
25.847962962962963
27.60962962962963
39.32611111111111
26.476481481481482
26.106666666666666
26.261296296296297
28.793518518518518
26.962777777777777
25.058703703703703
31.63740740740741
27.963703703703704
24.901296296296298
24.675555555555555
24.433703703703703
24.588703703703704
26.455925925925925
24.051111111111112
27.057777777777776
28.311851851851852
23.642777777777777
28.172777777777778
27.358703703703704
25.69703703703704
25.785925925925927
25.067962962962962
25.11574074074074
25.02259259259259
23.618703703703705
26.703703703703702
25.060555555555556
29.400555555555556
26.89611111111111
24.92240740740741
27.08074074074074
28.316111111111113
24.21611111111111
29.395925925925926
23.967962962962964
27.329444444444444
24.207592592592594
26.71185185185185
27.14388888888889
26.06851851851852
28.199444444444445
30.70925925925926
28.35537037037037
29.678333333333335
28.08240740740741
27.696666666666665
24.659074074074073
24.64925925925926
29.217407407407407
28.32611111111111
26.921481481481482
25.298703703703705
27.800555555555555
23.25777777777778
26.386481481481482
25.46074074074074
27.58037037037037
28.448333333333334
27.116666666666667
28.529814814814817
24.102037037037036
28.273518518518518
24.00611111111111
26.803333333333335
24.013148148148147
27.409814814814816
24.313333333333333
25.08037037037037
24.031666666666666
26.55296296296296
28.48351851851852
26.49685185185185
27.51
28.265185185185185
26.10351851851852
23.811481481481483
29.21925925925926
24.21462962962963
25.495555555555555
27.501296296296296
26.005370370370372
25.633703703703702
27.153703703703705
29.128703703703703
25.406666666666666
26.277407407407406
26.897407407407407
21.640555555555554
23.783333333333335
21.659074074074073
22.95314814814815
25.831666666666667
26.261481481481482
26.23925925925926
24.465740740740742
27.207037037037036
25.409814814814816
24.941481481481482
24.826851851851853
24.956296296296298
23.326296296296295
25.597592592592594
24.339259259259258
24.622407407407408
26.320925925925927
23.841851851851853
26.268703703703704
22.60351851851852
23.930555555555557
24.096481481481483
24.08685185185185
25.332962962962963
27.353148148148147
24.73314814814815
25.886296296296297
25.212962962962962
23.393333333333334
24.157962962962962
22.769444444444446
24.096481481481483
22.16425925925926
23.052407407407408
21.79388888888889
23.161666666666665
22.75037037037037
23.36037037037037
24.61611111111111
23.761481481481482
26.48574074074074
25.142592592592592
35.49703703703704
23.21203703703704
24.94074074074074
22.295555555555556
24.091851851851853
26.77425925925926
22.56222222222222
22.868333333333332
22.627407407407407
23.51074074074074
22.60851851851852
25.75574074074074
24.398518518518518
25.945740740740742
25.558333333333334
26.76351851851852
24.847962962962963
23.646851851851853
22.327222222222222
23.981296296296296
23.010555555555555
25.849444444444444
22.707037037037036
24.727592592592593
27.03611111111111
29.563148148148148
23.918518518518518
28.290185185185184
23.093333333333334
23.51537037037037
23.78388888888889
23.998333333333335
28.387037037037036
23.69703703703704
24.58240740740741
21.158148148148147
26.034444444444443
22.322592592592592
21.048703703703705
25.798148148148147
21.835
19.130370370370372
25.27166666666667
22.738518518518518
22.96351851851852
23.16296296296296
23.597407407407406
22.459444444444443
25.187962962962963
28.485555555555557
21.988518518518518
24.671666666666667
23.732222222222223
21.171481481481482
23.331666666666667
22.972407407407406
26.498703703703704
20.905
23.298333333333332
26.091296296296296
26.79
25.709444444444443
22.01351851851852
23.904074074074074
23.59925925925926
25.10537037037037
27.089814814814815
23.171481481481482
23.879074074074072
23.512777777777778
25.659444444444443
22.092037037037038
22.060925925925925
24.330925925925925
24.288333333333334
29.987222222222222
23.150925925925925
23.629444444444445
21.95462962962963
25.035
24.10333333333333
24.02888888888889
24.871296296296297
25.07962962962963
23.064444444444444
23.04074074074074
22.79537037037037
25.807037037037038
25.863888888888887
25.453518518518518
23.813518518518517
22.532592592592593
22.373703703703704
22.039074074074072
24.103148148148147
20.210925925925928
22.130555555555556
21.193148148148147
20.084444444444443
20.113703703703703
23.54314814814815
26.40574074074074
22.32203703703704
21.72925925925926
21.63888888888889
24.55351851851852
23.09962962962963
21.272777777777776
22.508518518518517
22.20722222222222
21.56851851851852
25.375
19.70537037037037
21.119074074074074
22.620185185185186
23.306296296296296
22.444074074074074
23.500740740740742
20.727592592592593
21.250185185185185
22.668703703703702
23.06537037037037
24.369629629629628
23.830185185185186
23.74240740740741
20.58425925925926
22.815555555555555
21.871111111111112
21.124814814814815
23.805
24.159814814814816
21.03796296296296
24.794444444444444
27.07814814814815
23.499444444444446
24.929814814814815
22.425555555555555
20.89759259259259
23.30203703703704
21.680185185185184
23.19925925925926
20.58074074074074
24.17037037037037
23.78925925925926
28.615555555555556
23.871296296296297
26.705185185185186
21.081666666666667
20.82777777777778
23.439074074074075
23.402962962962963
21.729074074074074
24.890925925925927
22.629814814814814
22.555925925925926
22.18425925925926
21.222407407407406
23.41722222222222
22.684814814814814
22.59722222222222
23.97277777777778
26.011296296296297
23.18574074074074
23.78037037037037
20.45574074074074
22.10425925925926
24.08851851851852
21.756296296296295
22.15277777777778
23.663703703703703
27.957962962962963
24.39314814814815
23.63574074074074
22.06111111111111
21.13851851851852
22.98314814814815
21.908703703703704
25.11074074074074
21.709629629629628
24.124814814814815
24.376666666666665
20.92222222222222
21.900185185185187
20.16037037037037
20.527407407407406
21.506296296296295
20.912777777777777
20.855555555555554
23.519074074074073
20.69611111111111
21.06888888888889
18.722592592592594
22.221851851851852
19.99185185185185
21.61
21.86
24.744629629629628
21.02611111111111
19.893333333333334
22.123333333333335
21.25814814814815
23.55
22.638703703703705
21.391666666666666
21.006666666666668
23.090925925925927
22.477037037037036
21.946666666666665
24.060555555555556
22.235
22.944814814814816
21.924629629629628
19.11259259259259
